DRS,Date,Infimo,Mediana,Sup,Regiao
I,2020-07-04,202868.571428571,202868.571428571,202868.571428571,Grande São Paulo
I,2020-07-05,207244.551394634,207249.098680126,207612.031378063,Grande São Paulo
I,2020-07-06,211536.518820412,211579.654812843,212262.731401293,Grande São Paulo
I,2020-07-07,215761.031057363,215876.689962713,216849.917779005,Grande São Paulo
I,2020-07-08,219930.096238673,220149.557550971,221387.773671077,Grande São Paulo
I,2020-07-09,224052.673086988,224403.587096555,225883.316561885,Grande São Paulo
I,2020-07-10,197515.894018722,228641.735670357,240754.405898184,Grande São Paulo
I,2020-07-11,201021.233980341,232865.299185341,245373.05187122,Grande São Paulo
I,2020-07-12,204500.700501963,237074.450259313,249951.56259559,Grande São Paulo
I,2020-07-13,207957.417898123,241268.695726212,254488.659596834,Grande São Paulo
I,2020-07-14,211394.020816196,245446.909051244,258982.1029915,Grande São Paulo
I,2020-07-15,214812.788885034,249607.520973048,263432.261934519,Grande São Paulo
I,2020-07-16,218215.819434783,253747.547536538,267863.484332896,Grande São Paulo
I,2020-07-17,221605.100233264,257868.164716218,272255.192931222,Grande São Paulo
I,2020-07-18,224982.488467853,261966.572799421,276670.076344399,Grande São Paulo
I,2020-07-19,228349.719446664,266041.013623793,281077.427369509,Grande São Paulo
I,2020-07-20,231708.442937093,270089.644949063,285470.728325761,Grande São Paulo
I,2020-07-21,235060.186407828,274110.138813031,289851.551298549,Grande São Paulo
I,2020-07-22,238406.369086568,278099.81359542,294221.332922966,Grande São Paulo
I,2020-07-23,241748.390376126,282056.394367122,298581.510042214,Grande São Paulo
I,2020-07-24,245087.646844298,285978.098492522,302933.541540924,Grande São Paulo
I,2020-07-25,248183.584312264,289863.080256509,307278.809837064,Grande São Paulo
I,2020-07-26,251203.417773036,293709.309218991,311618.59256184,Grande São Paulo
I,2020-07-27,254195.696619898,297565.272447117,315954.091837347,Grande São Paulo
I,2020-07-28,257160.978922367,301418.407593108,320286.358260412,Grande São Paulo
I,2020-07-29,260099.39821851,305356.66893811,324619.460397492,Grande São Paulo
I,2020-07-30,263011.581044187,309263.431448934,328986.061819719,Grande São Paulo
I,2020-07-31,265898.762069336,312891.307071344,333357.652001609,Grande São Paulo
I,2020-08-01,268762.074324004,316479.154649365,337735.501007593,Grande São Paulo
I,2020-08-02,271602.373256009,320167.382328832,342120.62384911,Grande São Paulo
I,2020-08-03,274420.464627263,323808.378363204,346513.930825657,Grande São Paulo
I,2020-08-04,277216.613915938,327302.568320422,350915.848338315,Grande São Paulo
I,2020-08-05,279990.683037565,330851.436212364,355326.381539275,Grande São Paulo
I,2020-08-06,282743.003644519,334368.291064034,359745.769363967,Grande São Paulo
I,2020-08-07,285474.499743273,337853.587749977,364174.62786168,Grande São Paulo
I,2020-08-08,288185.999305344,341694.389521034,368613.448938735,Grande São Paulo
I,2020-08-09,290878.062826367,345609.852882128,373062.450182441,Grande São Paulo
I,2020-08-10,293551.205218005,349531.618836408,377521.731427945,Grande São Paulo
I,2020-08-11,296205.423823405,353412.546875063,381990.893014423,Grande São Paulo
I,2020-08-12,298840.335231551,357071.366691252,386469.106187907,Grande São Paulo
I,2020-08-13,301456.006520209,360642.788378551,390955.771087768,Grande São Paulo
I,2020-08-14,304053.084088688,363978.853482815,395450.673202948,Grande São Paulo
I,2020-08-15,306285.301145006,367272.767374062,399953.475238302,Grande São Paulo
I,2020-08-16,308359.955061102,370523.535103224,404463.567047768,Grande São Paulo
I,2020-08-17,310202.993061934,373730.201774796,408980.228257155,Grande São Paulo
I,2020-08-18,311989.289975851,376891.635948979,413502.248799835,Grande São Paulo
I,2020-08-19,313719.431700439,380006.594082039,418028.007791385,Grande São Paulo
I,2020-08-20,315394.293183362,383074.099899401,422556.12861819,Grande São Paulo
I,2020-08-21,317015.057648394,386093.523536405,427085.645332196,Grande São Paulo
I,2020-08-22,318582.89810585,389064.287794146,431615.494767707,Grande São Paulo
I,2020-08-23,320098.91591197,391985.790304488,436144.369078413,Grande São Paulo
I,2020-08-24,321564.236954097,394857.495226637,440670.881697818,Grande São Paulo
I,2020-08-25,322979.841941099,397678.74345856,445193.196123132,Grande São Paulo
I,2020-08-26,324346.638284795,400448.807925537,449709.111581109,Grande São Paulo
I,2020-08-27,325665.733975304,403167.212854256,454216.704189466,Grande São Paulo
I,2020-08-28,326938.456723783,405833.801542744,458714.498134923,Grande São Paulo
I,2020-08-29,328166.105268263,408448.479522159,463200.966362484,Grande São Paulo
I,2020-08-30,329349.901201698,411011.1444234,467674.387369915,Grande São Paulo
I,2020-08-31,330491.063722144,413521.761522358,472133.009785392,Grande São Paulo
I,2020-09-01,331590.680401364,415980.201004365,476574.695154552,Grande São Paulo
I,2020-09-02,332649.763726343,418386.283936539,480997.006639367,Grande São Paulo
I,2020-09-03,333669.457148695,420740.045108205,485397.822485255,Grande São Paulo
I,2020-09-04,334651.053948695,423041.790025039,489775.50533016,Grande São Paulo
I,2020-09-05,335595.806926231,425291.875764757,494128.420023779,Grande São Paulo
I,2020-09-06,336504.891894651,427490.649831281,498454.795669936,Grande São Paulo
I,2020-09-07,337379.46540208,429638.511552024,502752.883170886,Grande São Paulo
I,2020-09-08,338220.568180266,431735.775920886,507020.617070585,Grande São Paulo
I,2020-09-09,339029.169252723,433782.711470267,511255.702626,Grande São Paulo
I,2020-09-10,339806.31942737,435779.753530888,515456.188325678,Grande São Paulo
I,2020-09-11,340553.169175715,437727.55203483,519620.626580434,Grande São Paulo
I,2020-09-12,341270.825107407,439626.78884965,523747.616961186,Grande São Paulo
I,2020-09-13,341960.322914932,441434.733737032,527835.674547045,Grande São Paulo
I,2020-09-14,342622.671605453,443138.526251028,531883.375415826,Grande São Paulo
I,2020-09-15,343258.782271055,444792.925490225,535889.042005939,Grande São Paulo
I,2020-09-16,343869.502148748,446398.729181239,539850.824533499,Grande São Paulo
I,2020-09-17,344455.72812804,447956.868549462,543767.222620186,Grande São Paulo
I,2020-09-18,345018.422929546,449468.463169595,547637.232221155,Grande São Paulo
I,2020-09-19,345558.507893595,450934.641270483,551459.921807597,Grande São Paulo
I,2020-09-20,346076.843157164,452356.486194582,555234.308649269,Grande São Paulo
I,2020-09-21,346574.26126294,453735.08302971,558959.489126655,Grande São Paulo
I,2020-09-22,347051.514983865,455071.410189661,562634.351467399,Grande São Paulo
I,2020-09-23,347509.303344638,456366.367277294,566257.649119292,Grande São Paulo
I,2020-09-24,347948.355115636,457620.940164047,569828.466255976,Grande São Paulo
I,2020-09-25,348369.442854209,458836.246451103,573346.348297454,Grande São Paulo
I,2020-09-26,348773.303277909,460013.394575386,576810.917023657,Grande São Paulo
I,2020-09-27,349160.622790298,461201.50079085,580221.756810621,Grande São Paulo
I,2020-09-28,349532.062816432,462722.836264153,583578.528814117,Grande São Paulo
I,2020-09-29,349888.221705363,464212.963349465,586880.713907798,Grande São Paulo
I,2020-09-30,350229.654422037,465672.074195827,590127.677289815,Grande São Paulo
I,2020-10-01,350556.93373916,467100.558518539,593319.077106055,Grande São Paulo
I,2020-10-02,350870.662026001,468499.085090423,596454.978196778,Grande São Paulo
I,2020-10-03,351171.412288925,469583.000745192,599535.509760594,Grande São Paulo
I,2020-10-04,351459.717587474,470604.784655868,602560.763306415,Grande São Paulo
I,2020-10-05,351736.090009719,471596.154835817,605530.891355827,Grande São Paulo
I,2020-10-06,352000.992871704,472557.866860884,608445.881854965,Grande São Paulo
I,2020-10-07,352254.855508871,473490.626592173,611305.6143544,Grande São Paulo
I,2020-10-08,352498.118017456,474395.176716477,614110.214231573,Grande São Paulo
I,2020-10-09,352731.240912688,475272.320192096,616860.150733242,Grande São Paulo
I,2020-10-10,352954.661526598,476122.844135762,619555.938057828,Grande São Paulo
I,2020-10-11,353168.786238485,476947.499135015,622198.045959133,Grande São Paulo
I,2020-10-12,353374.004620218,477747.020619592,624786.984399693,Grande São Paulo
I,2020-10-13,353570.669132538,478522.085259168,627323.108956996,Grande São Paulo
I,2020-10-14,353759.106178191,479273.324994486,629806.669331138,Grande São Paulo
I,2020-10-15,353939.648769855,480001.39556161,632238.113523178,Grande São Paulo
I,2020-10-16,354112.644308458,480706.99585835,634618.171854034,Grande São Paulo
I,2020-10-17,354278.422339991,481390.807768836,636947.59984818,Grande São Paulo
I,2020-10-18,354437.288824511,482053.479996489,639227.101434687,Grande São Paulo
I,2020-10-19,354589.536649173,482695.645222114,641457.401183359,Grande São Paulo
I,2020-10-20,354735.430775661,483317.886020744,643639.078735119,Grande São Paulo
I,2020-10-21,354875.216474285,483920.746149632,645772.610435799,Grande São Paulo
I,2020-10-22,355009.143158862,484504.78472641,647858.628666505,Grande São Paulo
I,2020-10-23,355137.470580346,485070.592140046,649897.993620797,Grande São Paulo
I,2020-10-24,355260.444966387,485618.742526939,651891.574607937,Grande São Paulo
I,2020-10-25,355378.294773372,486149.781123797,653840.18500157,Grande São Paulo
I,2020-10-26,355491.2384874,486664.237992545,655744.643620588,Grande São Paulo
I,2020-10-27,355599.473737499,487162.601373069,657605.635254853,Grande São Paulo
I,2020-10-28,355703.18342133,487645.326706344,659423.746156531,Grande São Paulo
I,2020-10-29,355802.553089428,488112.879430388,661199.683913449,Grande São Paulo
I,2020-10-30,355897.775842394,488565.748001387,662934.338649306,Grande São Paulo
I,2020-10-31,355989.034652232,489004.406351519,664628.598425981,Grande São Paulo
I,2020-11-01,356076.499199258,489429.303968884,666283.294633267,Grande São Paulo
I,2020-11-02,356160.331657713,489840.876844751,667899.253936411,Grande São Paulo
I,2020-11-03,356240.678698526,490239.526613873,669477.181560163,Grande São Paulo
I,2020-11-04,356317.676046561,490625.627732563,671017.691312469,Grande São Paulo
I,2020-11-05,356391.461158222,490999.561268261,672521.491221113,Grande São Paulo
I,2020-11-06,356462.177078429,491361.725530788,673989.435646198,Grande São Paulo
I,2020-11-07,356529.959321786,491712.506382285,675422.370203116,Grande São Paulo
I,2020-11-08,356594.933507535,492052.269429202,676821.086134745,Grande São Paulo
I,2020-11-09,356657.219651798,492381.368737135,678186.487636792,Grande São Paulo
I,2020-11-10,356716.926279852,492700.130471442,679530.355438585,Grande São Paulo
I,2020-11-11,356774.153820183,493008.858589503,680841.907660711,Grande São Paulo
I,2020-11-12,356829.003848974,493307.861517161,682121.784568994,Grande São Paulo
I,2020-11-13,356881.582122564,493597.460820572,683370.78675867,Grande São Paulo
I,2020-11-14,356931.988825126,493877.967687531,684589.702727479,Grande São Paulo
I,2020-11-15,356980.316793705,494149.676759043,685779.25840993,Grande São Paulo
I,2020-11-16,357026.654705439,494412.873059666,686940.166181636,Grande São Paulo
I,2020-11-17,357071.082733212,494667.819139801,688073.0172406,Grande São Paulo
I,2020-11-18,357113.675078224,494914.759582203,689178.30977723,Grande São Paulo
I,2020-11-19,357154.506710119,495153.942067176,690256.623294551,Grande São Paulo
I,2020-11-20,357193.655750702,495385.624447544,691308.668639616,Grande São Paulo
I,2020-11-21,357231.196210396,495610.056082461,692335.143564225,Grande São Paulo
I,2020-11-22,357267.196651645,495827.472946416,693336.69055387,Grande São Paulo
I,2020-11-23,357301.722558731,496038.103138873,694313.937862144,Grande São Paulo
I,2020-11-24,357334.833125149,496242.156755515,695267.409963442,Grande São Paulo
I,2020-11-25,357366.583148108,496439.829454672,696197.550850212,Grande São Paulo
I,2020-11-26,357397.02794139,496631.319098715,697104.870218902,Grande São Paulo
I,2020-11-27,357426.225210629,496816.8315323,697989.985975863,Grande São Paulo
I,2020-11-28,357454.229632665,496996.565736333,698853.5032778,Grande São Paulo
I,2020-11-29,357481.091845928,497170.709936412,699695.979270411,Grande São Paulo
I,2020-11-30,357506.860215367,497339.445984389,700517.957400948,Grande São Paulo
I,2020-12-01,357531.57845153,497502.941360797,701319.892916341,Grande São Paulo
I,2020-12-02,357555.287032002,497661.351999224,702102.172053809,Grande São Paulo
I,2020-12-03,357578.026780607,497814.835440535,702865.234549714,Grande São Paulo
I,2020-12-04,357599.840344899,497963.555559936,703648.628837071,Grande São Paulo
I,2020-12-05,357620.768142612,498107.670733575,704518.347852483,Grande São Paulo
I,2020-12-06,357640.847596853,498247.330732169,705368.075758061,Grande São Paulo
I,2020-12-07,357660.114452957,498382.680208243,706198.30421763,Grande São Paulo
I,2020-12-08,357678.601010154,498513.852366722,707009.39580562,Grande São Paulo
I,2020-12-09,357696.337191641,498640.971205073,707801.618301217,Grande São Paulo
I,2020-12-10,357713.353150141,498764.16191806,708575.337447997,Grande São Paulo
I,2020-12-11,357729.680434214,498883.554772906,709331.067356605,Grande São Paulo
I,2020-12-12,357745.348950822,498999.275656457,710069.307656113,Grande São Paulo
I,2020-12-13,357760.386384392,499111.443588131,710790.498433452,Grande São Paulo
I,2020-12-14,357774.819181334,499220.173498592,711495.068173266,Grande São Paulo
I,2020-12-15,357788.671233868,499325.571209194,712183.335432361,Grande São Paulo
I,2020-12-16,357801.964688521,499427.735212653,712855.537441274,Grande São Paulo
I,2020-12-17,357814.721840727,499526.764908899,713511.99326887,Grande São Paulo
I,2020-12-18,357826.966057519,499622.763789293,714153.146975364,Grande São Paulo
I,2020-12-19,357838.719496834,499715.831868941,714779.429757126,Grande São Paulo
I,2020-12-20,357850.002665113,499806.063689951,715391.22177991,Grande São Paulo
I,2020-12-21,357860.835154909,499893.550538655,715988.892634799,Grande São Paulo
I,2020-12-22,357871.234663188,499978.376454445,716572.718547223,Grande São Paulo
I,2020-12-23,357881.217604543,500060.61964906,717142.90620123,Grande São Paulo
I,2020-12-24,357890.800486631,500140.359030335,717699.730771402,Grande São Paulo
I,2020-12-25,357900.000641849,500217.676825164,718243.572920472,Grande São Paulo
I,2020-12-26,357908.834511368,500292.652507955,718774.802081913,Grande São Paulo
I,2020-12-27,357917.317307409,500365.361193401,719293.744118733,Grande São Paulo
I,2020-12-28,357925.463567068,500435.875408502,719800.71545705,Grande São Paulo
I,2020-12-29,357933.286418558,500504.261912942,720295.953366706,Grande São Paulo
II,2020-07-04,2080.14285714286,2080.14285714286,2080.14285714286,Araçatuba
II,2020-07-05,2169.3874270112,2169.64184269818,2177.29696077606,Araçatuba
II,2020-07-06,2263.0352655694,2263.72980800955,2278.58244578241,Araçatuba
II,2020-07-07,2359.80701155292,2362.6055778465,2384.12471032399,Araçatuba
II,2020-07-08,2459.62361121194,2465.76313598669,2493.0974873561,Araçatuba
II,2020-07-09,2562.27761384033,2573.06101854235,2605.27178898374,Araçatuba
II,2020-07-10,2309.6042748456,2684.45705480273,2843.55120471054,Araçatuba
II,2020-07-11,2403.1332326512,2799.9568925898,2967.23285054152,Araçatuba
II,2020-07-12,2498.94575526163,2919.42289553952,3094.08310560203,Araçatuba
II,2020-07-13,2597.05056941108,3043.15705098928,3224.09090455375,Araçatuba
II,2020-07-14,2697.47352144619,3171.08089270853,3357.23742971835,Araçatuba
II,2020-07-15,2800.25255928495,3303.21488451893,3493.4938269752,Araçatuba
II,2020-07-16,2905.43528644971,3439.57579410384,3632.83223760743,Araçatuba
II,2020-07-17,3013.07692309697,3579.11599465924,3775.22778390307,Araçatuba
II,2020-07-18,3123.23757558333,3712.08584378418,3921.30165880182,Araçatuba
II,2020-07-19,3235.98023096792,3847.45422136568,4073.42464678876,Araçatuba
II,2020-07-20,3351.37049060781,3985.72845652103,4229.78017399646,Araçatuba
II,2020-07-21,3462.92471781643,4131.51338975214,4390.52551169839,Araçatuba
II,2020-07-22,3575.98351204673,4280.3315780775,4555.82196360522,Araçatuba
II,2020-07-23,3691.03195246679,4432.13801265229,4725.83590441427,Araçatuba
II,2020-07-24,3808.14425200829,4586.87794723091,4900.73855495342,Araçatuba
II,2020-07-25,3927.3962850433,4750.59589424164,5080.70259495999,Araçatuba
II,2020-07-26,4048.85758749914,4925.31327039185,5265.89923964258,Araçatuba
II,2020-07-27,4172.60166369511,5106.01507842404,5459.09422196857,Araçatuba
II,2020-07-28,4298.69139114279,5277.93788758535,5659.58475949729,Araçatuba
II,2020-07-29,4427.18148690345,5452.02859591629,5866.55129608962,Araçatuba
II,2020-07-30,4558.13273513585,5628.84822697499,6080.18344343407,Araçatuba
II,2020-07-31,4691.61789331743,5808.4104229748,6300.65554416246,Araçatuba
II,2020-08-01,4827.70633874369,5991.6254792879,6528.11332319561,Araçatuba
II,2020-08-02,4966.45457624265,6177.21121053416,6762.66284336434,Araçatuba
II,2020-08-03,5107.91625487323,6364.94162999435,7004.36794783964,Araçatuba
II,2020-08-04,5252.12543713645,6554.57164720944,7253.23541555265,Araçatuba
II,2020-08-05,5399.09931778104,6752.64574460831,7509.20945305336,Araçatuba
II,2020-08-06,5548.85239669409,6954.09559415493,7772.17120766836,Araçatuba
II,2020-08-07,5690.37762938235,7158.62171209004,8041.93743288935,Araçatuba
II,2020-08-08,5815.37037974794,7351.38277394467,8318.24876804774,Araçatuba
II,2020-08-09,5939.42769461035,7542.28217877911,8600.76393775784,Araçatuba
II,2020-08-10,6062.40765814416,7732.79296713301,8889.06728630436,Araçatuba
II,2020-08-11,6184.15923824049,7922.62755261793,9182.66520862395,Araçatuba
II,2020-08-12,6304.52946820962,8111.50202393252,9480.99700892674,Araçatuba
II,2020-08-13,6423.38188657881,8299.14632648211,9783.45237122921,Araçatuba
II,2020-08-14,6540.60611195962,8475.44421823483,10089.3893179705,Araçatuba
II,2020-08-15,6656.10117904157,8638.98182508474,10398.1405240354,Araçatuba
II,2020-08-16,6769.7671144858,8799.30737552721,10722.1992447343,Araçatuba
II,2020-08-17,6881.51919946901,8969.13493154057,11049.4945739844,Araçatuba
II,2020-08-18,6991.27251965317,9122.63776231185,11379.0455397038,Araçatuba
II,2020-08-19,7098.94743606348,9272.84974240622,11710.3158116789,Araçatuba
II,2020-08-20,7204.48308913504,9419.76887084937,12042.8189454131,Araçatuba
II,2020-08-21,7307.84443187454,9563.40548371145,12376.1430924757,Araçatuba
II,2020-08-22,7409.00659980805,9703.77754917186,12709.9145064836,Araçatuba
II,2020-08-23,7507.9467685385,9840.90800893336,13043.7768393148,Araçatuba
II,2020-08-24,7604.65484250412,9981.35091919099,13377.4192203102,Araçatuba
II,2020-08-25,7699.11960764611,10152.5779872112,13710.5377981552,Araçatuba
II,2020-08-26,7791.33252174372,10339.0245871259,14042.8466504008,Araçatuba
II,2020-08-27,7881.29750406569,10525.9747629966,14374.1058300009,Araçatuba
II,2020-08-28,7969.03632202155,10711.4167169673,14704.1378348429,Araçatuba
II,2020-08-29,8054.57537670754,10895.2033221133,15032.7877832958,Araçatuba
II,2020-08-30,8137.93920299785,11077.1930621394,15359.9021162306,Araçatuba
II,2020-08-31,8219.15907299603,11257.2619207327,15685.353926141,Araçatuba
II,2020-09-01,8298.26188234634,11435.2896869082,16009.0067376496,Araçatuba
II,2020-09-02,8375.27337871686,11611.1652577092,16330.7243509005,Araçatuba
II,2020-09-03,8450.225838371,11784.7979398604,16650.3980211773,Araçatuba
II,2020-09-04,8523.16271511848,11956.1249517925,16967.9619450636,Araçatuba
II,2020-09-05,8594.12823827486,12125.0969823422,17283.3573595638,Araçatuba
II,2020-09-06,8663.1627428868,12291.6698486546,17596.5149314432,Araçatuba
II,2020-09-07,8730.30977545442,12442.7476636286,17907.3793655719,Araçatuba
II,2020-09-08,8795.60747986564,12581.9678951451,18215.8773202397,Araçatuba
II,2020-09-09,8859.09139879608,12718.5522572658,18521.9270942429,Araçatuba
II,2020-09-10,8920.80052868376,12852.5207554041,18825.4643610106,Araçatuba
II,2020-09-11,8980.78128852021,12983.8996104826,19126.4568386054,Araçatuba
II,2020-09-12,9039.07938588604,13112.7164095263,19424.8726455772,Araçatuba
II,2020-09-13,9095.73645056682,13238.9976880794,19720.6655422173,Araçatuba
II,2020-09-14,9150.79577504537,13362.7722947564,20013.7983220874,Araçatuba
II,2020-09-15,9204.29558929244,13484.067144524,20304.2144119025,Araçatuba
II,2020-09-16,9256.27137071597,13602.9083796115,20591.8472615152,Araçatuba
II,2020-09-17,9306.76054395357,13719.3244144201,20876.6438393363,Araçatuba
II,2020-09-18,9355.80577308752,13833.3480617796,21158.5782976049,Araçatuba
II,2020-09-19,9403.44856870021,13945.0126697813,21437.6243729179,Araçatuba
II,2020-09-20,9449.72679816028,14054.3502582172,21713.7426304625,Araçatuba
II,2020-09-21,9494.67925870402,14161.3943853292,21986.9021953236,Araçatuba
II,2020-09-22,9538.34038891008,14266.1766951374,22257.0555113195,Araçatuba
II,2020-09-23,9580.742123946,14368.7279079067,22524.147045979,Araçatuba
II,2020-09-24,9621.91752460916,14469.0802642044,22788.1339804349,Araçatuba
II,2020-09-25,9661.9034761061,14567.2693120613,23048.9984978478,Araçatuba
II,2020-09-26,9700.73565799654,14663.330768705,23306.723737534,Araçatuba
II,2020-09-27,9738.44666515129,14757.2990167844,23561.2823811744,Araçatuba
II,2020-09-28,9775.06964077636,14849.2094754902,23812.6563104546,Araçatuba
II,2020-09-29,9810.63410468037,14939.0957706782,24060.8141299641,Araçatuba
II,2020-09-30,9845.16742642177,15026.9905328887,24305.7188370348,Araçatuba
II,2020-10-01,9878.69763343817,15112.9273434853,24547.3455511692,Araçatuba
II,2020-10-02,9911.25561307578,15196.9422127346,24785.6922586158,Araçatuba
II,2020-10-03,9942.87115284318,15279.0710332139,25020.758920084,Araçatuba
II,2020-10-04,9973.5714988948,15359.3483625649,25252.5371476245,Araçatuba
II,2020-10-05,10003.3842442191,15437.8093746151,25481.0276327343,Araçatuba
II,2020-10-06,10032.3340302694,15514.4875532999,25706.220283264,Araçatuba
II,2020-10-07,10060.4437065954,15589.4153275621,25928.100746911,Araçatuba
II,2020-10-08,10087.7365139029,15662.625632153,26146.6654090037,Araçatuba
II,2020-10-09,10114.2378757764,15734.1531308219,26361.9306749088,Araçatuba
II,2020-10-10,10139.9722749721,15804.032156937,26573.9149420529,Araçatuba
II,2020-10-11,10164.9621334028,15872.2957341031,26782.6293623112,Araçatuba
II,2020-10-12,10189.2301109878,15938.9771805835,26988.0930926286,Araçatuba
II,2020-10-13,10212.7964916665,16004.1082412701,27190.315975419,Araçatuba
II,2020-10-14,10235.6800893181,16067.719590189,27389.3039667224,Araçatuba
II,2020-10-15,10257.8999550428,16129.8420929164,27585.0718002825,Araçatuba
II,2020-10-16,10279.4768328795,16190.5078213239,27777.6509940968,Araçatuba
II,2020-10-17,10300.4306870278,16249.7483895305,27967.0744190326,Araçatuba
II,2020-10-18,10320.7798238744,16307.594169318,28153.3681826109,Araçatuba
II,2020-10-19,10340.5427247228,16364.0756087449,28336.5648634641,Araçatuba
II,2020-10-20,10359.7359689856,16419.2217237666,28516.6886138655,Araçatuba
II,2020-10-21,10378.3749379958,16473.060494323,28693.7596093417,Araçatuba
II,2020-10-22,10396.4751591707,16525.6198921169,28867.8047863396,Araçatuba
II,2020-10-23,10414.0534884995,16576.9287239177,29038.8647625769,Araçatuba
II,2020-10-24,10431.1261447192,16627.0152849141,29206.9807138671,Araçatuba
II,2020-10-25,10447.7080167656,16675.9067309499,29372.1873614919,Araçatuba
II,2020-10-26,10463.8141283316,16723.630161941,29534.5243943282,Araçatuba
II,2020-10-27,10479.4579831077,16770.2114046417,29694.0237902633,Araçatuba
II,2020-10-28,10494.6521100047,16815.6753241267,29850.7134177882,Araçatuba
II,2020-10-29,10509.4091286265,16860.0466643567,30004.6261930465,Araçatuba
II,2020-10-30,10523.7427106428,16903.3507498333,30155.806071468,Araçatuba
II,2020-10-31,10537.6660098168,16945.6123927611,30304.2969286668,Araçatuba
II,2020-11-01,10551.1911128699,16986.8553901028,30450.1365710499,Araçatuba
II,2020-11-02,10560.6738695593,17027.1034140297,30593.3665564001,Araçatuba
II,2020-11-03,10569.8330291325,17066.3790283728,30734.0214756591,Araçatuba
II,2020-11-04,10578.7020805183,17104.7039335976,30872.1318324533,Araçatuba
II,2020-11-05,10587.2907799633,17142.0996562877,31007.7318907151,Araçatuba
II,2020-11-06,10595.6089217878,17178.5881333688,31140.8648628062,Araçatuba
II,2020-11-07,10603.6658762308,17214.1908222406,31271.5734978434,Araçatuba
II,2020-11-08,10611.470472682,17248.928296572,31399.8949982539,Araçatuba
II,2020-11-09,10619.031341069,17282.8209786868,31525.8694399731,Araçatuba
II,2020-11-10,10626.3565647508,17315.8883427664,31649.5307406663,Araçatuba
II,2020-11-11,10633.4538032697,17348.1491079292,31770.9089344402,Araçatuba
II,2020-11-12,10640.3305567306,17379.621804717,31890.0369182034,Araçatuba
II,2020-11-13,10646.9943643488,17410.3252616103,32006.9549386217,Araçatuba
II,2020-11-14,10653.4524428158,17440.277877826,32121.7026190087,Araçatuba
II,2020-11-15,10659.7116006451,17469.4972970625,32234.3146549706,Araçatuba
II,2020-11-16,10665.7784980246,17498.0010103087,32344.8280183174,Araçatuba
II,2020-11-17,10671.6593782961,17525.805708113,32453.274352566,Araçatuba
II,2020-11-18,10677.3601586138,17552.9274332853,32559.6817501588,Araçatuba
II,2020-11-19,10682.8866409449,17579.3820465989,32664.0805593725,Araçatuba
II,2020-11-20,10688.2446665061,17605.1856317208,32766.5072572715,Araçatuba
II,2020-11-21,10693.4398306241,17630.3538988387,32866.9976840392,Araçatuba
II,2020-11-22,10698.477419007,17654.9019200607,32965.583398871,Araçatuba
II,2020-11-23,10703.3626070441,17678.8446257631,33062.2978316446,Araçatuba
II,2020-11-24,10708.1002501633,17702.1962760361,33157.1698769463,Araçatuba
II,2020-11-25,10712.6949513624,17724.9705819903,33250.2252698038,Araçatuba
II,2020-11-26,10717.1512302543,17747.1810885721,33341.4915827183,Araçatuba
II,2020-11-27,10721.4736437591,17768.8415112364,33431.0015608881,Araçatuba
II,2020-11-28,10725.6665599264,17789.9652453125,33518.7873715967,Araçatuba
II,2020-11-29,10729.734109958,17810.5651504691,33604.8775172802,Araçatuba
II,2020-11-30,10733.6803423347,17830.6539594151,33689.3020787183,Araçatuba
II,2020-12-01,10737.5090578186,17850.2438450194,33772.0873136456,Araçatuba
II,2020-12-02,10741.2238603931,17869.34651725,33853.2567144976,Araçatuba
II,2020-12-03,10744.8282931933,17887.9735377787,33932.835302974,Araçatuba
II,2020-12-04,10748.3259333141,17906.1365995799,34010.8524951405,Araçatuba
II,2020-12-05,10751.7202115071,17923.8471222644,34087.3372080797,Araçatuba
II,2020-12-06,10755.0143756881,17941.1160759636,34162.3152441681,Araçatuba
II,2020-12-07,10758.2116111118,17957.9543178258,34235.8137508146,Araçatuba
II,2020-12-08,10761.3149095658,17974.3722363888,34307.8566625416,Araçatuba
II,2020-12-09,10764.3271083739,17990.3798296824,34378.4655113057,Araçatuba
II,2020-12-10,10767.2510000587,18005.9869637974,34447.6631103776,Araçatuba
II,2020-12-11,10770.0894071915,18021.2036048977,34515.4760095897,Araçatuba
II,2020-12-12,10772.8450380343,18036.039484865,34581.9303299527,Araçatuba
II,2020-12-13,10775.5204585151,18050.5039571855,34647.0495483793,Araçatuba
II,2020-12-14,10778.1181866649,18064.6062740036,34710.8582826321,Araçatuba
II,2020-12-15,10780.6405882177,18078.3552932525,34773.3784438169,Araçatuba
II,2020-12-16,10783.0899069594,18091.7595422569,34834.6298572783,Araçatuba
II,2020-12-17,10785.4683534527,18104.8274303896,34894.6334159178,Araçatuba
II,2020-12-18,10787.7781644067,18117.5674415546,34953.4131794025,Araçatuba
II,2020-12-19,10790.0214866396,18129.9878576101,35010.9928298296,Araçatuba
II,2020-12-20,10792.2003553584,18142.0966404519,35067.3937983245,Araçatuba
II,2020-12-21,10794.3167689087,18153.901660195,35122.6384698846,Araçatuba
II,2020-12-22,10796.3726049264,18165.4104535327,35176.7469359578,Araçatuba
II,2020-12-23,10798.3696443357,18176.6302761868,35229.7374723452,Araçatuba
II,2020-12-24,10800.3096433193,18187.5682780272,35281.6292326483,Araçatuba
II,2020-12-25,10802.1943806074,18198.2316628201,35332.4440394128,Araçatuba
II,2020-12-26,10804.0255638599,18208.6274592601,35382.2033711233,Araçatuba
II,2020-12-27,10805.8048126806,18218.7624245845,35430.9267813794,Araçatuba
II,2020-12-28,10807.5337181787,18228.6432326192,35478.634606351,Araçatuba
II,2020-12-29,10809.2137752285,18238.2762740735,35525.3452251164,Araçatuba
III,2020-07-04,2705.42857142857,2705.42857142857,2705.42857142857,Araraquara
III,2020-07-05,2782.58629104671,2783.25441440192,2790.25690153171,Araraquara
III,2020-07-06,2859.78315776617,2860.42382241123,2873.40687852055,Araraquara
III,2020-07-07,2937.3894955879,2937.75405599639,2956.79761085287,Araraquara
III,2020-07-08,3014.97027955594,3016.89059158575,3040.77915243948,Araraquara
III,2020-07-09,3093.27337358784,3097.53337649893,3125.60603979158,Araraquara
III,2020-07-10,2746.82790043264,3179.91074381575,3356.76419241511,Araraquara
III,2020-07-11,2816.68187709874,3264.19995247568,3448.01314576975,Araraquara
III,2020-07-12,2887.82952434297,3350.5424572717,3540.99726888399,Araraquara
III,2020-07-13,2960.41631239659,3439.05619356303,3635.87216736275,Araraquara
III,2020-07-14,3034.57527943104,3529.74796937564,3732.79104740277,Araraquara
III,2020-07-15,3110.43301139034,3622.82931249187,3831.91084693094,Araraquara
III,2020-07-16,3188.11354536874,3718.27202987049,3933.38722518698,Araraquara
III,2020-07-17,3267.73995939915,3816.09836961805,4037.38081583179,Araraquara
III,2020-07-18,3349.43216150562,3916.30615069323,4144.0480294526,Araraquara
III,2020-07-19,3427.57467174467,4018.87445396314,4253.53454549875,Araraquara
III,2020-07-20,3504.8042849372,4123.78100654771,4365.97478214946,Araraquara
III,2020-07-21,3583.09760808929,4230.23466527632,4481.47492215021,Araraquara
III,2020-07-22,3662.50845801241,4336.4780483911,4600.11091349075,Araraquara
III,2020-07-23,3743.08825688864,4445.55520589064,4721.93132355222,Araraquara
III,2020-07-24,3824.88901062989,4560.86635073021,4846.96507216336,Araraquara
III,2020-07-25,3907.94556190509,4673.75124208467,4975.21745905805,Araraquara
III,2020-07-26,3992.26891597009,4791.96307211742,5106.67758093182,Araraquara
III,2020-07-27,4077.85245073507,4910.50886572084,5241.33586967039,Araraquara
III,2020-07-28,4164.65777486033,5031.19260623709,5379.18217158311,Araraquara
III,2020-07-29,4252.62455359624,5153.97575479151,5520.21731766274,Araraquara
III,2020-07-30,4341.68418052946,5279.84228047796,5664.46306852596,Araraquara
III,2020-07-31,4431.77565508959,5409.34151680443,5811.97073866396,Araraquara
III,2020-08-01,4522.83638286608,5541.31836487717,5962.80742458423,Araraquara
III,2020-08-02,4614.80589813153,5675.82545687202,6117.05069098113,Araraquara
III,2020-08-03,4707.63952348299,5812.92657705885,6274.79339501363,Araraquara
III,2020-08-04,4801.29555876448,5952.68621055396,6436.12781602895,Araraquara
III,2020-08-05,4895.74403648568,6094.9981808123,6601.14957507823,Araraquara
III,2020-08-06,4990.97444167023,6236.73778409407,6769.96261735462,Araraquara
III,2020-08-07,5087.00428210602,6380.76474563335,6942.6867431484,Araraquara
III,2020-08-08,5183.85985638634,6527.09028138937,7119.44279247629,Araraquara
III,2020-08-09,5281.57079203366,6681.82415527462,7300.34729075819,Araraquara
III,2020-08-10,5380.17755727187,6839.45242339985,7485.51993184743,Araraquara
III,2020-08-11,5479.71317103583,6999.83768308784,7675.06761591267,Araraquara
III,2020-08-12,5580.21039302922,7157.06439089202,7869.09089168568,Araraquara
III,2020-08-13,5681.70802271798,7319.23280094207,8067.69032322073,Araraquara
III,2020-08-14,5784.26010155526,7475.81796479717,8270.97539267641,Araraquara
III,2020-08-15,5887.91836309715,7633.24330091381,8479.04954529214,Araraquara
III,2020-08-16,5992.72716770055,7791.29890281948,8692.00376849444,Araraquara
III,2020-08-17,6098.73350347536,7956.74322869471,8909.92510773436,Araraquara
III,2020-08-18,6205.9696799303,8125.18238488386,9132.87904076228,Araraquara
III,2020-08-19,6314.46279153625,8295.39491883372,9360.9162943263,Araraquara
III,2020-08-20,6424.24196767952,8467.28516981395,9594.0793130483,Araraquara
III,2020-08-21,6535.34867441981,8640.75708357966,9832.4107166103,Araraquara
III,2020-08-22,6647.82028969576,8815.71081531648,10075.9373601632,Araraquara
III,2020-08-23,6761.68454158195,8992.04166020941,10324.6622135129,Araraquara
III,2020-08-24,6876.97067906138,9169.64336319937,10578.5734243792,Araraquara
III,2020-08-25,6993.69185795944,9348.40405915914,10837.6255411105,Araraquara
III,2020-08-26,7111.85528305201,9528.20882193993,11101.7467502451,Araraquara
III,2020-08-27,7231.4695987779,9708.94168440934,11370.8465411531,Araraquara
III,2020-08-28,7352.55511087028,9890.48788787298,11644.8246070881,Araraquara
III,2020-08-29,7457.11078794951,10072.7297684605,11923.5557097427,Araraquara
III,2020-08-30,7550.07265915253,10255.5448277499,12206.8819187687,Araraquara
III,2020-08-31,7641.77037830998,10438.8085473844,12494.6239887458,Araraquara
III,2020-09-01,7732.12346864193,10622.3900069379,12786.5641363224,Araraquara
III,2020-09-02,7821.05547327404,10806.1541846101,13082.455490747,Araraquara
III,2020-09-03,7908.49877744693,10971.4129169184,13382.0329938629,Araraquara
III,2020-09-04,7994.39746299023,11131.4882511295,13685.02455349,Araraquara
III,2020-09-05,8078.70143925946,11289.4357762616,13991.1387502689,Araraquara
III,2020-09-06,8161.36410798407,11445.1640778475,14300.0592944004,Araraquara
III,2020-09-07,8242.34715320659,11598.5950367864,14611.4593714933,Araraquara
III,2020-09-08,8321.61492298691,11749.6580144094,14924.9872075186,Araraquara
III,2020-09-09,8399.13719464414,11898.2915788727,15240.2774592643,Araraquara
III,2020-09-10,8474.8927159126,12066.7489900897,15556.96446621,Araraquara
III,2020-09-11,8548.87094807494,12234.4633071288,15874.6944907389,Araraquara
III,2020-09-12,8621.06675466309,12400.3640847278,16193.1150933049,Araraquara
III,2020-09-13,8691.47800806032,12564.3462226465,16511.870321883,Araraquara
III,2020-09-14,8760.1090719388,12726.3151034674,16830.6151225898,Araraquara
III,2020-09-15,8826.96589565592,12886.1805014094,17149.0016665503,Araraquara
III,2020-09-16,8892.05785763562,13043.8592048521,17466.6894864791,Araraquara
III,2020-09-17,8955.40040024627,13199.2791745899,17783.3575245408,Araraquara
III,2020-09-18,9017.01617428735,13352.3822634381,18098.7142763691,Araraquara
III,2020-09-19,9076.93060280945,13503.1188665209,18412.4863351772,Araraquara
III,2020-09-20,9135.1698444762,13651.4449946143,18724.4120827462,Araraquara
III,2020-09-21,9191.76347377592,13797.3259323181,19034.2532544184,Araraquara
III,2020-09-22,9246.74055120432,13940.730763015,19341.7805279215,Araraquara
III,2020-09-23,9300.13102894136,14081.6341081281,19646.7805571815,Araraquara
III,2020-09-24,9351.9678836146,14220.0193661038,19949.0651676595,Araraquara
III,2020-09-25,9402.28804930331,14355.8806598715,20248.4785005177,Araraquara
III,2020-09-26,9451.12895895597,14489.2180922916,20544.8847055153,Araraquara
III,2020-09-27,9498.52701802775,14620.0350890703,20838.1604826246,Araraquara
III,2020-09-28,9544.51978429024,14748.341244513,21128.2038686037,Araraquara
III,2020-09-29,9589.14297901974,14874.1476626124,21414.9200907363,Araraquara
III,2020-09-30,9632.43165959577,14997.4682028375,21698.2263591017,Araraquara
III,2020-10-01,9674.42201652053,15118.3221480533,21978.0591537356,Araraquara
III,2020-10-02,9715.15220448517,15236.7357400386,22254.3796260975,Araraquara
III,2020-10-03,9754.65971441785,15352.738218368,22527.1619742767,Araraquara
III,2020-10-04,9792.98027700486,15466.3596308406,22796.3863602293,Araraquara
III,2020-10-05,9830.14965113453,15577.6331854317,23062.0462047871,Araraquara
III,2020-10-06,9866.20137401497,15686.5914754675,23324.1356868784,Araraquara
III,2020-10-07,9901.16774278234,15793.267497781,23582.6535752884,Araraquara
III,2020-10-08,9935.08131917084,15897.6969746957,23837.6097600405,Araraquara
III,2020-10-09,9967.97565281247,15999.9196803073,24089.0300089737,Araraquara
III,2020-10-10,9999.88327618197,16099.9762579784,24336.9459404848,Araraquara
III,2020-10-11,10030.834906361,16197.906514444,24581.3890972546,Araraquara
III,2020-10-12,10060.8608940113,16315.4764065976,24822.3974787142,Araraquara
III,2020-10-13,10089.9895096293,16434.351544925,25060.0050937089,Araraquara
III,2020-10-14,10118.2477456625,16551.1735622413,25294.4592315808,Araraquara
III,2020-10-15,10145.6625549317,16665.9412039279,25526.8466074094,Araraquara
III,2020-10-16,10172.2614543951,16778.6636744105,25755.9429595816,Araraquara
III,2020-10-17,10198.0709736968,16889.3529576755,25981.798529472,Araraquara
III,2020-10-18,10223.1160546032,16998.0196047229,26204.4592208699,Araraquara
III,2020-10-19,10247.4212110727,17104.6787506517,26423.9745822883,Araraquara
III,2020-10-20,10271.0092019173,17209.34197852,26640.3863209581,Araraquara
III,2020-10-21,10293.9016739263,17312.0209405808,26853.7323916098,Araraquara
III,2020-10-22,10316.1201687669,17412.7322618319,27064.0548241682,Araraquara
III,2020-10-23,10337.6866124943,17511.5008517404,27271.4051565604,Araraquara
III,2020-10-24,10358.6220992444,17608.3532411503,27475.8349835905,Araraquara
III,2020-10-25,10378.9464254019,17703.3139354254,27677.3907554106,Araraquara
III,2020-10-26,10398.6790133652,17796.4105324675,27876.1208238298,Araraquara
III,2020-10-27,10417.8378688028,17887.6667466377,28072.0657602062,Araraquara
III,2020-10-28,10436.4400921174,17977.1054696824,28265.2618026679,Araraquara
III,2020-10-29,10454.5026923801,18064.7530079979,28455.7480376592,Araraquara
III,2020-10-30,10472.0429781734,18150.6419073644,28643.5711929016,Araraquara
III,2020-10-31,10489.0775950341,18234.8052671334,28828.7774996149,Araraquara
III,2020-11-01,10505.6221562042,18317.273664449,29011.4082871467,Araraquara
III,2020-11-02,10521.6919781098,18398.079527376,29191.5061417102,Araraquara
III,2020-11-03,10537.3012525298,18477.2512274365,29369.1066477441,Araraquara
III,2020-11-04,10552.4634532666,18554.8156932316,29544.2412400867,Araraquara
III,2020-11-05,10567.1919929675,18630.8020912424,29716.9437285055,Araraquara
III,2020-11-06,10581.5005332381,18705.2442696744,29887.2544671654,Araraquara
III,2020-11-07,10595.4022181336,18778.1759406028,30055.2132802004,Araraquara
III,2020-11-08,10608.9093773216,18836.2537000361,30220.8556674999,Araraquara
III,2020-11-09,10622.0341132501,18887.4978359221,30384.2181637885,Araraquara
III,2020-11-10,10634.7876388561,18937.6119553557,30545.3312286431,Araraquara
III,2020-11-11,10647.1806022338,18986.6182244619,30704.2215881272,Araraquara
III,2020-11-12,10659.2236167883,19034.5390293606,30860.9181267489,Araraquara
III,2020-11-13,10670.9275069792,19081.3977057181,31015.4554904056,Araraquara
III,2020-11-14,10682.3026953654,19127.2171943147,31167.8679032372,Araraquara
III,2020-11-15,10693.358961808,19172.019325431,31318.1858657706,Araraquara
III,2020-11-16,10704.1059140592,19215.8258295468,31466.4408170908,Araraquara
III,2020-11-17,10714.5524548055,19258.657048491,31612.6589755952,Araraquara
III,2020-11-18,10724.7070423937,19300.5323250335,31756.8632637653,Araraquara
III,2020-11-19,10734.5781191366,19341.4711691411,31899.078607627,Araraquara
III,2020-11-20,10744.1743062883,19381.4938557699,32039.3350441587,Araraquara
III,2020-11-21,10753.5039124147,19420.620319526,32177.6623045955,Araraquara
III,2020-11-22,10762.5747368708,19458.8695601059,32314.0869242379,Araraquara
III,2020-11-23,10771.3944485032,19496.2604781759,32448.636305542,Araraquara
III,2020-11-24,10779.97015478,19532.8108079875,32581.3333602221,Araraquara
III,2020-11-25,10788.3086124814,19568.5374410918,32712.1981017593,Araraquara
III,2020-11-26,10796.4165740843,19603.4573929445,32841.2523960116,Araraquara
III,2020-11-27,10804.3009428285,19637.5882942575,32968.5226423447,Araraquara
III,2020-11-28,10811.9683774961,19670.9474805272,33094.0350252043,Araraquara
III,2020-11-29,10819.4251313434,19703.5514975344,33217.8129757667,Araraquara
III,2020-11-30,10826.6773580306,19735.4167935627,33339.8807210562,Araraquara
III,2020-12-01,10833.7307619561,19766.5588339174,33460.2586092442,Araraquara
III,2020-12-02,10840.5907695314,19796.9923714663,33578.9644392765,Araraquara
III,2020-12-03,10847.2628095801,19826.7322466656,33696.0177056786,Araraquara
III,2020-12-04,10853.7524370225,19855.7937927766,33811.4419149996,Araraquara
III,2020-12-05,10860.0650145588,19884.1920846837,33925.2604235253,Araraquara
III,2020-12-06,10866.2055802574,19911.9415275164,34037.494203368,Araraquara
III,2020-12-07,10872.1790955387,19939.0564305432,34148.1649491897,Araraquara
III,2020-12-08,10877.9901604998,19965.5502718004,34257.2909903474,Araraquara
III,2020-12-09,10883.6431538981,19991.4359252461,34364.888412025,Araraquara
III,2020-12-10,10889.1424603201,20016.7263222391,34470.9748359517,Araraquara
III,2020-12-11,10894.4925691357,20041.4347868602,34575.5714250187,Araraquara
III,2020-12-12,10899.6978177031,20065.5744152465,34678.6992360711,Araraquara
III,2020-12-13,10904.7622822678,20089.1577334382,34780.3772514388,Araraquara
III,2020-12-14,10909.689979568,20112.1971736224,34880.6251030595,Araraquara
III,2020-12-15,10914.4846344355,20134.7044630268,34979.4594915096,Araraquara
III,2020-12-16,10919.149794744,20156.6908153333,35076.8951404466,Araraquara
III,2020-12-17,10923.6890155812,20178.1674772013,35172.9481536858,Araraquara
III,2020-12-18,10928.1059386574,20199.1460066858,35267.6377528276,Araraquara
III,2020-12-19,10932.4040848357,20219.6377597129,35360.9830826857,Araraquara
III,2020-12-20,10936.5867640828,20239.653605624,35453.0014755267,Araraquara
III,2020-12-21,10940.657239782,20259.2043226959,35543.7108427683,Araraquara
III,2020-12-22,10944.6185385591,20278.3000901056,35633.1265338033,Araraquara
III,2020-12-23,10948.4735450584,20296.9506496635,35721.262155695,Araraquara
III,2020-12-24,10952.2251513449,20315.1657571296,35808.13254571,Araraquara
III,2020-12-25,10955.8763208155,20332.9554141329,35893.7552799006,Araraquara
III,2020-12-26,10959.4299203496,20350.3294427395,35978.1478759842,Araraquara
III,2020-12-27,10962.8886458843,20367.2972490649,36061.3262624426,Araraquara
III,2020-12-28,10966.2551566209,20383.8681519753,36143.3068802523,Araraquara
III,2020-12-29,10969.5319190781,20400.0509606313,36224.1039247252,Araraquara
IV,2020-07-04,23916.4285714286,23916.4285714286,23916.4285714286,Baixada Santista
IV,2020-07-05,24522.5177464972,24523.7926227738,24575.3928051237,Baixada Santista
IV,2020-07-06,25120.8672060305,25123.3769684975,25221.1879468367,Baixada Santista
IV,2020-07-07,25707.4750382782,25718.0864457134,25856.592036623,Baixada Santista
IV,2020-07-08,26283.3094834702,26305.4993121754,26480.8455346017,Baixada Santista
IV,2020-07-09,26848.1031635588,26884.6420395823,27096.0672933092,Baixada Santista
IV,2020-07-10,23723.9203154747,27454.6551838464,28952.8292272025,Baixada Santista
IV,2020-07-11,24193.5051782968,28014.8323212603,29572.5888436103,Baixada Santista
IV,2020-07-12,24653.4690765096,28564.5905858705,30179.8699992891,Baixada Santista
IV,2020-07-13,25104.0106612715,29103.6091400755,30774.1859643031,Baixada Santista
IV,2020-07-14,25545.4127364788,29631.4732735846,31355.0361414439,Baixada Santista
IV,2020-07-15,25978.0222491507,30147.7995390695,31924.3868955133,Baixada Santista
IV,2020-07-16,26402.2481366924,30652.3867020354,32481.9624291921,Baixada Santista
IV,2020-07-17,26818.5457511353,31145.1792801819,33026.8774841886,Baixada Santista
IV,2020-07-18,27227.393182644,31626.1688862286,33559.2717125435,Baixada Santista
IV,2020-07-19,27629.2760916882,32095.3625191889,34079.2136842821,Baixada Santista
IV,2020-07-20,28024.6818622017,32552.8175124938,34586.8197177636,Baixada Santista
IV,2020-07-21,28414.0860060277,33002.2288761028,35082.101458414,Baixada Santista
IV,2020-07-22,28797.9441054953,33453.7833227997,35573.3146866901,Baixada Santista
IV,2020-07-23,29176.698170332,33894.4532857682,36067.3979335079,Baixada Santista
IV,2020-07-24,29550.7746520358,34328.42195218,36555.1116077433,Baixada Santista
IV,2020-07-25,29920.5753358097,34755.1960524512,37036.9881634343,Baixada Santista
IV,2020-07-26,30281.2394956246,35174.7648289233,37513.5035930255,Baixada Santista
IV,2020-07-27,30602.7320122783,35587.3578969934,37985.1945045638,Baixada Santista
IV,2020-07-28,30915.035785697,35993.1576725013,38452.6765192454,Baixada Santista
IV,2020-07-29,31218.3356910499,36392.2865390195,38916.0339486012,Baixada Santista
IV,2020-07-30,31512.8193435336,36784.8719350889,39375.5838439025,Baixada Santista
IV,2020-07-31,31798.6774633815,37171.0613867857,39831.6508179953,Baixada Santista
IV,2020-08-01,32076.0986190424,37550.9835595895,40284.5280635254,Baixada Santista
IV,2020-08-02,32345.2674977755,37924.7376313016,40734.4663096473,Baixada Santista
IV,2020-08-03,32606.3668891739,38287.1938142237,41181.6950377013,Baixada Santista
IV,2020-08-04,32859.5750122105,38646.1863695197,41626.3994520383,Baixada Santista
IV,2020-08-05,33105.0644250961,39009.7358817178,42068.7105220921,Baixada Santista
IV,2020-08-06,33343.0070630936,39359.4270715028,42508.7553799259,Baixada Santista
IV,2020-08-07,33573.5755182774,39703.1942097992,42946.6733567395,Baixada Santista
IV,2020-08-08,33796.9400314236,40041.077204487,43382.5841361398,Baixada Santista
IV,2020-08-09,34013.267705193,40373.1009024292,43816.5785212435,Baixada Santista
IV,2020-08-10,34222.724170702,40699.2907942713,44248.7365706645,Baixada Santista
IV,2020-08-11,34425.4719619531,41010.540044822,44679.1076780393,Baixada Santista
IV,2020-08-12,34621.669785807,41307.3608809388,45107.7009093205,Baixada Santista
IV,2020-08-13,34811.4759769939,41624.1062239845,45534.5269940336,Baixada Santista
IV,2020-08-14,34995.0496119703,41935.8215867568,45959.6139784108,Baixada Santista
IV,2020-08-15,35172.5483768676,42242.5650863152,46382.9793629939,Baixada Santista
IV,2020-08-16,35344.1279240148,42534.0009778253,46804.6215459484,Baixada Santista
IV,2020-08-17,35509.9429448732,42819.4590865394,47224.5356547993,Baixada Santista
IV,2020-08-18,35670.1459063587,43099.1444895726,47642.6952950887,Baixada Santista
IV,2020-08-19,35824.8863479845,43373.0523419752,48059.043175556,Baixada Santista
IV,2020-08-20,35974.3131416993,43641.188009684,48473.5274362401,Baixada Santista
IV,2020-08-21,36118.5752802568,43903.5783150231,48886.1164773969,Baixada Santista
IV,2020-08-22,36257.8202226928,44160.2543877344,49296.7739149176,Baixada Santista
IV,2020-08-23,36392.1933009498,44411.2461467539,49705.4505475095,Baixada Santista
IV,2020-08-24,36521.838378907,44656.5912647215,50112.0984774194,Baixada Santista
IV,2020-08-25,36646.89684799,44896.3245620268,50516.6541731885,Baixada Santista
IV,2020-08-26,36767.5070048359,45130.4709135655,50919.0295889411,Baixada Santista
IV,2020-08-27,36883.8055733935,45359.0644958012,51319.1442913177,Baixada Santista
IV,2020-08-28,36995.928294503,45582.1580867655,51716.9393487484,Baixada Santista
IV,2020-08-29,37104.0086710827,45799.8092947444,52112.3546419646,Baixada Santista
IV,2020-08-30,37208.1774962549,46012.0758826487,52505.32139239,Baixada Santista
IV,2020-08-31,37308.5633113803,46219.0225929021,52895.7748741624,Baixada Santista
IV,2020-09-01,37405.2916682271,46420.7125319064,53283.6387630063,Baixada Santista
IV,2020-09-02,37498.4846591316,46617.2011435775,53668.8168836848,Baixada Santista
IV,2020-09-03,37588.2620144801,46808.5509543733,54051.2218620027,Baixada Santista
IV,2020-09-04,37674.741602423,46994.8392247915,54430.7880184915,Baixada Santista
IV,2020-09-05,37758.0385229254,47176.1468534937,54807.4508072591,Baixada Santista
IV,2020-09-06,37838.2647860152,47352.5544926787,55181.1399614537,Baixada Santista
IV,2020-09-07,37915.5296837354,47524.1478000432,55551.7909113993,Baixada Santista
IV,2020-09-08,37989.9392898753,47691.0105214382,55919.3304649884,Baixada Santista
IV,2020-09-09,38055.2518991841,47853.2194991805,56283.669236726,Baixada Santista
IV,2020-09-10,38111.7758324521,48010.8560618112,56644.7271858569,Baixada Santista
IV,2020-09-11,38166.0595572673,48164.0123469712,57002.4454716773,Baixada Santista
IV,2020-09-12,38218.1981212176,48312.782393152,57356.7678707999,Baixada Santista
IV,2020-09-13,38268.2800581566,48457.258990214,57707.6345713027,Baixada Santista
IV,2020-09-14,38316.391349791,48597.5377859282,58054.9923344203,Baixada Santista
IV,2020-09-15,38362.6112661443,48733.7118134125,58398.7815439499,Baixada Santista
IV,2020-09-16,38407.0117392083,48865.8674491986,58738.9293206791,Baixada Santista
IV,2020-09-17,38449.6650963912,48994.0932762093,59075.372156621,Baixada Santista
IV,2020-09-18,38490.6463034686,49118.4853466889,59408.0667101522,Baixada Santista
IV,2020-09-19,38530.0267672571,49239.1400680179,59736.9730826878,Baixada Santista
IV,2020-09-20,38567.8729620773,49356.1516997105,60062.0492551287,Baixada Santista
IV,2020-09-21,38604.2493356933,49469.6156171941,60383.2600291965,Baixada Santista
IV,2020-09-22,38639.215306375,49579.6240337287,60700.5654529584,Baixada Santista
IV,2020-09-23,38672.8247956337,49686.2627806839,61013.91459949,Baixada Santista
IV,2020-09-24,38705.1317775994,49789.6182442705,61323.265473473,Baixada Santista
IV,2020-09-25,38736.1921193837,49889.7817709685,61628.5947539135,Baixada Santista
IV,2020-09-26,38766.0590033562,49986.844005528,61929.8828257659,Baixada Santista
IV,2020-09-27,38794.7819113547,50080.89292395,62227.1088251691,Baixada Santista
IV,2020-09-28,38822.4087686896,50183.8242331708,62520.2584264609,Baixada Santista
IV,2020-09-29,38848.9837605055,50292.8264748634,62809.3136163652,Baixada Santista
IV,2020-09-30,38874.5469783851,50399.2891328437,63094.2471066819,Baixada Santista
IV,2020-10-01,38899.1384200222,50503.2632203298,63375.0397071197,Baixada Santista
IV,2020-10-02,38922.7994892747,50604.8120865164,63651.6890531255,Baixada Santista
IV,2020-10-03,38945.56959103,50703.9977790377,63924.1962922909,Baixada Santista
IV,2020-10-04,38967.4853712252,50800.8767850958,64192.5616940931,Baixada Santista
IV,2020-10-05,38988.5823087163,50895.5069450294,64456.7913799388,Baixada Santista
IV,2020-10-06,39008.8931150989,50987.9383333518,64716.8883859059,Baixada Santista
IV,2020-10-07,39028.4474638335,51078.2109421502,64972.8476773634,Baixada Santista
IV,2020-10-08,39047.2748858816,51166.3699063324,65224.6712088036,Baixada Santista
IV,2020-10-09,39065.4059884617,51252.4707284797,65472.3756985963,Baixada Santista
IV,2020-10-10,39082.8699039699,51336.5675938728,65715.980866291,Baixada Santista
IV,2020-10-11,39099.6937146822,51418.7097624639,65955.5055612287,Baixada Santista
IV,2020-10-12,39115.9036427377,51498.9474830481,66190.9735522843,Baixada Santista
IV,2020-10-13,39131.5238680349,51577.3241934652,66422.4057917542,Baixada Santista
IV,2020-10-14,39146.5763182222,51653.8746113115,66649.8159983978,Baixada Santista
IV,2020-10-15,39161.0827747369,51728.6376813879,66873.2236413893,Baixada Santista
IV,2020-10-16,39175.0658622531,51801.661127301,67092.6608396826,Baixada Santista
IV,2020-10-17,39188.5471234264,51872.9914343792,67308.1620375611,Baixada Santista
IV,2020-10-18,39201.5465786261,51942.6707930353,67519.7606076734,Baixada Santista
IV,2020-10-19,39214.0836219176,52010.7421510066,67727.4938219564,Baixada Santista
IV,2020-10-20,39226.1761405789,52077.2425492492,67931.3962097019,Baixada Santista
IV,2020-10-21,39237.8403507949,52142.2015413714,68131.4956720459,Baixada Santista
IV,2020-10-22,39249.0923367597,52205.6521997031,68327.8246285483,Baixada Santista
IV,2020-10-23,39259.9488547186,52267.635074506,68520.4261259448,Baixada Santista
IV,2020-10-24,39270.4258691509,52328.1896046761,68709.3448295693,Baixada Santista
IV,2020-10-25,39280.5382125805,52387.3515250394,68894.6240571579,Baixada Santista
IV,2020-10-26,39290.3002652505,52445.1571779493,69076.3100460503,Baixada Santista
IV,2020-10-27,39299.725293831,52501.63782548,69254.4462875968,Baixada Santista
IV,2020-10-28,39308.8253219674,52556.8183347799,69429.0701314079,Baixada Santista
IV,2020-10-29,39317.6122606599,52610.7265294677,69600.2223225581,Baixada Santista
IV,2020-10-30,39326.0985630025,52663.396629329,69767.9524044164,Baixada Santista
IV,2020-10-31,39334.2961027925,52714.8618854722,69932.3108966409,Baixada Santista
IV,2020-11-01,39342.215909482,52765.1523769168,70093.3467163825,Baixada Santista
IV,2020-11-02,39349.868687705,52814.2986879699,70251.1108443826,Baixada Santista
IV,2020-11-03,39357.264316477,52862.3270584413,70405.6515151459,Baixada Santista
IV,2020-11-04,39364.4117466441,52909.2582852704,70557.0112652346,Baixada Santista
IV,2020-11-05,39371.3198353647,52949.2010329564,70705.235071567,Baixada Santista
IV,2020-11-06,39377.9978807365,52981.6171997719,70850.375128286,Baixada Santista
IV,2020-11-07,39384.4547562234,53013.1297535428,70992.4840800605,Baixada Santista
IV,2020-11-08,39390.6987026828,53043.7660597883,71131.6127879047,Baixada Santista
IV,2020-11-09,39396.7377285169,53073.5529287473,71267.8134825206,Baixada Santista
IV,2020-11-10,39402.57922729,53102.5157651466,71401.1356935224,Baixada Santista
IV,2020-11-11,39408.2298961302,53130.6781248367,71531.6236940734,Baixada Santista
IV,2020-11-12,39413.6963550572,53158.0631867432,71659.3234302706,Baixada Santista
IV,2020-11-13,39418.9855848803,53184.6947886439,71784.2867449721,Baixada Santista
IV,2020-11-14,39424.1042540675,53210.5960859288,71906.5655384581,Baixada Santista
IV,2020-11-15,39429.0585545597,53235.7891370524,72026.2098375806,Baixada Santista
IV,2020-11-16,39433.8545123058,53260.2955416463,72143.2705112216,Baixada Santista
IV,2020-11-17,39438.4976929301,53284.1357511856,72257.7958303213,Baixada Santista
IV,2020-11-18,39442.9931365626,53307.32870662,72369.8292615905,Baixada Santista
IV,2020-11-19,39447.3458200224,53329.8930213391,72479.4153570408,Baixada Santista
IV,2020-11-20,39451.5610166236,53351.8478618229,72586.6034900092,Baixada Santista
IV,2020-11-21,39455.6437688484,53373.2118404853,72691.4428228763,Baixada Santista
IV,2020-11-22,39459.5987580409,53394.0026721718,72793.9806407923,Baixada Santista
IV,2020-11-23,39463.43054717,53414.2377009089,72894.2646924905,Baixada Santista
IV,2020-11-24,39467.1433524766,53433.9333382161,72992.3402840086,Baixada Santista
IV,2020-11-25,39470.740991255,53453.1047654152,73088.2483766713,Baixada Santista
IV,2020-11-26,39474.2272287224,53471.7668862745,73182.0305857418,Baixada Santista
IV,2020-11-27,39477.6060745761,53489.9350770381,73273.7324864606,Baixada Santista
IV,2020-11-28,39480.8813669406,53507.624269035,73363.3992789997,Baixada Santista
IV,2020-11-29,39484.056668465,53524.8486627755,73451.0743513418,Baixada Santista
IV,2020-11-30,39487.1354574514,53541.6221638804,73536.8012990297,Baixada Santista
IV,2020-12-01,39490.1209493291,53557.9579232043,73620.6214676639,Baixada Santista
IV,2020-12-02,39493.0160546856,53573.8680911474,73702.5723141391,Baixada Santista
IV,2020-12-03,39495.823641114,53589.3645865793,73782.6916447205,Baixada Santista
IV,2020-12-04,39498.5467783506,53604.4597367666,73861.0205421271,Baixada Santista
IV,2020-12-05,39501.1884077743,53619.1655144343,73937.5996297592,Baixada Santista
IV,2020-12-06,39503.7512592069,53633.4932988659,74012.467832072,Baixada Santista
IV,2020-12-07,39506.2380024095,53647.4542376513,74085.664118874,Baixada Santista
IV,2020-12-08,39508.6511064763,53661.0588684506,74157.2254237731,Baixada Santista
IV,2020-12-09,39510.9928060082,53674.3169153847,74227.1852320775,Baixada Santista
IV,2020-12-10,39513.2652999565,53687.2379112262,74295.5771715426,Baixada Santista
IV,2020-12-11,39515.4709548041,53699.8317443841,74362.4376054546,Baixada Santista
IV,2020-12-12,39517.612040322,53712.1080221768,74427.8024102638,Baixada Santista
IV,2020-12-13,39519.6906626943,53724.0758705078,74491.7059056374,Baixada Santista
IV,2020-12-14,39521.7088853691,53735.7442349075,74554.182362296,Baixada Santista
IV,2020-12-15,39523.6686175324,53747.1215681002,74615.2642348264,Baixada Santista
IV,2020-12-16,39525.5715867721,53758.2156606406,74674.9809441978,Baixada Santista
IV,2020-12-17,39527.4194909921,53769.0341457257,74733.3619190247,Baixada Santista
IV,2020-12-18,39529.2141672302,53779.584967581,74790.4388942178,Baixada Santista
IV,2020-12-19,39530.9573791055,53789.8758482721,74846.2431277023,Baixada Santista
IV,2020-12-20,39532.6507628759,53799.9141191948,74900.8044760164,Baixada Santista
IV,2020-12-21,39534.2959244225,53809.706972326,74954.1526990877,Baixada Santista
IV,2020-12-22,39535.8943501931,53819.261201092,75006.3159558567,Baixada Santista
IV,2020-12-23,39537.4473850561,53828.5830590175,75057.3197536744,Baixada Santista
IV,2020-12-24,39538.9563490704,53837.6786704627,75107.189524169,Baixada Santista
IV,2020-12-25,39540.4226780608,53846.5544324136,75155.9526622509,Baixada Santista
IV,2020-12-26,39541.8477516789,53855.2165665539,75203.6361181648,Baixada Santista
IV,2020-12-27,39543.2328497518,53863.6709771059,75250.2655978613,Baixada Santista
IV,2020-12-28,39544.5792305483,53871.9234611405,75295.8666933522,Baixada Santista
IV,2020-12-29,39545.8880592149,53879.9794928216,75340.4635982611,Baixada Santista
IX,2020-07-04,2063.28571428571,2063.28571428571,2063.28571428571,Marília
IX,2020-07-05,2135.1288970125,2135.47926869407,2141.76651917218,Marília
IX,2020-07-06,2207.2205254653,2207.43383476975,2219.38419497627,Marília
IX,2020-07-07,2279.52720936406,2280.5775471296,2297.52231603114,Marília
IX,2020-07-08,2352.36751666686,2355.05822988901,2376.39599562923,Marília
IX,2020-07-09,2426.2648640847,2431.15707257833,2456.38708438224,Marília
IX,2020-07-10,2165.78402892874,2509.15424399783,2652.57158451664,Marília
IX,2020-07-11,2232.37771268291,2589.33906823637,2739.51507389378,Marília
IX,2020-07-12,2300.2322368322,2672.02184305939,2828.55155002912,Marília
IX,2020-07-13,2369.66147240196,2757.19718612879,2919.93961032072,Marília
IX,2020-07-14,2440.87740552642,2844.90945516246,3013.9242770144,Marília
IX,2020-07-15,2514.04551368037,2936.09193240018,3110.74661124618,Marília
IX,2020-07-16,2589.34469839568,3030.63943711002,3210.65548945528,Marília
IX,2020-07-17,2666.97561574788,3128.78784864574,3313.91602201235,Marília
IX,2020-07-18,2744.24908559668,3230.74822767489,3420.80512283926,Marília
IX,2020-07-19,2819.55930375381,3333.77349872019,3531.61190159355,Marília
IX,2020-07-20,2896.41551187425,3438.45364600331,3646.64630228798,Marília
IX,2020-07-21,2974.92470675796,3549.86261410169,3766.23029451216,Marília
IX,2020-07-22,3055.19528432034,3662.29643421855,3890.70182553882,Marília
IX,2020-07-23,3137.34686367916,3780.36646581553,4021.73016343873,Marília
IX,2020-07-24,3221.51664302527,3905.72094537466,4159.68501763518,Marília
IX,2020-07-25,3307.84575499051,4037.2474815297,4304.425282096,Marília
IX,2020-07-26,3396.47617867964,4172.48558026891,4456.31934504596,Marília
IX,2020-07-27,3487.56073840663,4313.50020289664,4615.65070410108,Marília
IX,2020-07-28,3581.24737816081,4459.35015430789,4782.60043510507,Marília
IX,2020-07-29,3677.6842989316,4607.58386679056,4957.24918118116,Marília
IX,2020-07-30,3777.03042854641,4761.08022660255,5139.59838172707,Marília
IX,2020-07-31,3879.46330644925,4915.69422483375,5329.60491700386,Marília
IX,2020-08-01,3985.15852716839,5079.27841141829,5527.21301650884,Marília
IX,2020-08-02,4094.2843140389,5250.1663890941,5732.38328380917,Marília
IX,2020-08-03,4207.01226170766,5422.34436138957,5945.11298927998,Marília
IX,2020-08-04,4323.49552882146,5590.06755035765,6165.43704515522,Marília
IX,2020-08-05,4443.87242000116,5760.47467714039,6393.42313178176,Marília
IX,2020-08-06,4568.27661960171,5933.32042926174,6629.16207301454,Marília
IX,2020-08-07,4696.84641071171,6130.36047443261,6872.75571118625,Marília
IX,2020-08-08,4829.69537072614,6333.44928463897,7124.29714792091,Marília
IX,2020-08-09,4966.90533264016,6541.69244553502,7383.85666003205,Marília
IX,2020-08-10,5108.54005138161,6754.85524001738,7651.47381989577,Marília
IX,2020-08-11,5254.61947935119,6972.37208860021,7929.99263330485,Marília
IX,2020-08-12,5405.12640093404,7181.57289776186,8223.36941736801,Marília
IX,2020-08-13,5560.02159016399,7385.1908849401,8525.29742114326,Marília
IX,2020-08-14,5719.26036769768,7590.21741933641,8835.61808793368,Marília
IX,2020-08-15,5882.76177789245,7796.57211115717,9154.14480678265,Marília
IX,2020-08-16,6007.56865373098,8003.99462034042,9480.65976534014,Marília
IX,2020-08-17,6129.19127479937,8212.23092672546,9814.93282653876,Marília
IX,2020-08-18,6250.20934558419,8421.02381456437,10156.6981910038,Marília
IX,2020-08-19,6370.49424887743,8630.11774866878,10505.6668889632,Marília
IX,2020-08-20,6489.92936959335,8841.87367919734,10861.5460891907,Marília
IX,2020-08-21,6608.41391844989,9067.43396625246,11224.055410938,Marília
IX,2020-08-22,6725.85090593992,9294.03779428585,11592.9013451466,Marília
IX,2020-08-23,6842.14602915412,9521.4422693469,11967.7750696441,Marília
IX,2020-08-24,6957.21478002345,9749.41034215955,12348.3710373247,Marília
IX,2020-08-25,7070.97198934948,9977.699796932,12734.3611748877,Marília
IX,2020-08-26,7183.3362930943,10206.0689698174,13125.4060859157,Marília
IX,2020-08-27,7294.23730031319,10434.2866394,13521.1733139573,Marília
IX,2020-08-28,7403.61822969051,10662.1375731433,13921.3501749332,Marília
IX,2020-08-29,7511.42545474753,10889.4116051394,14325.6165752429,Marília
IX,2020-08-30,7617.60712090626,11115.9022081859,14733.6409915296,Marília
IX,2020-08-31,7722.11913172083,11341.4139937893,15145.09726845,Marília
IX,2020-09-01,7824.91646645254,11565.7525594385,15559.6382739715,Marília
IX,2020-09-02,7925.95669806432,11788.728697321,15976.9061072416,Marília
IX,2020-09-03,8025.20631069663,12010.1668771777,16396.5510672815,Marília
IX,2020-09-04,8122.64290454284,12229.909347582,16818.243591623,Marília
IX,2020-09-05,8218.24673107862,12447.8065212926,17241.6493226697,Marília
IX,2020-09-06,8311.9993775299,12663.715125286,17666.4256061827,Marília
IX,2020-09-07,8403.88874453943,12877.5042105176,18092.2382125902,Marília
IX,2020-09-08,8493.90208848712,13089.0463355218,18518.7375538925,Marília
IX,2020-09-09,8582.02868699332,13298.2205863354,18945.5686448249,Marília
IX,2020-09-10,8668.26505760238,13504.9195633691,19372.3905572997,Marília
IX,2020-09-11,8752.61659517394,13709.0522662598,19798.8875623421,Marília
IX,2020-09-12,8835.09073888393,13910.5359286134,20224.7472517565,Marília
IX,2020-09-13,8915.69565436733,14109.2939730352,20649.6571494438,Marília
IX,2020-09-14,8994.44410672314,14305.2606470332,21073.3200104866,Marília
IX,2020-09-15,9071.3479027516,14500.4579557505,21495.4326256958,Marília
IX,2020-09-16,9146.41982809007,14715.0224991991,21915.6942925067,Marília
IX,2020-09-17,9219.67776242906,14927.3890233666,22333.8244898408,Marília
IX,2020-09-18,9291.14581304035,15137.520809461,22749.5718165935,Marília
IX,2020-09-19,9360.8489025531,15345.382808852,23162.6945800545,Marília
IX,2020-09-20,9428.81159383785,15550.9383114806,23572.9568051091,Marília
IX,2020-09-21,9495.0610826576,15754.160720809,23980.1408280034,Marília
IX,2020-09-22,9559.62288402718,15955.0149293744,24384.0284775195,Marília
IX,2020-09-23,9622.52231865423,16153.4641057003,24784.4075724212,Marília
IX,2020-09-24,9683.78777914201,16349.4830166585,25181.0868035921,Marília
IX,2020-09-25,9743.45156592538,16543.0641462,25573.9022948357,Marília
IX,2020-09-26,9801.54572673192,16734.1999377861,25962.7007520953,Marília
IX,2020-09-27,9858.1011371538,16922.879615363,26347.335299874,Marília
IX,2020-09-28,9913.14985838745,17109.0996742567,26727.6755185068,Marília
IX,2020-09-29,9966.72187521502,17292.8478257523,27103.591368985,Marília
IX,2020-09-30,10018.8462964155,17474.1087844197,27474.9582216677,Marília
IX,2020-10-01,10069.5539768296,17652.8763703896,27841.66924185,Marília
IX,2020-10-02,10118.8781691222,17789.1463849638,28203.6402449493,Marília
IX,2020-10-03,10166.8513643683,17920.8032126686,28560.7956595758,Marília
IX,2020-10-04,10213.5046031619,18049.4192253998,28913.0647868856,Marília
IX,2020-10-05,10258.869341001,18175.0504154911,29260.3898753341,Marília
IX,2020-10-06,10302.9749913872,18297.7508829514,29602.7129066985,Marília
IX,2020-10-07,10345.8498948129,18417.5738268993,29939.979641442,Marília
IX,2020-10-08,10387.5234200382,18534.5751348643,30272.1499883724,Marília
IX,2020-10-09,10428.0264707962,18648.8142682331,30599.2016950537,Marília
IX,2020-10-10,10467.3890751263,18760.3508188889,30921.1189556388,Marília
IX,2020-10-11,10505.6398564586,18869.2429926569,31237.8892399905,Marília
IX,2020-10-12,10542.8075003257,18975.5497602465,31549.5098204885,Marília
IX,2020-10-13,10578.918885447,19079.3275452346,31855.9770756523,Marília
IX,2020-10-14,10613.9998508264,19180.6310355841,32157.4690596091,Marília
IX,2020-10-15,10648.0768710056,19279.51611099,32455.6766177793,Marília
IX,2020-10-16,10681.177442603,19376.0405485058,32748.7278411785,Marília
IX,2020-10-17,10713.3282279679,19470.2614407057,33036.6507805021,Marília
IX,2020-10-18,10744.5546327724,19562.2339439886,33319.4745180671,Marília
IX,2020-10-19,10774.8819558813,19652.0130693379,33597.2362618409,Marília
IX,2020-10-20,10804.3339506717,19739.6511006212,33869.9698659012,Marília
IX,2020-10-21,10832.933425108,19825.1982718035,34137.7093057532,Marília
IX,2020-10-22,10860.7035761057,19908.705175573,34400.4983289023,Marília
IX,2020-10-23,10887.6682827234,19990.2233456868,34658.3934195771,Marília
IX,2020-10-24,10913.8506672956,20069.803307084,34911.4539433276,Marília
IX,2020-10-25,10939.2727493689,20147.4935333649,35159.7389958322,Marília
IX,2020-10-26,10963.9563510379,20223.3419545609,35403.3131498186,Marília
IX,2020-10-27,10987.9219789601,20297.3939189583,35642.2371000136,Marília
IX,2020-10-28,11011.1892938526,20369.6927618019,35876.5704084039,Marília
IX,2020-10-29,11033.7781771994,20440.2817958714,36106.3795498389,Marília
IX,2020-10-30,11055.7089557659,20509.2048009577,36331.7401440996,Marília
IX,2020-10-31,11077.0012821692,20576.5045313772,36552.7290435864,Marília
IX,2020-11-01,11097.6738479277,20642.2218367648,36769.4215359538,Marília
IX,2020-11-02,11117.7451026236,20706.396935929,36981.8960767851,Marília
IX,2020-11-03,11137.2323783066,20769.0677835461,37190.2266385153,Marília
IX,2020-11-04,11156.152259485,20830.2705456819,37394.4849074522,Marília
IX,2020-11-05,11174.5214407764,20890.0412455021,37594.7470550464,Marília
IX,2020-11-06,11192.3569015403,20948.4161770799,37791.0954560007,Marília
IX,2020-11-07,11209.6750322768,21005.4307424608,37983.6123632575,Marília
IX,2020-11-08,11226.4913949699,21061.1187010016,38172.3774256139,Marília
IX,2020-11-09,11242.8213000918,21115.5132443043,38357.4716741577,Marília
IX,2020-11-10,11258.6791153336,21168.6456680291,38538.9712416998,Marília
IX,2020-11-11,11274.0785597732,21220.5457665002,38716.9491601367,Marília
IX,2020-11-12,11289.0333975318,21271.2431910519,38891.4811272571,Marília
IX,2020-11-13,11303.5575754947,21320.767800626,39062.6468716416,Marília
IX,2020-11-14,11317.6645387608,21369.1487383897,39230.525107874,Marília
IX,2020-11-15,11331.3670290069,21416.4137853537,39395.1913339762,Marília
IX,2020-11-16,11344.6775516739,21462.590265162,39556.721260257,Marília
IX,2020-11-17,11357.6078253147,21507.703950868,39715.1856218366,Marília
IX,2020-11-18,11370.1690173186,21551.7793907311,39870.651677577,Marília
IX,2020-11-19,11382.3723079534,21594.8410271688,40023.1881728282,Marília
IX,2020-11-20,11394.2289999866,21636.9134951086,40172.8664539261,Marília
IX,2020-11-21,11405.7499792727,21678.0208763178,40319.7564348291,Marília
IX,2020-11-22,11416.9455437074,21718.1861408657,40463.9246337398,Marília
IX,2020-11-23,11427.8257844625,21757.4319071837,40605.4371667849,Marília
IX,2020-11-24,11438.4001430826,21795.7795344054,40744.3554226571,Marília
IX,2020-11-25,11448.6776016089,21833.2493912887,40880.737326237,Marília
IX,2020-11-26,11458.6671434587,21869.8617766319,41014.6416410905,Marília
IX,2020-11-27,11468.377841172,21905.6371752386,41146.1288954948,Marília
IX,2020-11-28,11477.8184284636,21940.5956475204,41275.2581333855,Marília
IX,2020-11-29,11486.9971539596,21974.7563471512,41402.0851495888,Marília
IX,2020-11-30,11495.9220943978,22008.138158968,41526.6651269653,Marília
IX,2020-12-01,11504.6007949055,22040.7589411588,41649.0489876218,Marília
IX,2020-12-02,11513.0404232166,22072.6357482238,41769.2844617573,Marília
IX,2020-12-03,11521.2481479853,22103.78558751,41887.419835097,Marília
IX,2020-12-04,11529.2312092979,22134.2256411653,42003.5047254851,Marília
IX,2020-12-05,11536.9965766013,22163.972761294,42117.5874357405,Marília
IX,2020-12-06,11544.5508227858,22193.0430546632,42229.7133536047,Marília
IX,2020-12-07,11551.9003830425,22221.4524180999,42339.9272857994,Marília
IX,2020-12-08,11559.0512600045,22249.215903612,42448.2703430639,Marília
IX,2020-12-09,11566.0091495222,22276.3479046642,42554.7808437476,Marília
IX,2020-12-10,11572.7797525844,22302.8627778761,42659.4975867438,Marília
IX,2020-12-11,11579.3688321971,22328.7750376334,42762.4605065304,Marília
IX,2020-12-12,11585.7819378419,22354.098935286,42863.7084878164,Marília
IX,2020-12-13,11592.0242965321,22378.8481029814,42963.2779055317,Marília
IX,2020-12-14,11598.1010279296,22403.0360033311,43061.2046954472,Marília
IX,2020-12-15,11604.0169006544,22426.675396324,43157.5216667791,Marília
IX,2020-12-16,11609.7764354283,22449.7784963867,43252.2592649742,Marília
IX,2020-12-17,11615.3841633739,22472.3574833288,43345.4484346886,Marília
IX,2020-12-18,11620.8446721039,22494.4246746729,43437.1211756409,Marília
IX,2020-12-19,11626.1623820935,22515.9921727536,43527.3087146309,Marília
IX,2020-12-20,11631.3414521057,22537.0715604235,43616.0401691545,Marília
IX,2020-12-21,11636.3859588593,22557.6742790987,43703.3443862831,Marília
IX,2020-12-22,11641.2996941813,22577.8111803364,43789.2476049402,Marília
IX,2020-12-23,11646.0862500673,22597.4926595004,43873.7740994063,Marília
IX,2020-12-24,11650.749233473,22616.7290757881,43956.9486857191,Marília
IX,2020-12-25,11655.2923038689,22635.5309060203,44038.7971972145,Marília
IX,2020-12-26,11659.7189904453,22653.9084471566,44119.3449372771,Marília
IX,2020-12-27,11664.0326098479,22671.8715571467,44198.6154559905,Marília
IX,2020-12-28,11668.2364169265,22689.4299731388,44276.6321838091,Marília
IX,2020-12-29,11672.3334348565,22706.5929335898,44353.4163861789,Marília
V,2020-07-04,2022.42857142857,2022.42857142857,2022.42857142857,Barretos
V,2020-07-05,2098.23632464375,2098.42862743546,2104.91077116771,Barretos
V,2020-07-06,2172.61132461525,2172.82497507779,2185.11967912452,Barretos
V,2020-07-07,2246.52129223628,2247.80430804938,2265.19394976149,Barretos
V,2020-07-08,2321.26148400332,2324.17143404359,2346.13981519159,Barretos
V,2020-07-09,2397.63789718763,2402.55691152108,2428.83075032504,Barretos
V,2020-07-10,2143.90206305592,2483.39167455804,2627.6183929743,Barretos
V,2020-07-11,2214.03429801735,2567.06775345509,2719.65642855671,Barretos
V,2020-07-12,2286.1789590695,2653.93878982884,2815.19795763641,Barretos
V,2020-07-13,2360.79284368685,2744.99590457712,2914.62412440579,Barretos
V,2020-07-14,2438.06893306657,2839.76073414265,3018.27630650509,Barretos
V,2020-07-15,2518.1944023731,2936.96501701229,3126.47492307518,Barretos
V,2020-07-16,2601.37248276972,3038.88186289093,3239.54006204448,Barretos
V,2020-07-17,2687.82950883415,3144.67817618711,3357.8004022025,Barretos
V,2020-07-18,2777.20078573243,3252.92007530399,3481.58603019618,Barretos
V,2020-07-19,2866.16961343242,3361.42231914369,3611.21941065053,Barretos
V,2020-07-20,2957.25856676921,3474.5662258907,3747.01306275952,Barretos
V,2020-07-21,3050.3150468538,3599.94908630818,3889.2440865255,Barretos
V,2020-07-22,3145.15251160155,3730.66373040652,4038.1388843039,Barretos
V,2020-07-23,3241.58106817056,3864.9917475937,4193.86941191599,Barretos
V,2020-07-24,3339.4253531174,3991.23169726251,4356.55005112806,Barretos
V,2020-07-25,3438.52000783549,4118.54360049231,4526.23108384161,Barretos
V,2020-07-26,3538.70965794876,4248.20619189095,4702.9113127998,Barretos
V,2020-07-27,3639.86041810213,4381.05628557058,4886.57037706129,Barretos
V,2020-07-28,3741.84160351563,4527.93193506004,5077.17815403358,Barretos
V,2020-07-29,3844.52742622974,4678.46026505888,5274.71392897428,Barretos
V,2020-07-30,3944.65632225458,4832.54705765598,5479.18723621831,Barretos
V,2020-07-31,4039.87331377535,4990.14545483048,5690.6431454553,Barretos
V,2020-08-01,4134.77093302203,5151.23487512606,5909.14407036606,Barretos
V,2020-08-02,4229.28120493262,5315.810259055,6134.75933224773,Barretos
V,2020-08-03,4323.34451504558,5483.8854307393,6367.5685971103,Barretos
V,2020-08-04,4416.89881206048,5655.47035308081,6607.64035020195,Barretos
V,2020-08-05,4509.88115952542,5830.57006556412,6855.02952262281,Barretos
V,2020-08-06,4602.23493686661,6003.75716105156,7109.78842129763,Barretos
V,2020-08-07,4693.90986543734,6178.49757566202,7371.96716487759,Barretos
V,2020-08-08,4784.85394747201,6356.09692150995,7641.59515379796,Barretos
V,2020-08-09,4875.01104998857,6536.54124958296,7918.67297612167,Barretos
V,2020-08-10,4964.32700646571,6719.80773525564,8203.18139968524,Barretos
V,2020-08-11,5052.74228335962,6905.85803785575,8495.06304448783,Barretos
V,2020-08-12,5140.1943890785,7094.63920185162,8794.22364578849,Barretos
V,2020-08-13,5226.6250960013,7285.53592685311,9100.548380487,Barretos
V,2020-08-14,5311.98129063475,7466.19869412742,9413.90500915523,Barretos
V,2020-08-15,5396.2086583519,7647.12691967439,9734.1272006327,Barretos
V,2020-08-16,5479.24994597936,7828.09467677894,10061.007707259,Barretos
V,2020-08-17,5561.05048032099,8008.87546824312,10394.3098760541,Barretos
V,2020-08-18,5641.55249015715,8189.23665523254,10733.750320553,Barretos
V,2020-08-19,5720.69718387285,8368.94230754713,11079.001069582,Barretos
V,2020-08-20,5798.43098783424,8547.76205320301,11429.7080819697,Barretos
V,2020-08-21,5874.70674764665,8725.47444583562,11785.4962038777,Barretos
V,2020-08-22,5949.47868520369,8901.86203914087,12145.9542840056,Barretos
V,2020-08-23,6022.70116092858,9076.71044807392,12510.6304335504,Barretos
V,2020-08-24,6094.33335405531,9249.8145285953,12879.0466110157,Barretos
V,2020-08-25,6164.33492416507,9420.97380821573,13250.6849194198,Barretos
V,2020-08-26,6232.66761676374,9589.99452017602,13624.9927857201,Barretos
V,2020-08-27,6299.30019509827,9760.31989756961,14001.4045002943,Barretos
V,2020-08-28,6364.20955436337,9941.97931861805,14379.3501625248,Barretos
V,2020-08-29,6427.37648783724,10122.4937086019,14758.2451167063,Barretos
V,2020-08-30,6488.78450907243,10301.7513389154,15137.4889669507,Barretos
V,2020-08-31,6548.42330364624,10479.6513301625,15516.4828868501,Barretos
V,2020-09-01,6606.28515880547,10656.0905599324,15894.6200750253,Barretos
V,2020-09-02,6662.36584473188,10791.6027956603,16271.2927908657,Barretos
V,2020-09-03,6716.66800936495,10921.2670475376,16645.9133987989,Barretos
V,2020-09-04,6769.20186221854,11046.7759160357,17017.9239164821,Barretos
V,2020-09-05,6819.98148672185,11168.1489428209,17386.786777072,Barretos
V,2020-09-06,6869.0235738457,11285.4177260593,17751.9835402615,Barretos
V,2020-09-07,6916.34971218062,11398.627724271,18113.0292257767,Barretos
V,2020-09-08,6961.98343474378,11528.0630205696,18469.4625525033,Barretos
V,2020-09-09,7005.95058095735,11653.9831645109,18820.8499275179,Barretos
V,2020-09-10,7048.28148872668,11776.3775372799,19166.8003711942,Barretos
V,2020-09-11,7089.01141007562,11895.2501759437,19506.9709909768,Barretos
V,2020-09-12,7128.17750098144,12010.6143378684,19841.055929223,Barretos
V,2020-09-13,7165.81769834461,12122.4907445094,20168.7819418075,Barretos
V,2020-09-14,7201.97228162938,12230.9091815163,20489.91696088,Barretos
V,2020-09-15,7236.68163653399,12335.9053567443,20804.2589197314,Barretos
V,2020-09-16,7269.98646011668,12437.5207390587,21111.6360569475,Barretos
V,2020-09-17,7301.92923860078,12535.804155282,21411.915579922,Barretos
V,2020-09-18,7332.55463758079,12630.8121351207,21705.0056390599,Barretos
V,2020-09-19,7361.90725923806,12722.6058929186,21990.8439927478,Barretos
V,2020-09-20,7390.03082850051,12811.2498443819,22269.392309137,Barretos
V,2020-09-21,7416.96936216367,12896.812656794,22540.641068181,Barretos
V,2020-09-22,7442.76562227845,12979.3648707923,22804.5993052641,Barretos
V,2020-09-23,7467.46133810449,13058.9787666614,23061.293789802,Barretos
V,2020-09-24,7491.0982697064,13135.7294171132,23310.7743458729,Barretos
V,2020-09-25,7513.71864304996,13209.695010983,23553.1148788243,Barretos
V,2020-09-26,7535.3635704209,13280.9546600208,23788.4040491982,Barretos
V,2020-09-27,7556.07252595828,13349.5873397662,24016.7405013982,Barretos
V,2020-09-28,7575.88426393331,13415.6727254827,24238.2364316234,Barretos
V,2020-09-29,7594.83579892531,13479.2895526606,24453.0097868447,Barretos
V,2020-09-30,7612.96265329137,13540.5156492361,24661.1839221475,Barretos
V,2020-10-01,7630.29963918856,13599.4287400523,24862.8915056975,Barretos
V,2020-10-02,7646.88130182226,13656.1068451775,25058.2757971557,Barretos
V,2020-10-03,7662.74082099343,13710.6267921752,25247.4838971855,Barretos
V,2020-10-04,7677.9096821893,13763.0635402388,25430.6634602292,Barretos
V,2020-10-05,7692.41839408823,13813.4909127011,25607.9657826333,Barretos
V,2020-10-06,7706.29581840745,13861.9805266949,25779.5403921424,Barretos
V,2020-10-07,7719.56940681651,13908.6019585157,25945.5353688338,Barretos
V,2020-10-08,7732.26576863334,13953.4233958754,26106.1004611129,Barretos
V,2020-10-09,7744.41107574255,13996.5120726712,26261.3886512979,Barretos
V,2020-10-10,7756.03028723766,14037.9332838245,26411.5514838554,Barretos
V,2020-10-11,7767.14693427533,14077.7499698826,26556.7369250414,Barretos
V,2020-10-12,7777.7836686273,14116.0233500364,26697.0920542895,Barretos
V,2020-10-13,7787.9618114084,14152.8122280633,26832.7593789024,Barretos
V,2020-10-14,7797.701555236,14188.1732122546,26963.8775104894,Barretos
V,2020-10-15,7807.02236812778,14222.1612372337,27090.5836279311,Barretos
V,2020-10-16,7815.94333667312,14254.8299755111,27213.0150600322,Barretos
V,2020-10-17,7824.48260558772,14286.2311765362,27331.3060319994,Barretos
V,2020-10-18,7832.6572263614,14316.4144029006,27445.5862214947,Barretos
V,2020-10-19,7840.48356934368,14345.4275536077,27555.9829993107,Barretos
V,2020-10-20,7847.97700925219,14373.3164006151,27662.6188520523,Barretos
V,2020-10-21,7855.1520864447,14400.124806144,27765.6121342271,Barretos
V,2020-10-22,7862.02279037451,14425.8951273185,27865.0789516272,Barretos
V,2020-10-23,7868.60283745655,14450.6685693075,27961.1345639968,Barretos
V,2020-10-24,7874.90525740867,14474.4847271604,28053.8910571231,Barretos
V,2020-10-25,7880.9422796247,14497.381404769,28143.4562902942,Barretos
V,2020-10-26,7886.72564018249,14519.3950313803,28235.6117774,Barretos
V,2020-10-27,7892.26635548436,14540.5603374357,28339.1539697465,Barretos
V,2020-10-28,7897.57484662805,14560.9105425634,28439.4580750648,Barretos
V,2020-10-29,7902.66113765896,14580.4776618618,28536.6205177687,Barretos
V,2020-10-30,7907.5350746292,14599.2927907562,28630.7400371686,Barretos
V,2020-10-31,7912.20601588965,14617.3857759146,28721.912397879,Barretos
V,2020-11-01,7916.6827432912,14634.7850803159,28810.228031455,Barretos
V,2020-11-02,7920.97369084231,14651.5181070828,28895.7761187775,Barretos
V,2020-11-03,7925.08677754859,14667.6109621945,28978.6402419418,Barretos
V,2020-11-04,7929.02950212857,14683.0886066529,29058.8998741244,Barretos
V,2020-11-05,7932.80908256808,14697.9750858276,29136.6336404562,Barretos
V,2020-11-06,7936.4326261282,14712.2937508747,29211.9217780741,Barretos
V,2020-11-07,7939.90689551968,14726.0670156688,29284.8420224348,Barretos
V,2020-11-08,7943.23823824787,14739.316250317,29355.4677087315,Barretos
V,2020-11-09,7946.43275776211,14752.0620303199,29423.8710138584,Barretos
V,2020-11-10,7949.49618761426,14764.3239568114,29490.1195839723,Barretos
V,2020-11-11,7952.43396358956,14776.1207760003,29554.2777797224,Barretos
V,2020-11-12,7955.25132333852,14787.4705512587,29616.409150384,Barretos
V,2020-11-13,7957.95343703535,14798.3908317219,29676.5784655706,Barretos
V,2020-11-14,7960.5452300424,14808.8984695807,29734.8484942085,Barretos
V,2020-11-15,7963.03132641461,14819.0095337337,29791.2784492338,Barretos
V,2020-11-16,7965.41617798333,14828.7395013235,29845.9265677718,Barretos
V,2020-11-17,7967.70396821285,14838.1031185529,29898.8474639832,Barretos
V,2020-11-18,7969.8986674868,14847.1144935194,29950.0931526916,Barretos
V,2020-11-19,7972.00410560149,14855.7872268151,29999.714946597,Barretos
V,2020-11-20,7974.02407149976,14864.1345385871,30047.7651080294,Barretos
V,2020-11-21,7975.96217843042,14872.1691298954,30094.2943173204,Barretos
V,2020-11-22,7977.82181881007,14879.9031121517,30139.3503855968,Barretos
V,2020-11-23,7979.60626240099,14887.3481550366,30182.9803189299,Barretos
V,2020-11-24,7981.31858196192,14894.515377306,30225.228220433,Barretos
V,2020-11-25,7982.96169600559,14901.4154190347,30266.1361257697,Barretos
V,2020-11-26,7984.53842266732,14908.058542311,30305.7454788628,Barretos
V,2020-11-27,7986.05155541606,14914.4547265285,30344.0984598321,Barretos
V,2020-11-28,7987.50376033202,14920.6135626294,30381.2359914787,Barretos
V,2020-11-29,7988.89754012656,14926.5441954628,30417.1966682426,Barretos
V,2020-11-30,7990.2353094205,14932.2554387817,30452.018418731,Barretos
V,2020-12-01,7991.51933663361,14937.7556888123,30485.7368299692,Barretos
V,2020-12-02,7992.75177736281,14943.0529807976,30518.3858283746,Barretos
V,2020-12-03,7993.93471525209,14948.1550678986,30549.9988459714,Barretos
V,2020-12-04,7995.07021918303,14953.0694924724,30580.6098793588,Barretos
V,2020-12-05,7996.16026487452,14957.8035050772,30610.2519181214,Barretos
V,2020-12-06,7997.20670626148,14962.364017469,30638.9560510588,Barretos
V,2020-12-07,7998.21133363907,14966.7576926015,30666.7528148337,Barretos
V,2020-12-08,7999.17582780156,14970.9908757011,30693.6708460534,Barretos
V,2020-12-09,8000.10178632847,14975.0696388151,30719.7374371258,Barretos
V,2020-12-10,8000.99075518774,14978.9998435153,30744.9794723512,Barretos
V,2020-12-11,8001.84427173188,14982.787194092,30769.4242671475,Barretos
V,2020-12-12,8002.66380473446,14986.4371752576,30793.0983274789,Barretos
V,2020-12-13,8003.45073165033,14989.9550138454,30816.0266024101,Barretos
V,2020-12-14,8004.20638381684,14993.345749653,30838.23358554,Barretos
V,2020-12-15,8004.9320099371,14996.6141800827,30859.7422234693,Barretos
V,2020-12-16,8005.6287969464,14999.7648954516,30880.5743708238,Barretos
V,2020-12-17,8006.29789485648,15002.8023293927,30900.7515522067,Barretos
V,2020-12-18,8006.94044892903,15005.7307984478,30920.2956238893,Barretos
V,2020-12-19,8007.55755370233,15008.5544539128,30939.2277926924,Barretos
V,2020-12-20,8008.15023493094,15011.2772506052,30957.5679895005,Barretos
V,2020-12-21,8008.71948492622,15013.9030028954,30975.3357742418,Barretos
V,2020-12-22,8009.26623324443,15016.4353399327,30992.54944599,Barretos
V,2020-12-23,8009.79136337126,15018.8777337821,31009.2264167491,Barretos
V,2020-12-24,8010.29573252403,15021.2335402979,31025.3838390413,Barretos
V,2020-12-25,8010.78019561317,15023.5060285023,31041.0391253387,Barretos
V,2020-12-26,8011.24556989982,15025.6983431505,31056.2091701319,Barretos
V,2020-12-27,8011.69262064804,15027.8134792201,31070.909823477,Barretos
V,2020-12-28,8012.12208889616,15029.8543264087,31085.1566385114,Barretos
V,2020-12-29,8012.53466775861,15031.8236326801,31098.9641410017,Barretos
VI,2020-07-04,6748.42857142857,6748.42857142857,6748.42857142857,Bauru
VI,2020-07-05,6971.7275258332,6973.14555867951,6992.96926160531,Bauru
VI,2020-07-06,7191.32465505885,7192.74561231942,7229.7986060026,Bauru
VI,2020-07-07,7411.72888838449,7413.77552856823,7467.12191365391,Bauru
VI,2020-07-08,7634.10677161391,7641.57647297141,7708.29527151739,Bauru
VI,2020-07-09,7862.37802588236,7877.33329835066,7955.83167791922,Bauru
VI,2020-07-10,7011.61904463701,8122.59685135388,8583.04743744336,Bauru
VI,2020-07-11,7224.43379124134,8378.46054176915,8861.01337549205,Bauru
VI,2020-07-12,7446.76756162944,8645.70982954843,9150.83968647718,Bauru
VI,2020-07-13,7679.6979524475,8924.91265510734,9454.9630012676,Bauru
VI,2020-07-14,7924.21798456513,9214.88708537153,9774.38360989313,Bauru
VI,2020-07-15,8181.12063577169,9518.33975616093,10110.0790501702,Bauru
VI,2020-07-16,8447.17769423432,9839.02159164657,10463.2190102626,Bauru
VI,2020-07-17,8726.148959395,10173.5028248902,10834.9687540143,Bauru
VI,2020-07-18,8997.34275971331,10522.0771083652,11226.4619732665,Bauru
VI,2020-07-19,9276.8028855832,10879.8923534178,11638.7736845705,Bauru
VI,2020-07-20,9566.51249782164,11242.6962315363,12072.9264303298,Bauru
VI,2020-07-21,9866.87667339034,11627.2194482235,12529.8256709678,Bauru
VI,2020-07-22,10178.2543819799,12037.0856447234,13010.2383582788,Bauru
VI,2020-07-23,10500.9871283224,12452.8416494081,13514.7983477759,Bauru
VI,2020-07-24,10835.4008410271,12883.038297898,14044.0002597769,Bauru
VI,2020-07-25,11181.7491975846,13330.9946675753,14598.1538672447,Bauru
VI,2020-07-26,11540.1771438051,13800.3267806535,15177.3634464225,Bauru
VI,2020-07-27,11886.8391371173,14285.3500743024,15781.5743685561,Bauru
VI,2020-07-28,12231.85097184,14785.4234380473,16410.5464661352,Bauru
VI,2020-07-29,12579.2220546881,15299.7989889347,17063.8927162868,Bauru
VI,2020-07-30,12908.0717740115,15827.7012382274,17741.1471740079,Bauru
VI,2020-07-31,13234.5654929863,16368.3804847796,18441.8126374803,Bauru
VI,2020-08-01,13559.8826760099,16908.0743568674,19165.3433645624,Bauru
VI,2020-08-02,13883.5370511503,17442.7493119657,19911.1398389944,Bauru
VI,2020-08-03,14205.1097203429,17984.1946028075,20678.6023862248,Bauru
VI,2020-08-04,14524.2148525596,18531.6505905442,21467.0880709309,Bauru
VI,2020-08-05,14840.5029735433,19084.3799201037,22275.9306736298,Bauru
VI,2020-08-06,15153.6758855129,19641.6879433525,23104.4864358951,Bauru
VI,2020-08-07,15463.4904105557,20202.9322632076,23952.1601204088,Bauru
VI,2020-08-08,15769.7280954534,20767.4941499129,24818.3613059195,Bauru
VI,2020-08-09,16072.1819082345,21334.7629988773,25702.4806081373,Bauru
VI,2020-08-10,16370.6726645359,21904.1531309171,26603.9292718725,Bauru
VI,2020-08-11,16665.0230587876,22475.0756312506,27522.0852316664,Bauru
VI,2020-08-12,16955.0635085328,23046.9424288292,28456.3036749015,Bauru
VI,2020-08-13,17240.6484916059,23619.1853740082,29405.9561734828,Bauru
VI,2020-08-14,17521.6644480619,24191.2682616868,30370.4526169407,Bauru
VI,2020-08-15,17798.0075776684,24762.6643786875,31349.1921137692,Bauru
VI,2020-08-16,18069.5758156625,25332.8468281531,32341.5369249876,Bauru
VI,2020-08-17,18336.2845741764,25901.3069339727,33346.8484434787,Bauru
VI,2020-08-18,18598.0473534014,26467.5331897166,34364.4347796111,Bauru
VI,2020-08-19,18854.7817778071,27031.0174514395,35393.5598882606,Bauru
VI,2020-08-20,19106.4237411693,27591.2737816673,36433.4831782493,Bauru
VI,2020-08-21,19352.9354401888,28147.8515006833,37483.4840981822,Bauru
VI,2020-08-22,19594.287096392,28725.3618153913,38542.8163410438,Bauru
VI,2020-08-23,19830.4506576661,29314.2451831684,39610.6858052673,Bauru
VI,2020-08-24,20061.4126473643,29900.5665226238,40686.2876239278,Bauru
VI,2020-08-25,20287.1584683672,30483.969494731,41768.7601135292,Bauru
VI,2020-08-26,20507.6772030784,31064.0987331655,42857.1959570882,Bauru
VI,2020-08-27,20722.9725203669,31640.6356931778,43950.683820584,Bauru
VI,2020-08-28,20933.0696576758,32213.3203072079,45048.3369804004,Bauru
VI,2020-08-29,21138.0000492618,32781.9086395476,46149.2530643305,Bauru
VI,2020-08-30,21337.7960664543,33287.1717969883,47252.4970172913,Bauru
VI,2020-08-31,21532.5011173322,33768.0052431241,48357.1389361302,Bauru
VI,2020-09-01,21722.1569319032,34239.396880114,49462.2144071642,Bauru
VI,2020-09-02,21906.8072593476,34701.1871447806,50566.7370968845,Bauru
VI,2020-09-03,22086.5060171554,35153.2523392645,51669.7394980946,Bauru
VI,2020-09-04,22261.3231740186,35595.5154603347,52770.3026178276,Bauru
VI,2020-09-05,22431.3320864983,36027.9270514969,53867.5197057842,Bauru
VI,2020-09-06,22596.6052264221,36450.4565831913,54960.4818584936,Bauru
VI,2020-09-07,22757.222088438,36863.1029732428,56048.3130589906,Bauru
VI,2020-09-08,22913.2591037614,37265.8776819196,57130.1344155816,Bauru
VI,2020-09-09,23064.7925412964,37658.8063114151,58205.0752287237,Bauru
VI,2020-09-10,23211.9045866473,38041.9374744418,59272.308521574,Bauru
VI,2020-09-11,23354.688282361,38415.3511002591,60331.0776686998,Bauru
VI,2020-09-12,23493.2373676565,38786.115990499,61380.6621571432,Bauru
VI,2020-09-13,23627.6429554692,39178.2647387342,62420.363503773,Bauru
VI,2020-09-14,23757.9997615978,39561.8865259277,63449.5344905207,Bauru
VI,2020-09-15,23884.3982818226,39937.0109680603,64467.5458120678,Bauru
VI,2020-09-16,24006.927125625,40303.6757540447,65473.7939552299,Bauru
VI,2020-09-17,24125.6776032715,40661.9328098479,66467.7294605218,Bauru
VI,2020-09-18,24240.7478711095,41011.8538644956,67448.8786811717,Bauru
VI,2020-09-19,24352.2349438938,41353.5200731829,68416.8115750816,Bauru
VI,2020-09-20,24460.2321941235,41687.0176038747,69371.1276873234,Bauru
VI,2020-09-21,24564.834279207,42012.4432983035,70311.4791832075,Bauru
VI,2020-09-22,24666.1311645114,42329.8958937288,71237.5403267086,Bauru
VI,2020-09-23,24764.2100151049,42639.4772437604,72149.0125746228,Bauru
VI,2020-09-24,24859.1586944304,42941.297030352,73045.6461360446,Bauru
VI,2020-09-25,24951.0692140491,43235.4773730513,73927.2572945632,Bauru
VI,2020-09-26,25040.0315192488,43522.1445678322,74793.6993945689,Bauru
VI,2020-09-27,25126.1316325963,43801.4256879032,75644.8498096821,Bauru
VI,2020-09-28,25209.4555439061,44073.453115332,76480.6279477484,Bauru
VI,2020-09-29,25290.0846716946,44338.3577256745,77300.9685453537,Bauru
VI,2020-09-30,25368.0973845963,44596.269965569,78105.8251457593,Bauru
VI,2020-10-01,25443.5716859014,44847.3235554678,78895.1865526613,Bauru
VI,2020-10-02,25516.5880507643,45091.6593622619,79669.0908922739,Bauru
VI,2020-10-03,25587.2246056969,45329.4189308967,80427.6007417311,Bauru
VI,2020-10-04,25655.5557514201,45560.7419438381,81170.7919324564,Bauru
VI,2020-10-05,25721.6552200552,45785.769884306,81898.7679285218,Bauru
VI,2020-10-06,25785.5926322959,46004.6408164992,82611.637489894,Bauru
VI,2020-10-07,25847.4347069023,46217.4903495967,83309.517494745,Bauru
VI,2020-10-08,25907.2473283519,46424.45458754,83992.5458036443,Bauru
VI,2020-10-09,25965.0978578081,46625.6733830952,84660.8930856899,Bauru
VI,2020-10-10,26021.0513900895,46821.2852987681,85314.7423297346,Bauru
VI,2020-10-11,26075.1697282963,47011.4257290535,85954.2798199831,Bauru
VI,2020-10-12,26127.5137767311,47196.2298600416,86579.7069252239,Bauru
VI,2020-10-13,26178.1409262033,47375.8286892126,87191.2220529704,Bauru
VI,2020-10-14,26227.1060060643,47550.3498683629,87789.0232866746,Bauru
VI,2020-10-15,26274.4628818733,47719.9200627545,88373.3187120427,Bauru
VI,2020-10-16,26320.2663262979,47884.6676695431,88944.3366168064,Bauru
VI,2020-10-17,26364.5691035102,48044.718885734,89502.3090137894,Bauru
VI,2020-10-18,26407.4212018,48200.1963198246,90047.46465487,Bauru
VI,2020-10-19,26448.8717012434,48351.2213723902,90580.0388306996,Bauru
VI,2020-10-20,26488.9667831132,48497.9111984021,91100.2590864855,Bauru
VI,2020-10-21,26527.7504729906,48640.3794232011,91608.3477537414,Bauru
VI,2020-10-22,26565.2658786901,48778.7380278014,92104.5303601,Bauru
VI,2020-10-23,26601.5566998629,48913.099604773,92589.0444814038,Bauru
VI,2020-10-24,26636.6649465528,49043.5742750047,93062.1266022665,Bauru
VI,2020-10-25,26670.6303611201,49170.268654112,93524.0067937529,Bauru
VI,2020-10-26,26703.4918735201,49293.2877578866,93974.9168509073,Bauru
VI,2020-10-27,26735.286080617,49412.7326754057,94415.0790724664,Bauru
VI,2020-10-28,26766.0478217791,49528.7011617711,94844.7085998968,Bauru
VI,2020-10-29,26795.811140345,49641.2891410939,95264.0202838855,Bauru
VI,2020-10-30,26824.6104999425,49750.592568209,95673.2363185194,Bauru
VI,2020-10-31,26852.4789898147,49856.7049965219,96072.5757365536,Bauru
VI,2020-11-01,26879.4478859342,49959.7168008547,96462.2503449541,Bauru
VI,2020-11-02,26905.5477843597,50059.7166968176,96842.4714237533,Bauru
VI,2020-11-03,26930.8074347454,50156.7899498171,97213.4409063972,Bauru
VI,2020-11-04,26955.2541830778,50251.0188562742,97575.3534306496,Bauru
VI,2020-11-05,26978.9147201873,50342.4839392329,97928.4019260549,Bauru
VI,2020-11-06,27001.8160616733,50431.2654790808,98272.7841299059,Bauru
VI,2020-11-07,27023.9841285353,50517.4415838944,98608.6941220861,Bauru
VI,2020-11-08,27045.4434111439,50601.0875989634,98936.3191816571,Bauru
VI,2020-11-09,27066.2178524508,50682.2773158633,99255.8452467099,Bauru
VI,2020-11-10,27086.329949317,50761.0815870876,99567.4499484448,Bauru
VI,2020-11-11,27105.8010910314,50837.5687114845,99871.3043273629,Bauru
VI,2020-11-12,27124.6521436014,50911.805384299,100167.577358755,Bauru
VI,2020-11-13,27142.9042399498,50983.8579531739,100456.44146076,Bauru
VI,2020-11-14,27160.5776517371,51053.7908793441,100738.065610851,Bauru
VI,2020-11-15,27177.6915299478,51121.6662845312,101012.612875514,Bauru
VI,2020-11-16,27194.2645943347,51187.5449126912,101280.244824666,Bauru
VI,2020-11-17,27210.314438156,51251.4850531868,101541.115997539,Bauru
VI,2020-11-18,27225.8577857907,51313.5428467378,101795.375287056,Bauru
VI,2020-11-19,27240.9109502642,51373.7730402645,102043.169591983,Bauru
VI,2020-11-20,27255.4904714765,51432.2300165521,102284.648439848,Bauru
VI,2020-11-21,27269.6122155186,51488.9665616016,102564.258992089,Bauru
VI,2020-11-22,27283.2911728714,51544.0335136821,102838.849190339,Bauru
VI,2020-11-23,27296.5419979687,51597.4805288979,103107.174518213,Bauru
VI,2020-11-24,27309.3784691836,51649.3552401458,103369.370164491,Bauru
VI,2020-11-25,27321.8136842011,51699.7034984927,103625.56301054,Bauru
VI,2020-11-26,27333.860419532,51748.5699733176,103875.879833293,Bauru
VI,2020-11-27,27345.5316470363,51795.998996268,104120.456805701,Bauru
VI,2020-11-28,27356.8398121479,51842.0335698541,104359.426807222,Bauru
VI,2020-11-29,27367.7966758128,51886.7150932157,104592.914922293,Bauru
VI,2020-11-30,27378.413738083,51930.0839724253,104821.046550991,Bauru
VI,2020-12-01,27388.7018171618,51972.1789604306,105043.937252341,Bauru
VI,2020-12-02,27398.6711972272,52013.0373466983,105261.695552916,Bauru
VI,2020-12-03,27408.33191197,52052.6954349391,105474.42967688,Bauru
VI,2020-12-04,27417.6941635373,52091.189235049,105682.255664157,Bauru
VI,2020-12-05,27426.7677422719,52128.5536627883,105885.286733398,Bauru
VI,2020-12-06,27435.5619021501,52164.8223237209,106083.629591889,Bauru
VI,2020-12-07,27444.0856944984,52200.0280007213,106277.391099762,Bauru
VI,2020-12-08,27452.3476387336,52234.2021334766,106466.669953548,Bauru
VI,2020-12-09,27460.3558340524,52267.3749670973,106651.558967537,Bauru
VI,2020-12-10,27468.1181838782,52299.5759330398,106832.150602184,Bauru
VI,2020-12-11,27475.6427364074,52330.8342167953,107008.54389732,Bauru
VI,2020-12-12,27482.9372168281,52361.1781096417,107180.835527835,Bauru
VI,2020-12-13,27490.008928619,52390.6348371365,107349.116761595,Bauru
VI,2020-12-14,27496.8650174186,52419.2309494889,107513.478941372,Bauru
VI,2020-12-15,27503.512212657,52446.9919091855,107674.006660407,Bauru
VI,2020-12-16,27509.9569118834,52473.9422073096,107830.779602898,Bauru
VI,2020-12-17,27516.205359076,52500.1056679171,107983.877090825,Bauru
VI,2020-12-18,27522.2639220484,52525.5059142522,108133.384004363,Bauru
VI,2020-12-19,27528.1387144258,52550.1658420456,108279.383244814,Bauru
VI,2020-12-20,27533.8355170456,52574.1074824681,108421.953214734,Bauru
VI,2020-12-21,27539.3599873626,52597.3523155963,108561.172335251,Bauru
VI,2020-12-22,27544.7174560747,52619.9209422007,108697.113436164,Bauru
VI,2020-12-23,27549.9129907801,52641.8331748055,108829.845234473,Bauru
VI,2020-12-24,27554.9515381159,52663.1082814899,108959.436078423,Bauru
VI,2020-12-25,27559.8381501831,52683.7653692622,109085.959003908,Bauru
VI,2020-12-26,27564.5776783821,52703.8229548711,109209.485375324,Bauru
VI,2020-12-27,27569.1747105353,52723.2988546605,109330.082790164,Bauru
VI,2020-12-28,27573.6337376669,52742.2104370488,109447.818809623,Bauru
VI,2020-12-29,27577.9589934216,52760.5743601239,109562.756340747,Bauru
VII,2020-07-04,24425.4285714286,24425.4285714286,24425.4285714286,Campinas
VII,2020-07-05,25294.6664233809,25296.9434839223,25371.3317377634,Campinas
VII,2020-07-06,26165.3987869887,26169.1052113475,26310.3317578836,Campinas
VII,2020-07-07,27039.0486632502,27056.9654939554,27256.9242356374,Campinas
VII,2020-07-08,27923.798222916,27963.1757690641,28216.8837091286,Campinas
VII,2020-07-09,28823.9493998904,28890.7083583043,29191.5578406016,Campinas
VII,2020-07-10,25750.7186946643,29841.3458173229,31550.3538714434,Campinas
VII,2020-07-11,26564.3611620115,30816.041796577,32612.9408553004,Campinas
VII,2020-07-12,27397.8183052762,31815.1703314453,33701.4227631343,Campinas
VII,2020-07-13,28252.3789711407,32838.7496513966,34818.2318322463,Campinas
VII,2020-07-14,29129.0862716754,33886.4722106188,35963.8718911645,Campinas
VII,2020-07-15,30028.8118646936,34955.886060955,37139.281811361,Campinas
VII,2020-07-16,30948.705582635,36052.6204290615,38345.379834922,Campinas
VII,2020-07-17,31885.9446254441,37180.6721851297,39583.1744080768,Campinas
VII,2020-07-18,32845.4952446171,38333.7440649637,40853.5994485847,Campinas
VII,2020-07-19,33787.0013287976,39511.6253875324,42157.4545253154,Campinas
VII,2020-07-20,34711.3325490805,40713.7380511496,43495.5179102154,Campinas
VII,2020-07-21,35647.6135298979,41903.4807737606,44868.378209001,Campinas
VII,2020-07-22,36595.5784089707,43099.9809211516,46276.4806046673,Campinas
VII,2020-07-23,37555.1593362042,44364.3207765438,47720.3976708699,Campinas
VII,2020-07-24,38526.5586679321,45639.7168455118,49200.9086443394,Campinas
VII,2020-07-25,39509.9494995183,46865.5250299877,50718.7747007608,Campinas
VII,2020-07-26,40505.3703980177,48110.6560868836,52274.6426667361,Campinas
VII,2020-07-27,41512.8745514299,49432.6641526215,53869.1506810458,Campinas
VII,2020-07-28,42532.2907764635,50803.4693807671,55502.721385704,Campinas
VII,2020-07-29,43563.3004657301,52141.9476638289,57175.5959870791,Campinas
VII,2020-07-30,44605.7962167892,53540.3064723259,58888.1168690418,Campinas
VII,2020-07-31,45659.9575399782,54961.8502983206,60640.798232968,Campinas
VII,2020-08-01,46725.9331409336,56406.5198788678,62434.0538124572,Campinas
VII,2020-08-02,47803.7275545177,57874.0234728707,64268.0717899058,Campinas
VII,2020-08-03,48864.907036421,59363.9753504723,66142.9196311222,Campinas
VII,2020-08-04,49793.6498201611,60875.6546240729,68058.3145082074,Campinas
VII,2020-08-05,50711.5388835569,62408.082737332,70013.6684828803,Campinas
VII,2020-08-06,51617.602849867,63960.3896303605,72008.4128063399,Campinas
VII,2020-08-07,52511.1091251814,65531.9157607884,74042.1067799014,Campinas
VII,2020-08-08,53391.3812290687,67121.9119888024,76114.179338121,Campinas
VII,2020-08-09,54257.7517670472,68729.4478204404,78223.8382238047,Campinas
VII,2020-08-10,55109.6474011806,70353.5920398966,80370.2273263453,Campinas
VII,2020-08-11,55946.469952792,71875.8432629152,82552.2219915735,Campinas
VII,2020-08-12,56767.6411730218,73393.6759495755,84768.5049757796,Campinas
VII,2020-08-13,57572.7587262116,74909.6584032561,87017.9179900124,Campinas
VII,2020-08-14,58361.6105212458,76422.5538870443,89299.5736084292,Campinas
VII,2020-08-15,59134.0134345531,77931.1572607943,91612.5639768011,Campinas
VII,2020-08-16,59889.7688161955,79434.2370227651,93955.8393590035,Campinas
VII,2020-08-17,60628.7288122089,80930.6046165975,96328.3413425457,Campinas
VII,2020-08-18,61350.7025225009,82419.0052125745,98728.7651121947,Campinas
VII,2020-08-19,62055.4939782864,83898.1512455489,101155.61365333,Campinas
VII,2020-08-20,62743.027700876,85366.8800747601,103607.535397963,Campinas
VII,2020-08-21,63413.3645375399,86824.196773683,106083.426449214,Campinas
VII,2020-08-22,64066.5762075149,88269.1373333265,108582.127457972,Campinas
VII,2020-08-23,64702.7125474455,89700.721922503,111102.300681744,Campinas
VII,2020-08-24,65321.8552457337,91118.0162511877,113642.565970764,Campinas
VII,2020-08-25,65924.0468244654,92520.0425665484,116201.272641352,Campinas
VII,2020-08-26,66509.3212022788,93905.8102030446,118776.561397713,Campinas
VII,2020-08-27,67077.8002769639,95274.4476522923,121366.702049952,Campinas
VII,2020-08-28,67629.7078204173,96625.2397890786,123970.202450619,Campinas
VII,2020-08-29,68165.2724283642,97957.5139226483,126585.518748476,Campinas
VII,2020-08-30,68684.7022567934,99270.6013156024,129210.94415261,Campinas
VII,2020-08-31,69188.2258844768,100563.887124798,131844.746175382,Campinas
VII,2020-09-01,69676.0383867081,101836.7373117,134484.956261803,Campinas
VII,2020-09-02,70148.3244149466,103088.523012999,137129.435247968,Campinas
VII,2020-09-03,70605.3301943901,104318.725737454,139776.195897183,Campinas
VII,2020-09-04,71047.3749349449,105526.966916657,142423.510679002,Campinas
VII,2020-09-05,71474.7770125541,106712.913980027,145069.640882168,Campinas
VII,2020-09-06,71887.8347147573,107876.248060159,147712.736133739,Campinas
VII,2020-09-07,72286.8567561751,109016.702560718,150350.963434202,Campinas
VII,2020-09-08,72672.1219647565,110134.003487197,152982.315727228,Campinas
VII,2020-09-09,73043.8965271408,111227.887806628,155604.674311934,Campinas
VII,2020-09-10,73402.4869179653,112298.184961146,158216.102865421,Campinas
VII,2020-09-11,73748.2492069602,113344.83951108,160814.946986904,Campinas
VII,2020-09-12,74081.5339265903,114385.675255652,163399.586458901,Campinas
VII,2020-09-13,74402.6717162589,115552.921741104,165968.344671437,Campinas
VII,2020-09-14,74711.9959671739,116703.019710895,168519.603248311,Campinas
VII,2020-09-15,75009.81312122,117835.793717477,171051.630416248,Campinas
VII,2020-09-16,75296.4155329682,118951.003718955,173562.636283921,Campinas
VII,2020-09-17,75572.1200448299,119793.673170386,176051.030657459,Campinas
VII,2020-09-18,75837.2755055702,120577.990781813,178515.510060767,Campinas
VII,2020-09-19,76092.2221768548,121337.157022653,180954.836284142,Campinas
VII,2020-09-20,76337.2812070966,122071.638339237,183367.75520258,Campinas
VII,2020-09-21,76572.7713886881,122781.924559017,185753.094179665,Campinas
VII,2020-09-22,76798.987521624,123468.486393003,188109.610590051,Campinas
VII,2020-09-23,77016.21002512,124131.785276713,190436.038210741,Campinas
VII,2020-09-24,77224.7329094298,124826.701707223,192731.306381504,Campinas
VII,2020-09-25,77424.8697944163,125552.706917703,194994.61292131,Campinas
VII,2020-09-26,77616.924356615,126257.681140062,197225.230640001,Campinas
VII,2020-09-27,77801.1827216748,126941.990645725,199422.435475796,Campinas
VII,2020-09-28,77977.9258684313,127606.015912946,201585.586800277,Campinas
VII,2020-09-29,78147.414009567,128250.122391913,203713.996135609,Campinas
VII,2020-09-30,78309.8938084427,128874.668635684,205806.964968734,Campinas
VII,2020-10-01,78465.6186113163,129480.042533934,207863.967067126,Campinas
VII,2020-10-02,78614.8532252278,130066.671646577,209884.708051553,Campinas
VII,2020-10-03,78757.8525826734,130634.987219026,211868.960224591,Campinas
VII,2020-10-04,78894.8563022638,131185.411244188,213816.500335119,Campinas
VII,2020-10-05,79026.0978768016,131718.369625143,215727.174875068,Campinas
VII,2020-10-06,79151.7934630859,132234.269855691,217600.788635363,Campinas
VII,2020-10-07,79272.1473177109,132733.507556163,219437.135441845,Campinas
VII,2020-10-08,79387.3664045031,133216.494182761,221236.147900011,Campinas
VII,2020-10-09,79497.6641472132,133683.665196134,222997.945613126,Campinas
VII,2020-10-10,79603.2451045883,134135.452754356,224722.697247969,Campinas
VII,2020-10-11,79704.3010991578,134572.27598092,226410.568016305,Campinas
VII,2020-10-12,79801.018016528,134994.551282404,228061.772652005,Campinas
VII,2020-10-13,79893.5677756525,135402.675481461,229676.482671971,Campinas
VII,2020-10-14,79982.1124220474,135797.031164071,231254.851652053,Campinas
VII,2020-10-15,80066.814652137,136178.007921073,232797.137359813,Campinas
VII,2020-10-16,80147.8407243851,136546.008851298,234303.740746876,Campinas
VII,2020-10-17,80225.349474368,136901.429982988,235775.09283951,Campinas
VII,2020-10-18,80299.489556286,137244.653035296,237211.611428607,Campinas
VII,2020-10-19,80370.4044623128,137576.053545775,238613.744144467,Campinas
VII,2020-10-20,80438.2267646878,137895.988189665,239981.892512106,Campinas
VII,2020-10-21,80503.081190664,138204.79917359,241316.433003465,Campinas
VII,2020-10-22,80565.0921875454,138502.830530757,242617.81623015,Campinas
VII,2020-10-23,80624.3861548817,138790.433296603,243886.59851129,Campinas
VII,2020-10-24,80681.0835701281,139067.950046651,245123.350362524,Campinas
VII,2020-10-25,80735.2970134767,139335.709533318,246328.62138805,Campinas
VII,2020-10-26,80787.1348628781,139594.033086068,247502.975376845,Campinas
VII,2020-10-27,80836.6971530278,139843.225085935,248646.928817898,Campinas
VII,2020-10-28,80884.0778793801,140083.576559348,249760.968568633,Campinas
VII,2020-10-29,80929.3704239379,140315.377669847,250845.63217556,Campinas
VII,2020-10-30,80972.6692513832,140538.921817802,251901.53344285,Campinas
VII,2020-10-31,81014.0642570351,140754.494022663,252929.289065264,Campinas
VII,2020-11-01,81053.6393434682,140962.366942727,253929.49048937,Campinas
VII,2020-11-02,81091.4751343358,141162.805899137,254902.732524918,Campinas
VII,2020-11-03,81127.6459848442,141356.061705672,255849.563929828,Campinas
VII,2020-11-04,81162.2217052103,141542.37358508,256770.502267792,Campinas
VII,2020-11-05,81195.2714445675,141721.978731659,257666.098788842,Campinas
VII,2020-11-06,81226.8649720824,141895.11553941,258536.959121782,Campinas
VII,2020-11-07,81257.0686117623,142062.014856878,259383.684777404,Campinas
VII,2020-11-08,81285.944209872,142222.8970189,260206.850740236,Campinas
VII,2020-11-09,81313.5511251998,142377.975774859,261007.028770529,Campinas
VII,2020-11-10,81339.9440619505,142527.452871597,261784.74785074,Campinas
VII,2020-11-11,81365.1743584502,142671.520401186,262540.506653084,Campinas
VII,2020-11-12,81389.2927626779,142810.368110336,263274.825836215,Campinas
VII,2020-11-13,81412.3503969719,142944.185928874,263988.264761242,Campinas
VII,2020-11-14,81434.3958270606,143073.157368342,264681.374982806,Campinas
VII,2020-11-15,81455.4743082754,143197.457294366,265354.682453394,Campinas
VII,2020-11-16,81475.6292443732,143317.254987297,266008.706463542,Campinas
VII,2020-11-17,81494.9006100854,143432.710031817,266643.92803558,Campinas
VII,2020-11-18,81513.3259156467,143543.974194626,267260.800341228,Campinas
VII,2020-11-19,81530.9421872601,143651.197004593,267859.790776549,Campinas
VII,2020-11-20,81547.7866931525,143754.527725654,268441.394436136,Campinas
VII,2020-11-21,81563.8948247622,143854.110357336,269006.09716984,Campinas
VII,2020-11-22,81579.2995433398,143950.081951688,269672.49383588,Campinas
VII,2020-11-23,81594.0324495394,144042.574991567,270324.50271924,Campinas
VII,2020-11-24,81608.1226304832,144131.714257725,270959.082376231,Campinas
VII,2020-11-25,81621.5973831856,144217.618323359,271576.571564135,Campinas
VII,2020-11-26,81634.4836255823,144300.40381033,272177.354557489,Campinas
VII,2020-11-27,81646.8084438047,144380.186925199,272761.888445084,Campinas
VII,2020-11-28,81658.5975561999,144457.079659977,273330.620830736,Campinas
VII,2020-11-29,81669.8749049714,144531.188512211,273883.960020914,Campinas
VII,2020-11-30,81680.6634411723,144602.616329948,274422.309875233,Campinas
VII,2020-12-01,81690.984278647,144671.459913382,274946.014756943,Campinas
VII,2020-12-02,81700.857238299,144737.811200832,275455.379766682,Campinas
VII,2020-12-03,81710.3018517334,144801.760513437,275950.745436464,Campinas
VII,2020-12-04,81719.3377750808,144863.397750321,276432.509921123,Campinas
VII,2020-12-05,81727.9836723021,144922.809491574,276901.062088755,Campinas
VII,2020-12-06,81736.2569124672,144980.078019061,277356.757209315,Campinas
VII,2020-12-07,81744.174146786,145035.282746633,277799.945511427,Campinas
VII,2020-12-08,81751.7506852708,145088.498376475,278230.927179345,Campinas
VII,2020-12-09,81759.0009078106,145139.795838737,278649.969195949,Campinas
VII,2020-12-10,81765.9389765926,145189.244764656,279057.366324694,Campinas
VII,2020-12-11,81772.5791504177,145236.914417159,279453.459138445,Campinas
VII,2020-12-12,81778.9349704151,145282.871474436,279838.579635667,Campinas
VII,2020-12-13,81785.0190346859,145327.179276789,280213.031418605,Campinas
VII,2020-12-14,81790.8434233376,145369.898935404,280577.113067136,Campinas
VII,2020-12-15,81796.4192374094,145411.087909603,280931.081354464,Campinas
VII,2020-12-16,81801.7569107578,145450.800751028,281275.165247555,Campinas
VII,2020-12-17,81806.8667144278,145489.090988824,281609.615653933,Campinas
VII,2020-12-18,81811.7589967037,145526.011855573,281934.720068252,Campinas
VII,2020-12-19,81816.4435875186,145561.614586092,282250.758360915,Campinas
VII,2020-12-20,81820.9296300353,145595.94783532,282557.986613536,Campinas
VII,2020-12-21,81825.2258944862,145629.058538591,282856.656237137,Campinas
VII,2020-12-22,81829.3404357557,145660.990809642,283146.983900073,Campinas
VII,2020-12-23,81833.2808312079,145691.786530382,283429.163155035,Campinas
VII,2020-12-24,81837.054536513,145721.486788304,283703.40500056,Campinas
VII,2020-12-25,81840.6690701378,145750.132444311,283969.949785994,Campinas
VII,2020-12-26,81844.1315763426,145777.762822876,284229.031251539,Campinas
VII,2020-12-27,81847.4486988526,145804.41526015,284480.863340239,Campinas
VII,2020-12-28,81850.6268132292,145830.125772339,284725.655830115,Campinas
VII,2020-12-29,81853.6717715432,145854.928199168,284963.589738846,Campinas
VIII,2020-07-04,1149.71428571429,1149.71428571429,1149.71428571429,Franca
VIII,2020-07-05,1196.27847003,1196.52396890469,1200.61474520454,Franca
VIII,2020-07-06,1243.79730566268,1243.88826424882,1251.68664770214,Franca
VIII,2020-07-07,1291.70408491887,1292.4394334483,1303.52413267953,Franca
VIII,2020-07-08,1340.12188695115,1341.92237143641,1355.96245236006,Franca
VIII,2020-07-09,1389.1260927802,1392.30583260965,1409.02906600972,Franca
VIII,2020-07-10,1245.63957247727,1443.58277520048,1528.89027749801,Franca
VIII,2020-07-11,1289.04899199231,1495.75314304012,1585.76550540424,Franca
VIII,2020-07-12,1332.94651483777,1548.82021547087,1643.39188319977,Franca
VIII,2020-07-13,1377.38096553658,1602.78971916221,1701.80029543941,Franca
VIII,2020-07-14,1422.3701242033,1657.62657416949,1761.01842819951,Franca
VIII,2020-07-15,1467.93011725459,1713.40397004569,1821.07205768104,Franca
VIII,2020-07-16,1514.08023515948,1770.09290921466,1881.98804958438,Franca
VIII,2020-07-17,1560.84538397182,1827.70035020288,1943.79616464989,Franca
VIII,2020-07-18,1608.25074617386,1886.23242657479,2006.5261904989,Franca
VIII,2020-07-19,1654.59865166967,1945.95783664663,2070.20671053239,Franca
VIII,2020-07-20,1699.28367279786,2006.68585319763,2134.86723511218,Franca
VIII,2020-07-21,1744.13256300895,2067.62744686509,2200.53422912553,Franca
VIII,2020-07-22,1789.14955225278,2128.43895967654,2267.23264259018,Franca
VIII,2020-07-23,1834.34117252113,2191.04792297273,2334.98922270568,Franca
VIII,2020-07-24,1879.71829064131,2254.76110606783,2403.83424319224,Franca
VIII,2020-07-25,1925.29160046409,2319.34573106098,2473.79846872562,Franca
VIII,2020-07-26,1971.06976572657,2384.79578290611,2544.91163938833,Franca
VIII,2020-07-27,2017.06272183121,2449.41694947323,2617.20488965431,Franca
VIII,2020-07-28,2063.27573194722,2513.82135220821,2690.70614154483,Franca
VIII,2020-07-29,2109.7120512363,2578.79408238937,2765.44189628205,Franca
VIII,2020-07-30,2156.3776339617,2644.32013237176,2841.44084937799,Franca
VIII,2020-07-31,2203.28292822549,2713.21965207342,2918.73556259842,Franca
VIII,2020-08-01,2250.43841667459,2783.87089636358,2997.3592515629,Franca
VIII,2020-08-02,2297.85255573174,2855.46875142666,3077.3439813073,Franca
VIII,2020-08-03,2345.53529160581,2928.01348696447,3158.72330162542,Franca
VIII,2020-08-04,2393.49174163031,3001.50281692987,3241.52716589913,Franca
VIII,2020-08-05,2441.72508233587,3075.93264910621,3325.78385970646,Franca
VIII,2020-08-06,2490.24136192289,3151.29860061771,3411.52390013566,Franca
VIII,2020-08-07,2539.05116739211,3227.59656583354,3498.78174465206,Franca
VIII,2020-08-08,2588.16520288808,3304.82108495036,3587.59232253379,Franca
VIII,2020-08-09,2637.5920825654,3382.96452618116,3677.98894349489,Franca
VIII,2020-08-10,2687.34184663155,3462.01810000419,3770.00606155304,Franca
VIII,2020-08-11,2737.41964129706,3540.36357220686,3863.67380641765,Franca
VIII,2020-08-12,2787.82856230774,3618.46184271029,3959.01996398104,Franca
VIII,2020-08-13,2838.57457707488,3700.45081374817,4056.07412936684,Franca
VIII,2020-08-14,2889.66818684505,3785.03846363791,4154.86944919077,Franca
VIII,2020-08-15,2941.11997098917,3870.71297344273,4255.43883042597,Franca
VIII,2020-08-16,2992.93826751358,3957.46919113602,4357.81261896161,Franca
VIII,2020-08-17,3045.13263136052,4045.30129115639,4462.02147117195,Franca
VIII,2020-08-18,3097.70759323703,4134.19970322071,4568.09049354458,Franca
VIII,2020-08-19,3150.66541495885,4218.24800627758,4676.04131742579,Franca
VIII,2020-08-20,3204.01111266928,4302.18384703584,4785.89645257394,Franca
VIII,2020-08-21,3257.75410924301,4386.40719434877,4897.68104362809,Franca
VIII,2020-08-22,3311.90370978031,4472.1389661619,5011.41879628288,Franca
VIII,2020-08-23,3366.46673072559,4565.17997454345,5127.12955119368,Franca
VIII,2020-08-24,3421.45094073751,4650.47795352379,5244.83229329188,Franca
VIII,2020-08-25,3476.85882618491,4735.87228070855,5364.53899443227,Franca
VIII,2020-08-26,3532.6903455356,4821.311694205,5486.25688836287,Franca
VIII,2020-08-27,3588.94800451896,4906.74567517704,5609.99299434763,Franca
VIII,2020-08-28,3645.63846337461,4992.12515025513,5735.75593018031,Franca
VIII,2020-08-29,3702.76795867144,5077.40159384299,5863.55172313888,Franca
VIII,2020-08-30,3760.3399547759,5162.52684209618,5993.38145082863,Franca
VIII,2020-08-31,3818.35859589514,5247.45401016075,6125.24444277819,Franca
VIII,2020-09-01,3876.82244910888,5333.6330689207,6259.13204818928,Franca
VIII,2020-09-02,3935.72734101163,5427.35306655891,6395.03019083838,Franca
VIII,2020-09-03,3991.10420118647,5521.49674665011,6532.92401681605,Franca
VIII,2020-09-04,4037.727876286,5616.02975817653,6672.79981327582,Franca
VIII,2020-09-05,4083.95931566815,5710.9172095793,6814.64088753525,Franca
VIII,2020-09-06,4129.78411593992,5806.12327613801,6958.42538452565,Franca
VIII,2020-09-07,4175.18899608451,5901.61214944095,7104.12964321067,Franca
VIII,2020-09-08,4220.15975517251,5997.34663800748,7251.72209560015,Franca
VIII,2020-09-09,4264.68242976742,6093.28904750118,7401.16604087856,Franca
VIII,2020-09-10,4308.74468124489,6189.40232566903,7552.42424941752,Franca
VIII,2020-09-11,4352.33652563859,6285.65048606601,7705.46094388764,Franca
VIII,2020-09-12,4395.4484936525,6381.99758554754,7860.23782066309,Franca
VIII,2020-09-13,4438.07116904889,6478.40729677642,8016.71203614354,Franca
VIII,2020-09-14,4480.19637248616,6574.84374252666,8174.83955815494,Franca
VIII,2020-09-15,4521.8154581849,6671.27010713751,8334.56931790878,Franca
VIII,2020-09-16,4562.92024183794,6767.64944726387,8495.84604672546,Franca
VIII,2020-09-17,4603.50403714124,6863.94565687288,8658.61461310737,Franca
VIII,2020-09-18,4643.5623363923,6960.12383636492,8822.82200438692,Franca
VIII,2020-09-19,4683.09122037214,7056.14929786812,8988.41352500763,Franca
VIII,2020-09-20,4722.08694329431,7151.98715620336,9155.33094592071,Franca
VIII,2020-09-21,4760.54688940123,7247.6030868501,9323.51572157251,Franca
VIII,2020-09-22,4798.4681615111,7342.96205064471,9492.90351974698,Franca
VIII,2020-09-23,4835.8482859252,7438.02909375123,9663.42701503854,Franca
VIII,2020-09-24,4872.68596431144,7532.77019812891,9835.01982955989,Franca
VIII,2020-09-25,4908.98171490166,7627.15268534656,10007.6185302724,Franca
VIII,2020-09-26,4944.73650010108,7721.14434017337,10181.1590696431,Franca
VIII,2020-09-27,4979.95135683357,7814.7130968073,10355.5751382239,Franca
VIII,2020-09-28,5014.62816836406,7907.82776946375,10530.8011943405,Franca
VIII,2020-09-29,5048.76851259609,8000.45695700309,10706.76748089,Franca
VIII,2020-09-30,5082.37417920831,8092.56984274037,10883.4026946751,Franca
VIII,2020-10-01,5115.44771314471,8184.13694385776,11060.6374612686,Franca
VIII,2020-10-02,5147.99303515155,8275.13055488442,11238.4063561871,Franca
VIII,2020-10-03,5180.01427179027,8365.52397962169,11416.6446010184,Franca
VIII,2020-10-04,5211.51544134219,8458.20121498315,11595.28660284,Franca
VIII,2020-10-05,5242.50108972897,8557.11091636838,11774.268727113,Franca
VIII,2020-10-06,5272.97537153691,8655.55233934319,11953.5248071267,Franca
VIII,2020-10-07,5302.94242508545,8748.91741400155,12132.988554337,Franca
VIII,2020-10-08,5332.40677384205,8834.50863055709,12312.5964889669,Franca
VIII,2020-10-09,5361.37393668276,8919.30685821793,12492.2899276278,Franca
VIII,2020-10-10,5389.84944365957,9003.29670741512,12672.0118735266,Franca
VIII,2020-10-11,5417.83858091586,9086.46336922944,12851.7056631757,Franca
VIII,2020-10-12,5445.34692682932,9168.79340919108,13031.3174011434,Franca
VIII,2020-10-13,5472.37963115667,9250.27357524175,13210.7919074862,Franca
VIII,2020-10-14,5498.94168496839,9330.89119850992,13390.0747406197,Franca
VIII,2020-10-15,5525.03822484183,9410.63475289392,13569.1145479498,Franca
VIII,2020-10-16,5550.67512693726,9489.49468690245,13747.8649708609,Franca
VIII,2020-10-17,5575.85818373242,9567.46233550054,13926.2816851246,Franca
VIII,2020-10-18,5600.59290006635,9644.52951433654,14104.3211073815,Franca
VIII,2020-10-19,5624.88494948423,9720.68919155646,14281.9424783548,Franca
VIII,2020-10-20,5648.73961099229,9795.9345038337,14459.1042268246,Franca
VIII,2020-10-21,5672.16195852061,9870.25904324217,14635.7655723022,Franca
VIII,2020-10-22,5695.15709525173,9943.65728649949,14811.888356215,Franca
VIII,2020-10-23,5717.73071576561,10016.1253680396,14987.438881029,Franca
VIII,2020-10-24,5739.88841609711,10087.6601347608,15162.3851245874,Franca
VIII,2020-10-25,5761.63552801716,10158.2587984924,15336.6955281448,Franca
VIII,2020-10-26,5782.97750627867,10227.9195062944,15510.3407936606,Franca
VIII,2020-10-27,5803.91948480409,10296.6405326644,15683.2906865985,Franca
VIII,2020-10-28,5824.46640282961,10364.4204787266,15855.5152759778,Franca
VIII,2020-10-29,5844.62318757713,10431.2586059956,16026.9863696686,Franca
VIII,2020-10-30,5864.39526855831,10497.155543311,16197.6793390713,Franca
VIII,2020-10-31,5883.78799682032,10562.1124713658,16367.5705620805,Franca
VIII,2020-11-01,5902.80650613411,10626.1308266167,16536.6363404647,Franca
VIII,2020-11-02,5921.45603922612,10689.2127858418,16704.8544990779,Franca
VIII,2020-11-03,5939.74159308647,10751.3606039658,16872.2016450488,Franca
VIII,2020-11-04,5957.66799585454,10812.5767469791,17038.6541305464,Franca
VIII,2020-11-05,5975.24005207095,10872.864156288,17204.1892134002,Franca
VIII,2020-11-06,5992.46299883004,10932.2268839834,17368.7868980127,Franca
VIII,2020-11-07,6009.34201592001,10990.6693932235,17532.4276418237,Franca
VIII,2020-11-08,6025.88210667737,11048.1963066194,17695.0914280503,Franca
VIII,2020-11-09,6042.08837150043,11104.8128180587,17856.7592278247,Franca
VIII,2020-11-10,6057.96572067376,11160.5241495622,18017.4106953597,Franca
VIII,2020-11-11,6073.51891459688,11215.3356354613,18177.0249207802,Franca
VIII,2020-11-12,6088.75268331507,11269.2529365626,18335.5814000481,Franca
VIII,2020-11-13,6103.6721209856,11322.2826019218,18493.0618796429,Franca
VIII,2020-11-14,6118.28227348841,11374.4314716061,18649.4483246812,Franca
VIII,2020-11-15,6132.58803518764,11425.7064633252,18804.7221387565,Franca
VIII,2020-11-16,6146.59437823037,11476.1149225486,18958.865512288,Franca
VIII,2020-11-17,6160.3061180751,11525.6641762889,19111.859497684,Franca
VIII,2020-11-18,6173.72792804037,11574.3615824432,19263.6845915643,Franca
VIII,2020-11-19,6186.86444202963,11622.2147074726,19414.3215613857,Franca
VIII,2020-11-20,6199.7205891128,11669.2318162407,19563.7532491427,Franca
VIII,2020-11-21,6212.30124806581,11715.421364392,19711.9627736061,Franca
VIII,2020-11-22,6224.61115813759,11760.7918176794,19858.9328674565,Franca
VIII,2020-11-23,6236.65511195021,11805.3519496087,20004.6471106878,Franca
VIII,2020-11-24,6248.43776327976,11849.1104740186,20149.0883144838,Franca
VIII,2020-11-25,6259.96362475344,11892.076070133,20292.2389540088,Franca
VIII,2020-11-26,6271.2371596851,11934.2575331583,20434.0818777977,Franca
VIII,2020-11-27,6282.26306180376,11975.664196221,20574.6020162674,Franca
VIII,2020-11-28,6293.04596756768,12016.3055004842,20713.7847830787,Franca
VIII,2020-11-29,6303.59037962016,12056.1908422718,20851.6154961182,Franca
VIII,2020-11-30,6313.90082980776,12095.3298260022,20988.0804880036,Franca
VIII,2020-12-01,6323.98172133711,12133.7319608891,21123.1657316232,Franca
VIII,2020-12-02,6333.8373161634,12171.4066695289,21256.8571394997,Franca
VIII,2020-12-03,6343.47181923176,12208.3634178351,21389.1411745347,Franca
VIII,2020-12-04,6352.88960987389,12244.6120748084,21520.0064186867,Franca
VIII,2020-12-05,6362.09500348847,12280.1625496726,21649.4421438752,Franca
VIII,2020-12-06,6371.0921863754,12315.0246626416,21777.4377915791,Franca
VIII,2020-12-07,6379.88535401,12349.2083598456,21903.9839572642,Franca
VIII,2020-12-08,6388.47858129468,12382.7234624563,22029.071205426,Franca
VIII,2020-12-09,6396.875804183,12415.5796646215,22152.6902541479,Franca
VIII,2020-12-10,6405.08089777324,12447.786647215,22274.8325050658,Franca
VIII,2020-12-11,6413.09786624828,12479.3543821954,22395.4914462887,Franca
VIII,2020-12-12,6420.93064618995,12510.2928273056,22514.6613730186,Franca
VIII,2020-12-13,6428.58305139133,12540.6118170615,22632.3369121011,Franca
VIII,2020-12-14,6436.05889038514,12570.321245532,22748.5138854014,Franca
VIII,2020-12-15,6443.36185965243,12599.4308586111,22863.1882786165,Franca
VIII,2020-12-16,6450.49552249866,12627.9502455826,22976.3563335559,Franca
VIII,2020-12-17,6457.46338139669,12655.888939848,23088.0150150211,Franca
VIII,2020-12-18,6464.26903305223,12683.2566749823,23198.1632408117,Franca
VIII,2020-12-19,6470.91600642184,12710.0631286919,23306.8007400872,Franca
VIII,2020-12-20,6477.40771610239,12736.3178311605,23413.927618202,Franca
VIII,2020-12-21,6483.74756228211,12768.867970391,23519.5451101925,Franca
VIII,2020-12-22,6489.93884269326,12802.3357215158,23623.6546801672,Franca
VIII,2020-12-23,6495.98473068148,12835.3328087958,23726.2580451275,Franca
VIII,2020-12-24,6501.88834175092,12867.867498648,23827.3575941614,Franca
VIII,2020-12-25,6507.65285971449,12899.948708852,23926.9574521606,Franca
VIII,2020-12-26,6513.28140338952,12931.5851658241,24025.0624677132,Franca
VIII,2020-12-27,6518.77698726352,12962.7851345842,24121.6778180555,Franca
VIII,2020-12-28,6524.14260645659,12993.5569255064,24216.8096662363,Franca
VIII,2020-12-29,6529.38116398482,13023.9081855536,24310.4643753083,Franca
X,2020-07-04,7254.28571428571,7254.28571428571,7254.28571428571,Piracicaba
X,2020-07-05,7534.98062538239,7535.91675543562,7560.11039521549,Piracicaba
X,2020-07-06,7824.27162160474,7825.72877996654,7871.90558248069,Piracicaba
X,2020-07-07,8117.34199810573,8124.01679585318,8190.38709120143,Piracicaba
X,2020-07-08,8413.63325630392,8428.17718798512,8512.16808825241,Piracicaba
X,2020-07-09,8712.04546394511,8737.04657060274,8836.19746920357,Piracicaba
X,2020-07-10,7802.24390636843,9049.82305795366,9575.90588057903,Piracicaba
X,2020-07-11,8062.4018901465,9365.92894804307,9917.07113446485,Piracicaba
X,2020-07-12,8322.8684658293,9684.92726293694,10258.7781148794,Piracicaba
X,2020-07-13,8583.41439708335,10006.4764978928,10600.6839590932,Piracicaba
X,2020-07-14,8843.89497914753,10330.2014836652,10943.3910258751,Piracicaba
X,2020-07-15,9104.22974642228,10656.0029845826,11287.6386821174,Piracicaba
X,2020-07-16,9364.38869525636,10983.5600973888,11632.4557012863,Piracicaba
X,2020-07-17,9624.38051184752,11312.670856734,11977.869061264,Piracicaba
X,2020-07-18,9884.24111889951,11643.136277349,12323.9292898334,Piracicaba
X,2020-07-19,10144.0253559803,11974.7459399566,12670.7016418552,Piracicaba
X,2020-07-20,10403.8029519861,12307.2920180332,13018.2634366764,Piracicaba
X,2020-07-21,10663.6518199636,12640.5430179589,13366.6962696383,Piracicaba
X,2020-07-22,10923.6557124021,12966.5778052168,13716.0848489459,Piracicaba
X,2020-07-23,11183.904112434,13275.5913521157,14066.5188547652,Piracicaba
X,2020-07-24,11440.1084840098,13582.8825246444,14418.092215961,Piracicaba
X,2020-07-25,11683.315972183,13888.4025447883,14770.8983167681,Piracicaba
X,2020-07-26,11925.35530721,14192.0871221391,15125.0271212604,Piracicaba
X,2020-07-27,12166.2871383876,14500.6262214574,15480.5669892696,Piracicaba
X,2020-07-28,12406.1468479319,14820.7525788504,15837.5997172252,Piracicaba
X,2020-07-29,12644.9585911409,15145.2311686833,16196.2017053903,Piracicaba
X,2020-07-30,12882.7634864155,15471.9800868955,16556.4474294347,Piracicaba
X,2020-07-31,13119.6249667603,15781.3265542071,16918.4098985153,Piracicaba
X,2020-08-01,13355.6026344218,16101.4453577336,17282.1564043742,Piracicaba
X,2020-08-02,13590.7396332035,16421.4415829302,17647.7459717355,Piracicaba
X,2020-08-03,13825.0823750911,16741.2533125775,18015.2317340404,Piracicaba
X,2020-08-04,14058.6510446336,17060.8016644309,18384.6559354406,Piracicaba
X,2020-08-05,14291.4542246556,17379.9968503907,18756.0514596982,Piracicaba
X,2020-08-06,14523.5164441475,17698.7496330316,19129.4454845304,Piracicaba
X,2020-08-07,14754.8840579762,18016.9746547326,19504.8602323807,Piracicaba
X,2020-08-08,14985.5991759668,18334.5796318776,19882.3086175327,Piracicaba
X,2020-08-09,15215.6865806536,18644.792820568,20261.7916100036,Piracicaba
X,2020-08-10,15445.1739501698,18940.9980744895,20643.3009636076,Piracicaba
X,2020-08-11,15674.0620985221,19234.2386673775,21026.8141262408,Piracicaba
X,2020-08-12,15902.3401501357,19524.367106117,21412.2960888739,Piracicaba
X,2020-08-13,16130.0122031041,19811.2497825293,21799.7032695444,Piracicaba
X,2020-08-14,16357.1040003154,20094.7716520383,22188.9847034367,Piracicaba
X,2020-08-15,16583.6368993145,20374.822607441,22580.0777875743,Piracicaba
X,2020-08-16,16809.6143462139,20651.2910787531,22972.9058112325,Piracicaba
X,2020-08-17,17035.0426077406,20924.0747086034,23367.3812228155,Piracicaba
X,2020-08-18,17232.6694461572,21193.5637966461,23763.4008217129,Piracicaba
X,2020-08-19,17404.7841234537,21486.7776070235,24160.8481475249,Piracicaba
X,2020-08-20,17572.9624188921,21771.037986867,24559.5978057951,Piracicaba
X,2020-08-21,17737.2248953769,22011.0327458089,24959.5173721547,Piracicaba
X,2020-08-22,17897.5954838508,22245.4160395322,25360.4635931554,Piracicaba
X,2020-08-23,18054.0898797063,22478.7796100785,25762.2804231359,Piracicaba
X,2020-08-24,18206.7327862087,22701.7800463169,26164.8029927795,Piracicaba
X,2020-08-25,18355.5348773822,22919.1018151351,26567.8534483888,Piracicaba
X,2020-08-26,18500.5055182065,23141.3420540765,26971.2440118019,Piracicaba
X,2020-08-27,18641.6698576863,23388.5665518828,27374.7817747807,Piracicaba
X,2020-08-28,18779.0753923967,23631.5867883752,27786.7908395171,Piracicaba
X,2020-08-29,18912.772311965,23870.3349166176,28214.2792698201,Piracicaba
X,2020-08-30,19042.803942908,24104.7448004115,28641.7410708326,Piracicaba
X,2020-08-31,19169.2204541388,24334.7614960685,29068.9503473611,Piracicaba
X,2020-09-01,19292.0605011873,24560.3284229188,29495.636844956,Piracicaba
X,2020-09-02,19411.3614319133,24781.3937644235,29921.5156676158,Piracicaba
X,2020-09-03,19527.1722875188,24997.9199481835,30346.3326874953,Piracicaba
X,2020-09-04,19639.5592142745,25209.8885602813,30769.8835982658,Piracicaba
X,2020-09-05,19748.5898467517,25417.2897321657,31191.9660202824,Piracicaba
X,2020-09-06,19854.3256396504,25620.1159555127,31612.354236117,Piracicaba
X,2020-09-07,19956.8325576581,25818.3694739059,32030.838831529,Piracicaba
X,2020-09-08,20056.1667321605,26012.0515882363,32447.1755309883,Piracicaba
X,2020-09-09,20152.3825239813,26201.1677009648,32861.1133307114,Piracicaba
X,2020-09-10,20245.5423254871,26385.7345344669,33272.4355307147,Piracicaba
X,2020-09-11,20335.7209119239,26565.7838716812,33680.9779129221,Piracicaba
X,2020-09-12,20422.9932741687,26741.3538158373,34086.5830674286,Piracicaba
X,2020-09-13,20507.4286178776,26912.4836369394,34489.0757952759,Piracicaba
X,2020-09-14,20589.0986061822,27079.2194710547,34888.2995334299,Piracicaba
X,2020-09-15,20668.0663388677,27241.6056766241,35284.0685799783,Piracicaba
X,2020-09-16,20744.3926655319,27399.6888226936,35676.1939479139,Piracicaba
X,2020-09-17,20817.8737450493,27553.5232029421,36064.5196812992,Piracicaba
X,2020-09-18,20877.9357821724,27703.1736818383,36448.9394707703,Piracicaba
X,2020-09-19,20935.6516151014,27848.7087279422,36829.3545436258,Piracicaba
X,2020-09-20,20991.1030982992,27990.1963036665,37205.6506982869,Piracicaba
X,2020-09-21,21044.3709972031,28127.7082707107,37577.7310539001,Piracicaba
X,2020-09-22,21095.5313365729,28298.0070567415,37945.4727801611,Piracicaba
X,2020-09-23,21144.6577120247,28467.2512608642,38308.750570711,Piracicaba
X,2020-09-24,21191.8236290774,28633.4051666181,38667.4685183892,Piracicaba
X,2020-09-25,21237.1033881867,28796.4975085628,39021.5748970694,Piracicaba
X,2020-09-26,21280.5689019457,28956.5588031561,39371.024531916,Piracicaba
X,2020-09-27,21322.2883716752,29113.6133449496,39715.758160485,Piracicaba
X,2020-09-28,21362.3285151739,29267.6901411038,40055.731341927,Piracicaba
X,2020-09-29,21400.7519183696,29418.8082062788,40390.8762174016,Piracicaba
X,2020-09-30,21437.6188163782,29566.9845325004,40721.1225370934,Piracicaba
X,2020-10-01,21472.9888423634,29712.2444477023,41046.4253860381,Piracicaba
X,2020-10-02,21506.9217354748,29845.3566476837,41366.7779406433,Piracicaba
X,2020-10-03,21539.4750201649,29952.845932824,41682.1785783301,Piracicaba
X,2020-10-04,21570.7030653506,30057.256723437,41992.6128027763,Piracicaba
X,2020-10-05,21600.6587589343,30158.6605923912,42298.0782915976,Piracicaba
X,2020-10-06,21629.3915881745,30257.1262553911,42598.5516732103,Piracicaba
X,2020-10-07,21656.9490004938,30352.7214069762,42894.0070748116,Piracicaba
X,2020-10-08,21683.3777034317,30445.5149466964,43184.4400002419,Piracicaba
X,2020-10-09,21708.7242204242,30535.578081479,43469.8780253651,Piracicaba
X,2020-10-10,21733.0331948991,30622.9814406465,43750.3524970879,Piracicaba
X,2020-10-11,21756.3467204143,30707.7934714815,44025.8829966113,Piracicaba
X,2020-10-12,21778.7055918003,30790.0823461621,44296.4987108347,Piracicaba
X,2020-10-13,21800.147910691,30869.9132177071,44562.2099300351,Piracicaba
X,2020-10-14,21820.7101184804,30947.3497276056,44823.0242025446,Piracicaba
X,2020-10-15,21840.4279571077,31022.4557769787,45078.9667349628,Piracicaba
X,2020-10-16,21859.3369000618,31095.2964177959,45330.089173178,Piracicaba
X,2020-10-17,21877.4709072897,31165.9356208353,45576.4455374991,Piracicaba
X,2020-10-18,21894.8619460421,31234.4350596175,45818.0790652368,Piracicaba
X,2020-10-19,21911.540922081,31300.8556323171,46055.0402528074,Piracicaba
X,2020-10-20,21927.5366629483,31365.2553456095,46287.3626425152,Piracicaba
X,2020-10-21,21942.8766985248,31427.6905481919,46515.0767636853,Piracicaba
X,2020-10-22,21957.5879675395,31488.2173376816,46738.2274631649,Piracicaba
X,2020-10-23,21971.697149709,31546.8922821571,46956.8810238116,Piracicaba
X,2020-10-24,21985.2297460964,31603.7706927998,47171.1048797318,Piracicaba
X,2020-10-25,21998.2097342579,31658.9057037122,47380.9566015547,Piracicaba
X,2020-10-26,22010.6602600178,31712.3494842906,47586.4990249768,Piracicaba
X,2020-10-27,22022.6028929534,31764.1516068038,47787.7798312773,Piracicaba
X,2020-10-28,22034.0582146787,31814.360050464,47984.8434964349,Piracicaba
X,2020-10-29,22045.0463361659,31863.022315226,48177.7459530612,Piracicaba
X,2020-10-30,22055.5871533737,31910.1860056465,48366.5603251129,Piracicaba
X,2020-10-31,22065.69966343,31955.897489323,48551.3599289091,Piracicaba
X,2020-11-01,22075.4017148419,32000.2011985406,48732.2091264919,Piracicaba
X,2020-11-02,22084.7105212932,32043.1405939665,48909.1759588779,Piracicaba
X,2020-11-03,22093.6421140829,32084.7569020352,49082.3150129358,Piracicaba
X,2020-11-04,22102.211785056,32125.089928099,49251.6776092431,Piracicaba
X,2020-11-05,22110.434464093,32164.178934872,49417.3241668234,Piracicaba
X,2020-11-06,22118.3249163734,32202.0631145613,49579.3288161443,Piracicaba
X,2020-11-07,22125.8972303878,32238.7805413111,49737.7652013585,Piracicaba
X,2020-11-08,22133.1646359266,32274.3676382043,49892.6989234729,Piracicaba
X,2020-11-09,22140.139886118,32308.8599420068,50044.1980658675,Piracicaba
X,2020-11-10,22146.8348530488,32342.2911227701,50192.3188650371,Piracicaba
X,2020-11-11,22153.2608613612,32374.6936396506,50337.1143613474,Piracicaba
X,2020-11-12,22159.4289629364,32406.0994314336,50478.6448003633,Piracicaba
X,2020-11-13,22165.3500899369,32436.5402983928,50616.9813514888,Piracicaba
X,2020-11-14,22171.0346688273,32466.0470792856,50752.1942666049,Piracicaba
X,2020-11-15,22176.4924870585,32494.6492417794,50884.3466538237,Piracicaba
X,2020-11-16,22181.7329777361,32522.3754888455,51013.5032385853,Piracicaba
X,2020-11-17,22186.7649198332,32549.2529941587,51139.7184015006,Piracicaba
X,2020-11-18,22191.5966897748,32575.3079295318,51263.0435013726,Piracicaba
X,2020-11-19,22196.2364608338,32600.5660063765,51383.5356078884,Piracicaba
X,2020-11-20,22200.6923226996,32625.0527849756,51501.2605140519,Piracicaba
X,2020-11-21,22204.9719885317,32648.7930238934,51616.2828598938,Piracicaba
X,2020-11-22,22209.0826968788,32671.8103630323,51728.6610077411,Piracicaba
X,2020-11-23,22213.0314243919,32694.1278045622,51838.454334631,Piracicaba
X,2020-11-24,22216.8246627823,32715.7671139673,51945.7132544239,Piracicaba
X,2020-11-25,22220.4686089501,32736.7492435771,52050.485403263,Piracicaba
X,2020-11-26,22223.9693094022,32757.0947564792,52152.8229606034,Piracicaba
X,2020-11-27,22227.3327543951,32776.8240776113,52252.7851064363,Piracicaba
X,2020-11-28,22230.5646541456,32795.9569764427,52350.4297751937,Piracicaba
X,2020-11-29,22233.6703664027,32814.5123200627,52445.809436736,Piracicaba
X,2020-11-30,22236.6550559164,32832.5084550164,52538.9771702478,Piracicaba
X,2020-12-01,22239.5235279392,32849.9627360944,52629.9783420576,Piracicaba
X,2020-12-02,22242.2803722888,32866.8918662831,52718.855822665,Piracicaba
X,2020-12-03,22244.9300677,32883.3122284047,52805.656117858,Piracicaba
X,2020-12-04,22247.477056533,32899.2400896242,52890.431389466,Piracicaba
X,2020-12-05,22249.9255727404,32914.6911878677,52973.2325580364,Piracicaba
X,2020-12-06,22252.2795882135,32929.6805382759,53054.1058256935,Piracicaba
X,2020-12-07,22254.5429327648,32944.2227369056,53133.0977406767,Piracicaba
X,2020-12-08,22256.7191694434,32958.3315884993,53210.248252781,Piracicaba
X,2020-12-09,22258.8117040243,32972.0203794751,53285.5951099863,Piracicaba
X,2020-12-10,22260.8238602079,32985.3021373615,53359.1789894661,Piracicaba
X,2020-12-11,22262.7589393504,32998.1897979686,53431.0451740701,Piracicaba
X,2020-12-12,22264.6200874239,33010.6958731019,53501.2377700353,Piracicaba
X,2020-12-13,22266.4102551614,33022.8322979908,53569.7968364663,Piracicaba
X,2020-12-14,22268.1322886739,33034.6106734019,53636.7626141461,Piracicaba
X,2020-12-15,22269.7888357916,33046.0419704559,53702.1697254079,Piracicaba
X,2020-12-16,22271.3824295558,33057.1367500949,53766.0508783805,Piracicaba
X,2020-12-17,22272.9155422332,33067.905366124,53828.4411593064,Piracicaba
X,2020-12-18,22274.3906334013,33078.3581023843,53889.379435854,Piracicaba
X,2020-12-19,22275.8100464739,33088.5049045784,53948.9034971647,Piracicaba
X,2020-12-20,22277.1759790267,33098.3552593809,54007.0476792542,Piracicaba
X,2020-12-21,22278.4905515034,33107.9183879708,54063.8464016438,Piracicaba
X,2020-12-22,22279.7557366528,33117.203011082,54119.3293173214,Piracicaba
X,2020-12-23,22280.9734234222,33126.2175257317,54173.5244342728,Piracicaba
X,2020-12-24,22282.1454555975,33134.9701642556,54226.4617056875,Piracicaba
X,2020-12-25,22283.2736707523,33143.4691072966,54278.1742148003,Piracicaba
X,2020-12-26,22284.35981933,33151.7222664794,54328.6940790647,Piracicaba
X,2020-12-27,22285.4055425056,33159.7371881743,54378.0504813159,Piracicaba
X,2020-12-28,22286.4124244833,33167.5212086505,54426.2726326539,Piracicaba
X,2020-12-29,22287.3819391811,33175.0812664059,54473.3857111677,Piracicaba
XI,2020-07-04,1586.57142857143,1586.57142857143,1586.57142857143,Presidente Prudente
XI,2020-07-05,1648.25381891215,1648.43145151957,1653.72390723528,Presidente Prudente
XI,2020-07-06,1711.26320732887,1711.59716469302,1721.64984679788,Presidente Prudente
XI,2020-07-07,1776.09271660663,1777.69021081608,1792.0992317592,Presidente Prudente
XI,2020-07-08,1843.70389850938,1847.29087283024,1865.57342150502,Presidente Prudente
XI,2020-07-09,1914.72869343847,1920.9762129012,1942.48846771753,Presidente Prudente
XI,2020-07-10,1722.65572629607,1999.23277888121,2114.85539938502,Presidente Prudente
XI,2020-07-11,1791.42498641523,2082.50771845758,2204.52788675434,Presidente Prudente
XI,2020-07-12,1864.04476989929,2170.97512201415,2299.95625503317,Presidente Prudente
XI,2020-07-13,1941.00217377876,2265.53340100253,2401.48773599233,Presidente Prudente
XI,2020-07-14,2022.76176700596,2366.43974962906,2509.68891501522,Presidente Prudente
XI,2020-07-15,2109.76710095774,2474.18271149664,2625.16865156293,Presidente Prudente
XI,2020-07-16,2199.80274356419,2589.27638300737,2748.60979793675,Presidente Prudente
XI,2020-07-17,2289.97704233304,2712.59997139308,2880.79289446714,Presidente Prudente
XI,2020-07-18,2384.6895532239,2843.03490998871,3022.60275083501,Presidente Prudente
XI,2020-07-19,2484.26574001032,2979.54659558671,3175.02972304506,Presidente Prudente
XI,2020-07-20,2589.07520376678,3124.55703769844,3339.17959655606,Presidente Prudente
XI,2020-07-21,2699.51759586097,3283.99532321203,3516.22992086616,Presidente Prudente
XI,2020-07-22,2816.03057563416,3452.78919629498,3707.36927013548,Presidente Prudente
XI,2020-07-23,2939.11393294362,3625.45595436905,3913.7108787817,Presidente Prudente
XI,2020-07-24,3069.33620695312,3805.53111327865,4136.16621781291,Presidente Prudente
XI,2020-07-25,3207.31119837647,3997.33279250048,4375.30668171949,Presidente Prudente
XI,2020-07-26,3353.6688818055,4206.8962575174,4631.30091854777,Presidente Prudente
XI,2020-07-27,3509.04918923209,4426.68497480724,4904.00130578503,Presidente Prudente
XI,2020-07-28,3674.03505081449,4657.26678048675,5193.08041866766,Presidente Prudente
XI,2020-07-29,3849.10376582272,4896.6756882291,5498.20134392073,Presidente Prudente
XI,2020-07-30,4034.59441661348,5144.54415132434,5819.14185369249,Presidente Prudente
XI,2020-07-31,4230.66654346102,5400.65195774415,6155.82679406169,Presidente Prudente
XI,2020-08-01,4437.24568793438,5665.05090987668,6508.27733743153,Presidente Prudente
XI,2020-08-02,4654.01267384162,5935.68568000985,6876.54915868697,Presidente Prudente
XI,2020-08-03,4880.47808604642,6213.80667642157,7260.71668456852,Presidente Prudente
XI,2020-08-04,5059.46041356633,6499.09514097302,7660.809156099,Presidente Prudente
XI,2020-08-05,5236.12403248335,6791.20757703975,8076.79522201884,Presidente Prudente
XI,2020-08-06,5412.83016687056,7089.78956958964,8508.60830667611,Presidente Prudente
XI,2020-08-07,5589.41718976698,7394.48052629581,8956.16435054987,Presidente Prudente
XI,2020-08-08,5765.75008675872,7704.89695867864,9419.34100752904,Presidente Prudente
XI,2020-08-09,5941.70075794939,8020.62297787645,9897.96559632185,Presidente Prudente
XI,2020-08-10,6117.15674307623,8341.23193994807,10391.8570843166,Presidente Prudente
XI,2020-08-11,6291.99631648366,8666.27056049117,10900.7933790756,Presidente Prudente
XI,2020-08-12,6466.08851890099,8995.26581696333,11424.5183724401,Presidente Prudente
XI,2020-08-13,6639.30710718151,9327.74793731501,11962.7793845446,Presidente Prudente
XI,2020-08-14,6811.53245595579,9663.25898028798,12515.3389245219,Presidente Prudente
XI,2020-08-15,6982.63537607286,10001.3377139136,13081.9354273866,Presidente Prudente
XI,2020-08-16,7152.46897354843,10341.5094575809,13662.2512014746,Presidente Prudente
XI,2020-08-17,7320.88454849771,10683.3030729643,14255.9418463913,Presidente Prudente
XI,2020-08-18,7487.7176875299,11026.2339594792,14862.5883288426,Presidente Prudente
XI,2020-08-19,7652.79481128752,11369.8085032756,15481.6978866503,Presidente Prudente
XI,2020-08-20,7815.94968226872,11713.5429591956,16112.742318936,Presidente Prudente
XI,2020-08-21,7977.02834517141,12056.970280432,16755.1704686326,Presidente Prudente
XI,2020-08-22,8135.87767742885,12399.6273436874,17408.3726536774,Presidente Prudente
XI,2020-08-23,8292.34013366528,12741.047424536,18071.6547691572,Presidente Prudente
XI,2020-08-24,8446.26749187346,13097.1955110469,18744.2753451296,Presidente Prudente
XI,2020-08-25,8597.50953794944,13464.4899456035,19425.4066100877,Presidente Prudente
XI,2020-08-26,8745.91956833855,13831.6334228709,20114.1448121419,Presidente Prudente
XI,2020-08-27,8891.36708587692,14198.3045625595,20809.556669958,Presidente Prudente
XI,2020-08-28,9033.74121208887,14516.3942289819,21510.698722617,Presidente Prudente
XI,2020-08-29,9172.94042622683,14814.601849855,22216.5909017093,Presidente Prudente
XI,2020-08-30,9308.86760233473,15106.2860358767,22926.1994147485,Presidente Prudente
XI,2020-08-31,9441.44011532138,15391.1654431261,23638.4771430549,Presidente Prudente
XI,2020-09-01,9570.58004095074,15686.055856961,24352.333226403,Presidente Prudente
XI,2020-09-02,9696.21800141821,15991.9448811225,25066.6476178207,Presidente Prudente
XI,2020-09-03,9818.30220240277,16292.3513473993,25780.3165244215,Presidente Prudente
XI,2020-09-04,9936.80056218769,16587.0225635549,26492.2720880766,Presidente Prudente
XI,2020-09-05,10051.6919759175,16875.7315848618,27201.4603233629,Presidente Prudente
XI,2020-09-06,10162.961900846,17158.2718362003,27906.8274448562,Presidente Prudente
XI,2020-09-07,10270.6095638969,17434.4653754216,28607.3553151534,Presidente Prudente
XI,2020-09-08,10374.639876295,17704.1537174733,29302.0352383235,Presidente Prudente
XI,2020-09-09,10475.0659236366,17967.1998385312,29989.8804011452,Presidente Prudente
XI,2020-09-10,10571.9150513599,18223.4958850732,30669.9629482753,Presidente Prudente
XI,2020-09-11,10665.2299988067,18472.9652896073,31341.4292402677,Presidente Prudente
XI,2020-09-12,10755.0616783128,18715.5550090386,32003.4794075886,Presidente Prudente
XI,2020-09-13,10841.4653088591,18951.2304288691,32655.3541105459,Presidente Prudente
XI,2020-09-14,10924.5052392318,19179.9805151832,33296.361115416,Presidente Prudente
XI,2020-09-15,11004.2484611493,19401.810054234,33925.8513013254,Presidente Prudente
XI,2020-09-16,11080.7660439471,19616.7403198545,34543.226014246,Presidente Prudente
XI,2020-09-17,11154.1370379476,19824.8137887314,35147.9629916123,Presidente Prudente
XI,2020-09-18,11224.4490609985,20026.0950310326,35739.6252595581,Presidente Prudente
XI,2020-09-19,11291.7926831883,20220.6642281982,36317.8410584008,Presidente Prudente
XI,2020-09-20,11356.2584054265,20408.6127765565,36882.289716598,Presidente Prudente
XI,2020-09-21,11417.9399837073,20590.0464309202,37432.7184936677,Presidente Prudente
XI,2020-09-22,11476.9296784353,20765.0791169635,37968.9201998632,Presidente Prudente
XI,2020-09-23,11533.3192870146,20933.8329604502,38490.7353000487,Presidente Prudente
XI,2020-09-24,11587.2028421512,21096.4411569024,38998.0678102019,Presidente Prudente
XI,2020-09-25,11638.6772034749,21253.0483640138,39490.8890936726,Presidente Prudente
XI,2020-09-26,11687.8381047088,21403.8056861066,40036.4959576474,Presidente Prudente
XI,2020-09-27,11734.7781507881,21548.8672951053,40571.0839055416,Presidente Prudente
XI,2020-09-28,11779.5893251058,21688.3925399482,41092.1236573907,Presidente Prudente
XI,2020-09-29,11822.3598127484,21822.5414448143,41599.5194518904,Presidente Prudente
XI,2020-09-30,11863.1749424248,21951.4747402022,42093.2002165129,Presidente Prudente
XI,2020-10-01,11902.1191956075,22075.3558637724,42573.1534314606,Presidente Prudente
XI,2020-10-02,11939.2769060427,22194.3514281583,43039.4351120869,Presidente Prudente
XI,2020-10-03,11974.7296237446,22308.6277316931,43492.1367798187,Presidente Prudente
XI,2020-10-04,12008.5548958514,22418.3485194719,43931.363534264,Presidente Prudente
XI,2020-10-05,12040.828198842,22523.6766829914,44357.2591225546,Presidente Prudente
XI,2020-10-06,12071.6208787852,22624.771288086,44769.9726167773,Presidente Prudente
XI,2020-10-07,12101.0009913639,22721.7878576783,45169.6635603993,Presidente Prudente
XI,2020-10-08,12129.0347929406,22814.8799721556,45556.5265496142,Presidente Prudente
XI,2020-10-09,12155.7874334441,22904.1999349118,45930.7988853565,Presidente Prudente
XI,2020-10-10,12181.3211987304,22989.8965100175,46292.7347560936,Presidente Prudente
XI,2020-10-11,12205.6947656072,23072.113576709,46642.5885125452,Presidente Prudente
XI,2020-10-12,12228.9646556509,23150.9915799544,46980.6334119408,Presidente Prudente
XI,2020-10-13,12251.1838804887,23226.6656582241,47307.1366044153,Presidente Prudente
XI,2020-10-14,12272.4026325647,23299.2660898566,47622.3631876901,Presidente Prudente
XI,2020-10-15,12292.6693568095,23368.9195901488,47926.5944563875,Presidente Prudente
XI,2020-10-16,12312.0313519686,23435.7500482363,48220.1344716898,Presidente Prudente
XI,2020-10-17,12330.533570625,23499.8770774633,48503.2907871501,Presidente Prudente
XI,2020-10-18,12348.2181400161,23561.4152239767,48776.3624019725,Presidente Prudente
XI,2020-10-19,12365.1254297298,23620.4751616122,49039.6540687468,Presidente Prudente
XI,2020-10-20,12381.2931342618,23677.1625068169,49293.4581404768,Presidente Prudente
XI,2020-10-21,12396.7568110009,23731.5782912502,49538.0580697075,Presidente Prudente
XI,2020-10-22,12411.5506292616,23783.8199697461,49773.7420963849,Presidente Prudente
XI,2020-10-23,12425.707857431,23833.9821079044,50000.8090293343,Presidente Prudente
XI,2020-10-24,12439.2600221288,23882.1554277674,50219.5541222675,Presidente Prudente
XI,2020-10-25,12452.2365807114,23928.4263244203,50430.260574072,Presidente Prudente
XI,2020-10-26,12464.6656956578,23972.8778065419,50633.2104876373,Presidente Prudente
XI,2020-10-27,12476.5735955386,24015.588720698,50828.6718383278,Presidente Prudente
XI,2020-10-28,12487.9849831498,24056.6341732268,51016.9014872201,Presidente Prudente
XI,2020-10-29,12498.9235492789,24096.0862809711,51198.1554188488,Presidente Prudente
XI,2020-10-30,12509.4123553646,24134.0147561313,51372.6937303066,Presidente Prudente
XI,2020-10-31,12519.4732313986,24170.4862520087,51540.770286669,Presidente Prudente
XI,2020-11-01,12529.1265401666,24205.5640468533,51702.6267040364,Presidente Prudente
XI,2020-11-02,12538.3917374858,24239.3087616907,51858.50070818,Presidente Prudente
XI,2020-11-03,12547.2869166979,24271.7778310829,52008.6167553553,Presidente Prudente
XI,2020-11-04,12555.829115596,24303.0258501826,52153.1885629266,Presidente Prudente
XI,2020-11-05,12564.0346643265,24333.1051169644,52292.4267118117,Presidente Prudente
XI,2020-11-06,12571.9194828595,24362.0661067858,52426.5428500358,Presidente Prudente
XI,2020-11-07,12579.4986423647,24389.9570061697,52555.7420569494,Presidente Prudente
XI,2020-11-08,12586.786188655,24416.8234904691,52680.2185215025,Presidente Prudente
XI,2020-11-09,12593.7955491146,24442.7092627696,52800.161893377,Presidente Prudente
XI,2020-11-10,12600.5392018979,24467.6556787448,52915.7504723656,Presidente Prudente
XI,2020-11-11,12607.0289069795,24491.7020210327,53027.1532946158,Presidente Prudente
XI,2020-11-12,12613.2759393302,24514.8858827703,53134.5357402972,Presidente Prudente
XI,2020-11-13,12619.2913202591,24537.2435442213,53238.063016806,Presidente Prudente
XI,2020-11-14,12625.0854933928,24558.8096300038,53337.8944624499,Presidente Prudente
XI,2020-11-15,12630.6681885849,24579.6169429346,53434.1803842387,Presidente Prudente
XI,2020-11-16,12636.0487198523,24599.696866039,53527.0668801779,Presidente Prudente
XI,2020-11-17,12641.2357413989,24619.0790881602,53616.6908358553,Presidente Prudente
XI,2020-11-18,12646.2374226355,24637.791816996,53703.1816306762,Presidente Prudente
XI,2020-11-19,12651.0616028617,24655.862046374,53786.6652525883,Presidente Prudente
XI,2020-11-20,12655.7159722774,24673.3158526589,53867.2671580305,Presidente Prudente
XI,2020-11-21,12660.2078298092,24690.1781367176,53945.1079749242,Presidente Prudente
XI,2020-11-22,12664.5439759872,24706.4724941656,54020.3011427287,Presidente Prudente
XI,2020-11-23,12668.7309333482,24722.2215153103,54092.9565829371,Presidente Prudente
XI,2020-11-24,12672.7747641054,24737.4465794623,54163.1769748429,Presidente Prudente
XI,2020-11-25,12676.6812039059,24752.1680193357,54231.059150866,Presidente Prudente
XI,2020-11-26,12680.4557631756,24766.4053051192,54296.6971030259,Presidente Prudente
XI,2020-11-27,12684.1038700098,24780.1772775994,54360.1843224344,Presidente Prudente
XI,2020-11-28,12687.6306873346,24793.501950518,54421.6105223195,Presidente Prudente
XI,2020-11-29,12691.0410272711,24806.3964062743,54481.059841027,Presidente Prudente
XI,2020-11-30,12694.3395160918,24818.8770207167,54538.6136499975,Presidente Prudente
XI,2020-12-01,12697.530456374,24830.9593060056,54594.3477425125,Presidente Prudente
XI,2020-12-02,12700.6179302421,24842.6580375918,54648.3334801766,Presidente Prudente
XI,2020-12-03,12703.605864659,24853.9873796267,54700.6399807656,Presidente Prudente
XI,2020-12-04,12706.4981453447,24864.9610690127,54751.336032018,Presidente Prudente
XI,2020-12-05,12709.2984774932,24875.5922620936,54800.4875664417,Presidente Prudente
XI,2020-12-06,12712.01031651,24885.8934493198,54848.1562652661,Presidente Prudente
XI,2020-12-07,12714.6369929823,24895.8766249533,54894.4017219275,Presidente Prudente
XI,2020-12-08,12717.1816073808,24905.553165257,54939.2792888856,Presidente Prudente
XI,2020-12-09,12719.6471105485,24914.9339270712,54982.8410266016,Presidente Prudente
XI,2020-12-10,12722.0363447455,24924.0293322943,55025.1372884499,Presidente Prudente
XI,2020-12-11,12724.3521353707,24932.8495141099,55066.2182904168,Presidente Prudente
XI,2020-12-12,12726.5971839917,24941.4041969608,55106.1321461988,Presidente Prudente
XI,2020-12-13,12728.7740118157,24949.7026259977,55144.9237613285,Presidente Prudente
XI,2020-12-14,12730.8850555215,24957.7536963784,55182.6365147493,Presidente Prudente
XI,2020-12-15,12732.9325860692,24965.5658577573,55219.3105853671,Presidente Prudente
XI,2020-12-16,12734.9187720441,24973.1471913939,55254.983744283,Presidente Prudente
XI,2020-12-17,12736.8457044982,24980.5054663012,55289.6924964848,Presidente Prudente
XI,2020-12-18,12738.715471482,24987.6482563027,55323.4733741125,Presidente Prudente
XI,2020-12-19,12740.5300752717,24994.5828454081,55356.361393757,Presidente Prudente
XI,2020-12-20,12742.2913858986,25001.3161691309,55388.3891642772,Presidente Prudente
XI,2020-12-21,12744.0012154987,25007.8549140174,55419.5882069409,Presidente Prudente
XI,2020-12-22,12745.6612551733,25014.2054420691,55449.9876361548,Presidente Prudente
XI,2020-12-23,12747.2731252705,25020.3738515878,55479.6148266293,Presidente Prudente
XI,2020-12-24,12748.8383894868,25026.3660138394,55508.4962297866,Presidente Prudente
XI,2020-12-25,12750.3586159329,25032.1876675145,55536.6584453891,Presidente Prudente
XI,2020-12-26,12751.8353126309,25037.8443437119,55564.1270003505,Presidente Prudente
XI,2020-12-27,12753.2698890867,25043.3413169517,55590.9256169031,Presidente Prudente
XI,2020-12-28,12754.6637146067,25048.6836826129,55617.0772602727,Presidente Prudente
XI,2020-12-29,12756.0180688098,25053.8762966699,55642.6030844868,Presidente Prudente
XII,2020-07-04,1335,1335,1335,Registro
XII,2020-07-05,1371.57061209499,1371.76696426065,1374.98281712484,Registro
XII,2020-07-06,1408.86720198635,1408.90063255806,1415.03788123229,Registro
XII,2020-07-07,1446.69726086918,1447.28140971339,1456.00474461019,Registro
XII,2020-07-08,1485.47031405813,1486.968582781,1498.13442666819,Registro
XII,2020-07-09,1525.40491915747,1528.09694998276,1541.45443233067,Registro
XII,2020-07-10,1356.39196418785,1570.77457331615,1657.77223672234,Registro
XII,2020-07-11,1393.38307258419,1615.08181502564,1705.9605348445,Registro
XII,2020-07-12,1431.65879710903,1661.07897399342,1756.09842018229,Registro
XII,2020-07-13,1471.23813956135,1708.81196109105,1808.15348026015,Registro
XII,2020-07-14,1512.26748136164,1758.28840099022,1862.24078002161,Registro
XII,2020-07-15,1554.81615824312,1809.83991935439,1918.46790054726,Registro
XII,2020-07-16,1598.95833850956,1863.396137086,1976.94256431789,Registro
XII,2020-07-17,1644.77551705088,1918.92352897678,2037.77550880026,Registro
XII,2020-07-18,1691.06476806232,1976.43709990367,2101.07649708552,Registro
XII,2020-07-19,1736.36808320383,2035.93965460108,2166.95308605762,Registro
XII,2020-07-20,1782.85084887857,2094.93511161997,2235.51367468611,Registro
XII,2020-07-21,1830.54178804714,2156.25568509747,2306.86177502702,Registro
XII,2020-07-22,1879.46509569277,2221.33665810249,2381.09701744935,Registro
XII,2020-07-23,1929.64899224291,2286.59531110782,2458.32137828449,Registro
XII,2020-07-24,1981.127270792,2351.17181297991,2538.64044379817,Registro
XII,2020-07-25,2033.93189097156,2418.76878314494,2622.15730422353,Registro
XII,2020-07-26,2088.0905385796,2491.09058981545,2708.96970559863,Registro
XII,2020-07-27,2143.63096091018,2561.7803499915,2799.17279150907,Registro
XII,2020-07-28,2200.57301471044,2638.45842869568,2892.85182033781,Registro
XII,2020-07-29,2258.93085589565,2717.48691782607,2990.08300909042,Registro
XII,2020-07-30,2318.72219135158,2798.87820734982,3090.94040931272,Registro
XII,2020-07-31,2379.96976809593,2882.65374101164,3195.4969366604,Registro
XII,2020-08-01,2442.69326515972,2968.82804196719,3303.81705330067,Registro
XII,2020-08-02,2501.01781035573,3057.4055117785,3415.9530528228,Registro
XII,2020-08-03,2555.1757848022,3148.38476762667,3531.94806807796,Registro
XII,2020-08-04,2609.11459778592,3241.75034644271,3651.82795525895,Registro
XII,2020-08-05,2662.75040784706,3334.67058665832,3775.60249061609,Registro
XII,2020-08-06,2716.00581352553,3426.22397235045,3903.27336895584,Registro
XII,2020-08-07,2768.81062494487,3517.24723246634,4034.83551059228,Registro
XII,2020-08-08,2821.09741299404,3609.08668029841,4170.26913357666,Registro
XII,2020-08-09,2872.80043127927,3701.60878829986,4309.53577185792,Registro
XII,2020-08-10,2923.85803688218,3794.67682447364,4452.58184075736,Registro
XII,2020-08-11,2974.20939333759,3888.14815346724,4599.33058892685,Registro
XII,2020-08-12,3023.79568264771,3981.8760959134,4749.68397444653,Registro
XII,2020-08-13,3072.56453506856,4075.71551450748,4903.53186657852,Registro
XII,2020-08-14,3120.47035450515,4169.52468734431,5060.75398064355,Registro
XII,2020-08-15,3167.47038633749,4263.16246482418,5221.21200905053,Registro
XII,2020-08-16,3213.52360793931,4356.48776305058,5384.74596307913,Registro
XII,2020-08-17,3258.59242702754,4449.36214646154,5551.17833690267,Registro
XII,2020-08-18,3302.6403535599,4541.64808738544,5720.30715249319,Registro
XII,2020-08-19,3345.63294927812,4633.21060260836,5891.90876735124,Registro
XII,2020-08-20,3387.54142379808,4723.92201919673,6065.74825157245,Registro
XII,2020-08-21,3428.34318767413,4813.6635506958,6241.5825569159,Registro
XII,2020-08-22,3468.01896101879,4902.32277562088,6419.15398636157,Registro
XII,2020-08-23,3506.55206497978,4989.79293878555,6598.1881044399,Registro
XII,2020-08-24,3543.92973835302,5075.9745643263,6778.39916830394,Registro
XII,2020-08-25,3580.14165913257,5160.7738380036,6959.48592588346,Registro
XII,2020-08-26,3615.18057813516,5244.10335419812,7141.13615701501,Registro
XII,2020-08-27,3649.04494359569,5325.88543020832,7323.03850895587,Registro
XII,2020-08-28,3681.73928531251,5405.37047050105,7504.88749022324,Registro
XII,2020-08-29,3713.27179593116,5482.70792123309,7686.37918160179,Registro
XII,2020-08-30,3743.65351485676,5561.31495860288,7867.21093238325,Registro
XII,2020-08-31,3772.89892425152,5636.31333678377,8047.0872761385,Registro
XII,2020-09-01,3801.02464553431,5709.50408933046,8225.71757902577,Registro
XII,2020-09-02,3828.04949120447,5780.85588830181,8402.82038274646,Registro
XII,2020-09-03,3853.99605026946,5850.34611409415,8578.13384086123,Registro
XII,2020-09-04,3878.89076298886,5917.9612236369,8751.41959422188,Registro
XII,2020-09-05,3902.76185953864,5983.69452591462,8922.4580119557,Registro
XII,2020-09-06,3925.63854511598,6047.54512126814,9091.0465455338,Registro
XII,2020-09-07,3947.55123220398,6109.51816373363,9257.00286954855,Registro
XII,2020-09-08,3968.53051912231,6169.62345150357,9420.16119728216,Registro
XII,2020-09-09,3988.60708489964,6227.87518461315,9580.37364971303,Registro
XII,2020-09-10,4007.81277858672,6284.2933423092,9737.51674230165,Registro
XII,2020-09-11,4026.18074428566,6338.90374558622,9891.49239776556,Registro
XII,2020-09-12,4043.74393992068,6391.73613008151,10042.2219070016,Registro
XII,2020-09-13,4060.53461417901,6442.82315557384,10189.6426476273,Registro
XII,2020-09-14,4076.58453856169,6492.20041739267,10333.7088222566,Registro
XII,2020-09-15,4091.92437376854,6539.90526147954,10474.3870094135,Registro
XII,2020-09-16,4106.58364154575,6585.97644419101,10611.6558395641,Registro
XII,2020-09-17,4120.59159526308,6630.45507746032,10745.510066273,Registro
XII,2020-09-18,4133.9774749618,6673.3846905126,10875.960530587,Registro
XII,2020-09-19,4146.76952515611,6714.80977686661,11003.0287409902,Registro
XII,2020-09-20,4158.99473087884,6754.77510325447,11126.7438768045,Registro
XII,2020-09-21,4170.67907597983,6793.32577011314,11247.143111653,Registro
XII,2020-09-22,4181.84717612553,6830.50640038617,11364.2679699751,Registro
XII,2020-09-23,4192.52229996176,6866.36092834183,11478.1639799502,Registro
XII,2020-09-24,4202.72706097973,6900.9333929738,11598.7355081573,Registro
XII,2020-09-25,4212.48371896657,6934.26813984269,11717.2807788254,Registro
XII,2020-09-26,4221.81351087706,6966.4088351643,11832.6474886043,Registro
XII,2020-09-27,4230.73652377629,6997.39808482091,11944.8896177285,Registro
XII,2020-09-28,4239.27192606529,7027.27759634341,12054.0651287511,Registro
XII,2020-09-29,4247.43773995839,7056.0876831928,12160.2304253886,Registro
XII,2020-09-30,4255.25085951908,7083.86717649296,12263.4413478657,Registro
XII,2020-10-01,4262.72757792417,7110.65411501034,12363.760034509,Registro
XII,2020-10-02,4269.88387199028,7136.48603636581,12461.255959997,Registro
XII,2020-10-03,4276.73491654643,7161.39930934252,12555.9995355692,Registro
XII,2020-10-04,4283.2950173757,7185.42894566024,12648.0593440331,Registro
XII,2020-10-05,4289.57779321559,7208.60879804988,12737.5041960171,Registro
XII,2020-10-06,4295.5960197704,7230.97125416024,12824.3989834715,Registro
XII,2020-10-07,4301.36162750197,7252.5471987631,12908.805658931,Registro
XII,2020-10-08,4306.88609528845,7273.36658600353,12990.7887533951,Registro
XII,2020-10-09,4312.18069656933,7293.45874538935,13070.4165472124,Registro
XII,2020-10-10,4317.25612836697,7312.85189964901,13147.7563268652,Registro
XII,2020-10-11,4322.12247098391,7331.57307012268,13222.8725210972,Registro
XII,2020-10-12,4326.7893242315,7349.64825946165,13295.8285348356,Registro
XII,2020-10-13,4331.26569325184,7367.10224664425,13366.683609106,Registro
XII,2020-10-14,4335.55996880217,7383.95855504234,13435.4936653139,Registro
XII,2020-10-15,4339.68022168383,7400.23990879692,13502.3156645966,Registro
XII,2020-10-16,4343.6344095259,7415.96851511201,13567.2087582988,Registro
XII,2020-10-17,4347.43008443193,7431.16569077118,13630.2306911488,Registro
XII,2020-10-18,4351.07436659806,7445.85180918033,13691.4365000511,Registro
XII,2020-10-19,4354.57404550026,7460.04645046193,13750.8800415184,Registro
XII,2020-10-20,4357.93549381637,7473.76825262424,13808.6115605601,Registro
XII,2020-10-21,4361.16463730808,7487.03487159043,13864.6783408363,Registro
XII,2020-10-22,4364.26717796334,7499.8633400647,13919.1281106153,Registro
XII,2020-10-23,4367.24876645013,7512.27031562944,13972.0100874429,Registro
XII,2020-10-24,4370.11476739951,7524.2717774567,14023.3721792557,Registro
XII,2020-10-25,4372.87024150879,7535.88299293361,14073.260038415,Registro
XII,2020-10-26,4375.52002149938,7547.11863621841,14121.7182839532,Registro
XII,2020-10-27,4378.0686463514,7557.99267473709,14168.7885915649,Registro
XII,2020-10-28,4380.5203266029,7568.51832129262,14214.5101572396,Registro
XII,2020-10-29,4382.87911623785,7578.7083172371,14258.9223580904,Registro
XII,2020-10-30,4385.14905647765,7588.5751476365,14302.0656687,Registro
XII,2020-10-31,4387.33398494781,7598.13078844384,14343.9794403637,Registro
XII,2020-11-01,4389.43752339946,7607.38668377624,14384.7011953595,Registro
XII,2020-11-02,4391.46313563471,7616.35383920423,14424.2675897296,Registro
XII,2020-11-03,4393.41407678571,7625.0427329953,14462.7129044564,Registro
XII,2020-11-04,4395.29335776507,7633.46326387149,14500.0693586221,Registro
XII,2020-11-05,4397.1038797083,7641.62497697043,14536.369204846,Registro
XII,2020-11-06,4398.84855406095,7649.5372503385,14571.6455251502,Registro
XII,2020-11-07,4400.53014593616,7657.20908096201,14605.9304451847,Registro
XII,2020-11-08,4402.15126566311,7664.64906861642,14639.2546017492,Registro
XII,2020-11-09,4403.71441365466,7671.86548997058,14671.6479003565,Registro
XII,2020-11-10,4405.2219409183,7678.86622810099,14703.1383223484,Registro
XII,2020-11-11,4406.6760148071,7685.65871911081,14733.7521256721,Registro
XII,2020-11-12,4408.07872555551,7692.25013474222,14763.5155140931,Registro
XII,2020-11-13,4409.43218677001,7698.64754443127,14792.455329097,Registro
XII,2020-11-14,4410.73840588264,7704.85773236455,14820.5975986317,Registro
XII,2020-11-15,4411.99927833105,7710.88718562737,14847.9671335108,Registro
XII,2020-11-16,4413.21662279782,7716.74215379101,14874.5881265343,Registro
XII,2020-11-17,4414.39215016269,7722.42859218197,14900.4832089118,Registro
XII,2020-11-18,4415.52743168816,7727.95210953315,14925.6735691808,Registro
XII,2020-11-19,4416.62398436194,7733.31811729473,14950.1802982283,Registro
XII,2020-11-20,4417.68335515926,7738.53197083526,14974.0249935415,Registro
XII,2020-11-21,4418.70701327372,7743.59881181083,14997.2285677737,Registro
XII,2020-11-22,4419.69634611961,7748.52355918558,15019.8109415796,Registro
XII,2020-11-23,4420.65268734466,7753.31095770005,15041.7915204705,Registro
XII,2020-11-24,4421.57729218284,7757.96553161131,15063.1884467436,Registro
XII,2020-11-25,4422.4713085911,7762.49153470266,15084.0186588977,Registro
XII,2020-11-26,4423.33584623052,7766.89307361089,15104.2989863192,Registro
XII,2020-11-27,4424.17204725847,7771.17423114762,15124.0466798331,Registro
XII,2020-11-28,4424.98099626847,7775.3389296681,15143.2784232499,Registro
XII,2020-11-29,4425.76371756404,7779.39092404749,15162.0100981802,Registro
XII,2020-11-30,4426.52119765928,7783.33384151539,15180.2571658896,Registro
XII,2020-12-01,4427.25436553714,7787.17114347023,15198.0340716418,Registro
XII,2020-12-02,4427.96406688512,7790.90607860821,15215.354260833,Registro
XII,2020-12-03,4428.65112026797,7794.54178569157,15232.2310774777,Registro
XII,2020-12-04,4429.31637670972,7798.08140147776,15248.6782326906,Registro
XII,2020-12-05,4429.96064417174,7801.5279417599,15264.7089758334,Registro
XII,2020-12-06,4430.58468571992,7804.88429571698,15280.3359130358,Registro
XII,2020-12-07,4431.18923775928,7808.15325896302,15295.5713147705,Registro
XII,2020-12-08,4431.77499409458,7811.33750168586,15310.42663873,Registro
XII,2020-12-09,4432.342583198,7814.43952528635,15324.912514702,Registro
XII,2020-12-10,4432.89261423521,7817.4617486806,15339.0394874205,Registro
XII,2020-12-11,4433.42572729251,7820.40660293335,15352.818432668,Registro
XII,2020-12-12,4433.94252987938,7823.27642734573,15366.2598549848,Registro
XII,2020-12-13,4434.44359572601,7826.07346481104,15379.3737464525,Registro
XII,2020-12-14,4434.92947967296,7828.79988947308,15392.169835964,Registro
XII,2020-12-15,4435.40070471154,7831.45777990089,15404.6572043986,Registro
XII,2020-12-16,4435.85774209751,7834.04907938213,15416.8442473277,Registro
XII,2020-12-17,4436.30104925809,7836.5756688939,15428.7392932742,Registro
XII,2020-12-18,4436.73111219116,7839.03945021342,15440.3509754804,Registro
XII,2020-12-19,4437.14839197046,7841.44225493581,15451.6876310073,Registro
XII,2020-12-20,4437.55332398838,7843.7858405979,15462.7571899741,Registro
XII,2020-12-21,4437.9463301918,7846.07191400772,15473.5673789604,Registro
XII,2020-12-22,4438.32780848158,7848.30210849136,15484.1254083217,Registro
XII,2020-12-23,4438.69811542719,7850.47794781863,15494.4379196528,Registro
XII,2020-12-24,4439.05759762146,7852.6009082722,15504.5115035905,Registro
XII,2020-12-25,4439.40662751311,7854.67249174039,15514.353033876,Registro
XII,2020-12-26,4439.74555826939,7856.69414591984,15523.9691485705,Registro
XII,2020-12-27,4440.07472333192,7858.66726104758,15533.3661625923,Registro
XII,2020-12-28,4440.39444652543,7860.59318971687,15542.5502349644,Registro
XII,2020-12-29,4440.70503334215,7862.47322746101,15551.5271128118,Registro
XIII,2020-07-04,7087,7087,7087,Ribeirão Preto
XIII,2020-07-05,7367.15822184216,7367.92621637122,7391.93101588297,Ribeirão Preto
XIII,2020-07-06,7655.83156732181,7657.62004745798,7703.63845516036,Ribeirão Preto
XIII,2020-07-07,7950.94471761486,7958.09418628768,8024.62791566442,Ribeirão Preto
XIII,2020-07-08,8253.47858472702,8268.4268668516,8353.33900510409,Ribeirão Preto
XIII,2020-07-09,8563.63381966478,8588.43609056067,8689.39592810089,Ribeirão Preto
XIII,2020-07-10,7689.53586038649,8917.94799807485,9440.85912583465,Ribeirão Preto
XIII,2020-07-11,7971.74117390161,9256.75375306972,9809.15372849348,Ribeirão Preto
XIII,2020-07-12,8261.00267325796,9604.59469448954,10187.8056310184,Ribeirão Preto
XIII,2020-07-13,8557.45140171513,9961.16480609939,10575.9379627937,Ribeirão Preto
XIII,2020-07-14,8861.20632034048,10326.0957859917,10973.7053924787,Ribeirão Preto
XIII,2020-07-15,9172.37553013814,10698.9607199813,11381.2474188271,Ribeirão Preto
XIII,2020-07-16,9491.06016928566,11079.2898113504,11798.6945922481,Ribeirão Preto
XIII,2020-07-17,9817.35505541982,11466.5731934231,12226.1694233663,Ribeirão Preto
XIII,2020-07-18,10151.3449688587,11860.2488486785,12663.7805001627,Ribeirão Preto
XIII,2020-07-19,10487.813480682,12259.7005522296,13111.6195697528,Ribeirão Preto
XIII,2020-07-20,10811.052620992,12664.2707161498,13569.7641275284,Ribeirão Preto
XIII,2020-07-21,11138.4266246139,13082.8117778029,14038.2712129489,Ribeirão Preto
XIII,2020-07-22,11469.8537348739,13508.484331546,14517.1783525374,Ribeirão Preto
XIII,2020-07-23,11805.2769874451,13917.1422273609,15006.5092716566,Ribeirão Preto
XIII,2020-07-24,12144.6701622622,14336.4395158013,15506.2739792751,Ribeirão Preto
XIII,2020-07-25,12487.9943190649,14779.189236503,16016.4612526253,Ribeirão Preto
XIII,2020-07-26,12835.1813539481,15213.6874020423,16537.0348158687,Ribeirão Preto
XIII,2020-07-27,13186.1610235768,15663.1762246436,17067.9360326624,Ribeirão Preto
XIII,2020-07-28,13540.8218779774,16129.3344211767,17609.0767417885,Ribeirão Preto
XIII,2020-07-29,13899.0289443897,16601.4747263392,18160.340570421,Ribeirão Preto
XIII,2020-07-30,14260.6727564599,17079.2396380726,18721.5894874131,Ribeirão Preto
XIII,2020-07-31,14625.6765913606,17557.4127206492,19292.6644201927,Ribeirão Preto
XIII,2020-08-01,14964.8785840222,18021.1724471356,19873.3774273333,Ribeirão Preto
XIII,2020-08-02,15295.6743416857,18481.951751988,20463.5082414526,Ribeirão Preto
XIII,2020-08-03,15607.2157029125,18942.9424494633,21062.8082944512,Ribeirão Preto
XIII,2020-08-04,15903.0208534315,19403.9983880028,21670.994049677,Ribeirão Preto
XIII,2020-08-05,16192.6126168886,19864.57362397,22287.7498492048,Ribeirão Preto
XIII,2020-08-06,16475.7323601411,20324.1449636715,22912.7365282938,Ribeirão Preto
XIII,2020-08-07,16752.1806501843,20782.2189607493,23545.5937246871,Ribeirão Preto
XIII,2020-08-08,17021.7906395445,21238.3119183816,24185.9332449738,Ribeirão Preto
XIII,2020-08-09,17284.4190213255,21691.9428166603,24833.337226791,Ribeirão Preto
XIII,2020-08-10,17539.960813018,22142.6497720438,25487.3644826569,Ribeirão Preto
XIII,2020-08-11,17788.3291481125,22589.9730598064,26147.5454535684,Ribeirão Preto
XIII,2020-08-12,18029.4639418182,23028.7574139344,26813.3872158418,Ribeirão Preto
XIII,2020-08-13,18263.3511161694,23461.3532605221,27484.3843169345,Ribeirão Preto
XIII,2020-08-14,18490.020949162,23888.2072976348,28160.0228456342,Ribeirão Preto
XIII,2020-08-15,18709.5250125493,24308.9901901997,28839.7751817572,Ribeirão Preto
XIII,2020-08-16,18921.9272474793,24723.3922876807,29523.0994172596,Ribeirão Preto
XIII,2020-08-17,19127.3142718195,25131.1397824249,30209.4470416645,Ribeirão Preto
XIII,2020-08-18,19325.7786383515,25531.9722902148,30898.2587206363,Ribeirão Preto
XIII,2020-08-19,19517.4251114717,25925.6515510884,31588.9700395251,Ribeirão Preto
XIII,2020-08-20,19702.3842481344,26311.9866050321,32281.0226355024,Ribeirão Preto
XIII,2020-08-21,19880.8112911602,26690.837738818,32973.8682438723,Ribeirão Preto
XIII,2020-08-22,20052.8682292743,27062.0931133381,33666.9633930977,Ribeirão Preto
XIII,2020-08-23,20218.7168679136,27425.6571760836,34359.7683873198,Ribeirão Preto
XIII,2020-08-24,20378.5267854396,27781.4626134262,35051.7542807171,Ribeirão Preto
XIII,2020-08-25,20532.4628948102,28139.9836352196,35749.5630498192,Ribeirão Preto
XIII,2020-08-26,20680.6908491775,28536.019693656,36448.119619198,Ribeirão Preto
XIII,2020-08-27,20823.3870061583,28927.0447752834,37158.0025246086,Ribeirão Preto
XIII,2020-08-28,20960.738594719,29312.9765596674,37872.4309419725,Ribeirão Preto
XIII,2020-08-29,21092.9305547444,29693.5823554009,38585.5515648058,Ribeirão Preto
XIII,2020-08-30,21220.1407641329,30023.3987890544,39296.9005588368,Ribeirão Preto
XIII,2020-08-31,21342.5464665405,30345.9191698882,40006.036356971,Ribeirão Preto
XIII,2020-09-01,21460.3154643876,30661.1627409459,40712.4745825851,Ribeirão Preto
XIII,2020-09-02,21573.6109414685,30969.157907286,41415.7199136251,Ribeirão Preto
XIII,2020-09-03,21682.5987794845,31269.9537684889,42115.3445261553,Ribeirão Preto
XIII,2020-09-04,21787.4486582016,31563.6217588591,42811.0022907201,Ribeirão Preto
XIII,2020-09-05,21888.3245386088,31850.2428454734,43502.3587688548,Ribeirão Preto
XIII,2020-09-06,21985.381478611,32129.9013047483,44189.061155659,Ribeirão Preto
XIII,2020-09-07,22078.7707758594,32402.6907196939,44870.7831704176,Ribeirão Preto
XIII,2020-09-08,22168.6337576067,32668.7038743865,45547.1642497309,Ribeirão Preto
XIII,2020-09-09,22255.1059387668,32928.0364239264,46217.8385668302,Ribeirão Preto
XIII,2020-09-10,22338.3222780119,33180.7958110534,46882.5057672367,Ribeirão Preto
XIII,2020-09-11,22418.4187077042,33427.1030365727,47540.9430362197,Ribeirão Preto
XIII,2020-09-12,22495.5251878258,33667.0824964252,48192.9410659903,Ribeirão Preto
XIII,2020-09-13,22569.7635384408,33900.8571181635,48838.2758216432,Ribeirão Preto
XIII,2020-09-14,22641.2514570709,34128.5532938914,49476.7483753468,Ribeirão Preto
XIII,2020-09-15,22710.0980610027,34350.2930075785,50108.1299089904,Ribeirão Preto
XIII,2020-09-16,22776.4073331221,34566.1971107728,50732.1874931665,Ribeirão Preto
XIII,2020-09-17,22840.2818050402,34776.3922100768,51348.7462679355,Ribeirão Preto
XIII,2020-09-18,22901.8241693058,34981.0125858264,51957.6999770135,Ribeirão Preto
XIII,2020-09-19,22961.1321168858,35180.1922411389,52558.9540037386,Ribeirão Preto
XIII,2020-09-20,23018.2968006442,35374.061193342,53152.3997081187,Ribeirão Preto
XIII,2020-09-21,23073.4059154754,35562.749555828,53737.949137433,Ribeirão Preto
XIII,2020-09-22,23126.5404199714,35746.3814614592,54315.4866253496,Ribeirão Preto
XIII,2020-09-23,23177.7773166757,35925.0779797038,54884.8913449032,Ribeirão Preto
XIII,2020-09-24,23227.1921849073,36098.9624031107,55446.0908539287,Ribeirão Preto
XIII,2020-09-25,23274.8606962414,36268.1622140019,55999.0706524659,Ribeirão Preto
XIII,2020-09-26,23320.8547024438,36432.8028617692,56543.8246194136,Ribeirão Preto
XIII,2020-09-27,23365.2411040108,36593.0049462557,57080.3322515917,Ribeirão Preto
XIII,2020-09-28,23408.084190699,36748.8875799021,57608.5885726017,Ribeirão Preto
XIII,2020-09-29,23449.4431754636,36900.563680836,58128.5624003258,Ribeirão Preto
XIII,2020-09-30,23489.374408447,37048.1425320276,58640.2159237912,Ribeirão Preto
XIII,2020-10-01,23527.9331009421,37191.7338088549,59143.5500598529,Ribeirão Preto
XIII,2020-10-02,23565.1746729228,37331.4494894396,59638.6134076302,Ribeirão Preto
XIII,2020-10-03,23601.1517366322,37467.3989394973,60125.459774801,Ribeirão Preto
XIII,2020-10-04,23635.9132413893,37599.6867578489,60604.1283299801,Ribeirão Preto
XIII,2020-10-05,23669.5062514844,37728.4155270041,61074.6691924708,Ribeirão Preto
XIII,2020-10-06,23701.974056924,37853.6821295659,61537.1079301356,Ribeirão Preto
XIII,2020-10-07,23733.3579306417,37975.5799603967,61991.4625048992,Ribeirão Preto
XIII,2020-10-08,23763.69829933,38094.2019781737,62437.7811950619,Ribeirão Preto
XIII,2020-10-09,23793.0359073298,38209.6424882923,62876.1511286727,Ribeirão Preto
XIII,2020-10-10,23821.4094572225,38321.9932102503,63306.6621803103,Ribeirão Preto
XIII,2020-10-11,23848.8549535371,38431.3416107725,63729.3898594918,Ribeirão Preto
XIII,2020-10-12,23875.4070607563,38537.7731432095,64144.4170933153,Ribeirão Preto
XIII,2020-10-13,23901.0976350952,38641.3683284608,64551.8042499824,Ribeirão Preto
XIII,2020-10-14,23925.9571224204,38742.2046471741,64951.6038058817,Ribeirão Preto
XIII,2020-10-15,23950.0153568421,38840.3588464332,65343.891731758,Ribeirão Preto
XIII,2020-10-16,23973.3025498169,38935.9085584616,65728.7756528874,Ribeirão Preto
XIII,2020-10-17,23995.8474234139,39028.9291130886,66106.3642339662,Ribeirão Preto
XIII,2020-10-18,24017.6767020284,39119.4922328983,66476.7525407286,Ribeirão Preto
XIII,2020-10-19,24038.8161588105,39207.667853198,66840.0405079716,Ribeirão Preto
XIII,2020-10-20,24059.28946134,39293.5217805201,67196.3077081252,Ribeirão Preto
XIII,2020-10-21,24079.1192891272,39377.1173009777,67545.6260633878,Ribeirão Preto
XIII,2020-10-22,24098.3278831836,39458.5169254911,67888.0856284497,Ribeirão Preto
XIII,2020-10-23,24116.9378783322,39537.7838320056,68223.8023591263,Ribeirão Preto
XIII,2020-10-24,24134.9708129127,39614.9792528827,68552.8921144293,Ribeirão Preto
XIII,2020-10-25,24152.4467323178,39690.1614426043,68875.4582049463,Ribeirão Preto
XIII,2020-10-26,24169.3850034968,39763.3871581552,69191.6070080347,Ribeirão Preto
XIII,2020-10-27,24185.803398392,39834.7097607874,69501.426737001,Ribeirão Preto
XIII,2020-10-28,24201.7189922339,39904.1805786188,69804.9984832461,Ribeirão Preto
XIII,2020-10-29,24217.1485462484,39971.8502317798,70102.4172922952,Ribeirão Preto
XIII,2020-10-30,24232.1092034598,40037.769900633,70393.7995047742,Ribeirão Preto
XIII,2020-10-31,24246.617290525,40101.9891656492,70679.2606046282,Ribeirão Preto
XIII,2020-11-01,24260.6880062993,40164.5551832608,70958.9046745355,Ribeirão Preto
XIII,2020-11-02,24274.336062301,40225.5138931978,71232.8375849866,Ribeirão Preto
XIII,2020-11-03,24287.5749485802,40284.9084660264,71501.1491045717,Ribeirão Preto
XIII,2020-11-04,24300.4176596895,40342.780455799,71763.9225196057,Ribeirão Preto
XIII,2020-11-05,24312.8769648085,40399.1708117098,72021.2518201079,Ribeirão Preto
XIII,2020-11-06,24324.965986772,40454.1209827718,72273.2485830549,Ribeirão Preto
XIII,2020-11-07,24336.6972335181,40507.6711204246,72520.0230208317,Ribeirão Preto
XIII,2020-11-08,24348.0823515882,40559.8594153763,72761.6750824292,Ribeirão Preto
XIII,2020-11-09,24359.1326346158,40610.7230857447,72998.3056013502,Ribeirão Preto
XIII,2020-11-10,24369.858430807,40660.2970983839,73230.0011835252,Ribeirão Preto
XIII,2020-11-11,24380.2697325086,40708.615143353,73456.8426164566,Ribeirão Preto
XIII,2020-11-12,24390.3763695834,40755.7104112943,73678.9188774998,Ribeirão Preto
XIII,2020-11-13,24400.1884897149,40801.616548813,73896.3335419108,Ribeirão Preto
XIII,2020-11-14,24409.7157722021,40846.3661563309,74109.1885030128,Ribeirão Preto
XIII,2020-11-15,24418.9672313149,40889.9902508057,74317.5764798196,Ribeirão Preto
XIII,2020-11-16,24427.9516235577,40932.5190775663,74521.5904605178,Ribeirão Preto
XIII,2020-11-17,24436.6769662774,40973.9810512337,74721.310894606,Ribeirão Preto
XIII,2020-11-18,24445.1510185288,41014.4035794162,74916.8130701461,Ribeirão Preto
XIII,2020-11-19,24453.3814214506,41053.8136642498,75108.1785449247,Ribeirão Preto
XIII,2020-11-20,24461.3760958221,41092.2387241168,75295.5010733119,Ribeirão Preto
XIII,2020-11-21,24469.1426018454,41129.7053346332,75478.8725682407,Ribeirão Preto
XIII,2020-11-22,24476.687981053,41166.2387907416,75658.3767990685,Ribeirão Preto
XIII,2020-11-23,24484.0190850327,41201.8637761918,75834.0974168917,Ribeirão Preto
XIII,2020-11-24,24491.142182136,41236.6034824931,76006.1070567159,Ribeirão Preto
XIII,2020-11-25,24498.0633511631,41270.4803051865,76174.473831047,Ribeirão Preto
XIII,2020-11-26,24504.7885846023,41303.5163126077,76339.2706779465,Ribeirão Preto
XIII,2020-11-27,24511.3241172679,41335.7339496087,76500.5808097173,Ribeirão Preto
XIII,2020-11-28,24517.6759036882,41367.1549804534,76658.4855664975,Ribeirão Preto
XIII,2020-11-29,24523.8494900776,41397.8001300495,76813.0591125555,Ribeirão Preto
XIII,2020-11-30,24529.8502814475,41427.6896379604,76964.3752817512,Ribeirão Preto
XIII,2020-12-01,24535.6832188018,41456.8425229646,77112.4982639052,Ribeirão Preto
XIII,2020-12-02,24541.3531025055,41485.2771717079,77257.4883369913,Ribeirão Preto
XIII,2020-12-03,24546.8646690864,41513.0117065001,77399.4095321847,Ribeirão Preto
XIII,2020-12-04,24552.222862741,41540.0645859699,77538.334614614,Ribeirão Preto
XIII,2020-12-05,24557.4324079021,41566.4537165948,77674.3345423132,Ribeirão Preto
XIII,2020-12-06,24562.4977048744,41592.196157457,77807.4739943912,Ribeirão Preto
XIII,2020-12-07,24567.4230481058,41617.3085801629,77937.8172326905,Ribeirão Preto
XIII,2020-12-08,24572.2123602347,41641.8066533256,78065.4201050425,Ribeirão Preto
XIII,2020-12-09,24576.8694584551,41665.7055403562,78190.3351171525,Ribeirão Preto
XIII,2020-12-10,24581.3981121909,41689.0201899168,78312.6177361024,Ribeirão Preto
XIII,2020-12-11,24585.8022673941,41711.7658472904,78432.330919468,Ribeirão Preto
XIII,2020-12-12,24590.0856964097,41733.9573072636,78549.5359446922,Ribeirão Preto
XIII,2020-12-13,24594.2519124053,41755.6086702311,78664.2886275753,Ribeirão Preto
XIII,2020-12-14,24598.3043485711,41776.7337251031,78776.6443606041,Ribeirão Preto
XIII,2020-12-15,24602.2461383335,41797.3454330954,78886.6512152846,Ribeirão Preto
XIII,2020-12-16,24606.0803353029,41817.4563488233,78994.3544379707,Ribeirão Preto
XIII,2020-12-17,24609.8099568918,41837.0788510651,79099.8016493658,Ribeirão Preto
XIII,2020-12-18,24613.4381696898,41856.2255772828,79203.0469433262,Ribeirão Preto
XIII,2020-12-19,24616.9680022641,41874.9087952289,79304.1428928066,Ribeirão Preto
XIII,2020-12-20,24620.4022746447,41893.1402008097,79403.1373405609,Ribeirão Preto
XIII,2020-12-21,24623.7437460175,41910.9312376986,79500.0777453934,Ribeirão Preto
XIII,2020-12-22,24626.9949326354,41928.2926637013,79595.005206898,Ribeirão Preto
XIII,2020-12-23,24630.1582898273,41945.2349071088,79687.9584561321,Ribeirão Preto
XIII,2020-12-24,24633.236245135,41961.7682510565,79778.9781574649,Ribeirão Preto
XIII,2020-12-25,24636.2313516355,41977.9032022272,79868.1106022423,Ribeirão Preto
XIII,2020-12-26,24639.146052086,41993.6499622702,79955.4007302001,Ribeirão Preto
XIII,2020-12-27,24641.9826205643,42009.0182597942,80040.8893951463,Ribeirão Preto
XIII,2020-12-28,24644.7432845829,42024.0176177608,80124.6171266406,Ribeirão Preto
XIII,2020-12-29,24647.4300739221,42038.6569887227,80206.6189339951,Ribeirão Preto
XIV,2020-07-04,1804,1804,1804,São João da Boa Vista
XIV,2020-07-05,1873.02241723305,1873.2964756166,1879.28325090525,São João da Boa Vista
XIV,2020-07-06,1945.3883157303,1945.76213261175,1957.26424350853,São João da Boa Vista
XIV,2020-07-07,2019.36715180911,2021.04003849248,2037.71430312465,São João da Boa Vista
XIV,2020-07-08,2094.3599014506,2098.02563254496,2119.31729313158,São João da Boa Vista
XIV,2020-07-09,2169.92266309857,2176.13627834886,2201.44965436132,São João da Boa Vista
XIV,2020-07-10,1944.3173337946,2255.05786097902,2387.3637520354,São João da Boa Vista
XIV,2020-07-11,2009.98825129942,2334.46177698696,2474.12987013718,São João da Boa Vista
XIV,2020-07-12,2075.58035198491,2414.10925620173,2560.88099510272,São João da Boa Vista
XIV,2020-07-13,2141.02986610372,2493.84438679599,2647.48168037805,São João da Boa Vista
XIV,2020-07-14,2206.30010263334,2572.96389662176,2733.84285599078,São João da Boa Vista
XIV,2020-07-15,2271.37333543115,2652.57235066233,2819.91062106816,São João da Boa Vista
XIV,2020-07-16,2336.25107165727,2732.04311673567,2905.66137783497,São João da Boa Vista
XIV,2020-07-17,2400.95168083733,2811.3496319317,2991.09664691412,São João da Boa Vista
XIV,2020-07-18,2465.49965713277,2890.47842060982,3076.23313877637,São João da Boa Vista
XIV,2020-07-19,2529.92014117748,2969.42231453729,3161.09640310722,São João da Boa Vista
XIV,2020-07-20,2594.24286238026,3048.04262735591,3245.72113348689,São João da Boa Vista
XIV,2020-07-21,2655.19714906667,3126.22781845581,3330.14332683858,São João da Boa Vista
XIV,2020-07-22,2713.97084994773,3204.12678056564,3414.39967661702,São João da Boa Vista
XIV,2020-07-23,2772.16965900367,3282.21616796778,3498.53094694592,São João da Boa Vista
XIV,2020-07-24,2829.82522636532,3360.05842398414,3582.58297507014,São João da Boa Vista
XIV,2020-07-25,2886.96746380196,3437.63793890689,3666.60133214131,São João da Boa Vista
XIV,2020-07-26,2943.6216219955,3514.93541374007,3750.62858227415,São João da Boa Vista
XIV,2020-07-27,2999.81391126417,3591.93036212365,3834.7075779604,São João da Boa Vista
XIV,2020-07-28,3055.5630866683,3667.19352748406,3918.87542225799,São João da Boa Vista
XIV,2020-07-29,3110.88321212852,3741.2624567413,4003.16465877502,São João da Boa Vista
XIV,2020-07-30,3165.79106860658,3814.1179643214,4087.60808967848,São João da Boa Vista
XIV,2020-07-31,3220.30878843043,3885.89000957586,4172.24078278956,São João da Boa Vista
XIV,2020-08-01,3274.45663062571,3958.66750952885,4257.0952363189,São João da Boa Vista
XIV,2020-08-02,3328.25027067938,4032.56369180089,4342.19912525361,São João da Boa Vista
XIV,2020-08-03,3381.70651506088,4104.6476938842,4427.57926503955,São João da Boa Vista
XIV,2020-08-04,3434.83486490106,4176.03123786242,4513.25550684746,São João da Boa Vista
XIV,2020-08-05,3487.64040381557,4246.61242348181,4599.24233463469,São João da Boa Vista
XIV,2020-08-06,3540.13125791817,4316.34893722353,4685.55413719541,São João da Boa Vista
XIV,2020-08-07,3592.32122192528,4385.20452362443,4772.20748633833,São João da Boa Vista
XIV,2020-08-08,3644.22245663775,4453.54411580622,4859.21606923969,São João da Boa Vista
XIV,2020-08-09,3695.84281326555,4522.0251996252,4946.58848492559,São João da Boa Vista
XIV,2020-08-10,3747.19161359713,4591.01541421416,5034.33253582197,São João da Boa Vista
XIV,2020-08-11,3798.27113688784,4657.18915010571,5122.44880918144,São João da Boa Vista
XIV,2020-08-12,3849.07954008643,4727.41866694181,5210.9324758152,São João da Boa Vista
XIV,2020-08-13,3899.61837455705,4799.66278830796,5299.77887672036,São João da Boa Vista
XIV,2020-08-14,3949.89524113927,4871.82960554364,5388.98603907879,São João da Boa Vista
XIV,2020-08-15,3999.91629350698,4943.8384726668,5478.54920839989,São João da Boa Vista
XIV,2020-08-16,4049.68362946671,5015.67734717273,5568.45869347307,São João da Boa Vista
XIV,2020-08-17,4099.20111750931,5087.33558740813,5658.7043962186,São João da Boa Vista
XIV,2020-08-18,4148.4658420153,5158.44779750244,5749.26912187634,São João da Boa Vista
XIV,2020-08-19,4197.47103420837,5222.75868736781,5840.1305468043,São João da Boa Vista
XIV,2020-08-20,4246.21360014023,5286.26646260048,5931.26704708923,São João da Boa Vista
XIV,2020-08-21,4294.69688143684,5348.94940291742,6022.66047413279,São João da Boa Vista
XIV,2020-08-22,4342.92289140357,5410.78657244214,6114.29029332963,São João da Boa Vista
XIV,2020-08-23,4390.8898494115,5471.7566841319,6206.13149699595,São João da Boa Vista
XIV,2020-08-24,4438.59797600218,5531.84093052202,6298.15930364736,São João da Boa Vista
XIV,2020-08-25,4486.04097280578,5591.0190717654,6390.34230903525,São João da Boa Vista
XIV,2020-08-26,4533.2089507414,5649.27078452208,6482.64459355879,São João da Boa Vista
XIV,2020-08-27,4580.09588576989,5706.57901130033,6575.03167556452,São João da Boa Vista
XIV,2020-08-28,4626.7025257566,5762.93163499397,6667.4735207364,São João da Boa Vista
XIV,2020-08-29,4670.60774517336,5818.31775616177,6759.93837344385,São João da Boa Vista
XIV,2020-08-30,4701.20639824185,5872.72665084522,6852.39075247405,São João da Boa Vista
XIV,2020-08-31,4730.90018189164,5926.15021884921,6944.7962170973,São João da Boa Vista
XIV,2020-09-01,4759.70217146629,5978.57945673791,7037.11450698537,São João da Boa Vista
XIV,2020-09-02,4787.62368365208,6030.00560969165,7129.30173351733,São João da Boa Vista
XIV,2020-09-03,4814.67985890673,6080.42300011127,7221.3162866167,São João da Boa Vista
XIV,2020-09-04,4840.89215050942,6129.83050123212,7313.12199951839,São João da Boa Vista
XIV,2020-09-05,4866.28147367307,6178.22812266556,7404.6818102635,São João da Boa Vista
XIV,2020-09-06,4890.8665639841,6225.61608638912,7495.95585687064,São João da Boa Vista
XIV,2020-09-07,4914.66797981856,6271.99689554209,7586.90617373111,São João da Boa Vista
XIV,2020-09-08,4937.70247103993,6317.37225249616,7677.48998105351,São João da Boa Vista
XIV,2020-09-09,4959.98503561768,6361.74402945877,7767.66188378007,São João da Boa Vista
XIV,2020-09-10,4981.5333021603,6405.1166020843,7857.37953668735,São João da Boa Vista
XIV,2020-09-11,5002.36964967361,6447.4981214541,7946.60684765781,São João da Boa Vista
XIV,2020-09-12,5022.51561565206,6488.89750425043,8035.30764697395,São João da Boa Vista
XIV,2020-09-13,5041.99066243079,6529.32364898457,8123.44389485219,São João da Boa Vista
XIV,2020-09-14,5060.81536041569,6568.78715953871,8210.98016697856,São João da Boa Vista
XIV,2020-09-15,5079.00695747479,6607.29773424129,8297.87724462693,São João da Boa Vista
XIV,2020-09-16,5096.58104250172,6644.86498252053,8384.09424069648,São João da Boa Vista
XIV,2020-09-17,5113.5549341903,6681.50032111584,8469.59384988766,São João da Boa Vista
XIV,2020-09-18,5129.94945702573,6717.21805472275,8554.34545982031,São João da Boa Vista
XIV,2020-09-19,5145.78447110993,6752.03281871802,8638.31902242829,São João da Boa Vista
XIV,2020-09-20,5161.07796250212,6785.9589410086,8721.48338360865,São João da Boa Vista
XIV,2020-09-21,5175.84854552038,6819.01186381377,8803.81044096885,São João da Boa Vista
XIV,2020-09-22,5190.11202220097,6851.20599024331,8885.26916272972,São João da Boa Vista
XIV,2020-09-23,5203.88271413333,6882.55537120979,8965.82757225034,São João da Boa Vista
XIV,2020-09-24,5217.17605217585,6909.77398227298,9045.45746745737,São João da Boa Vista
XIV,2020-09-25,5230.01003682686,6936.03971092246,9124.13732261603,São João da Boa Vista
XIV,2020-09-26,5242.40172339577,6961.47862007535,9201.84654197815,São João da Boa Vista
XIV,2020-09-27,5254.36655614859,6986.11352372989,9278.56392194997,São João da Boa Vista
XIV,2020-09-28,5265.92031714064,7009.96773539429,9354.27140426935,São João da Boa Vista
XIV,2020-09-29,5277.07647664475,7033.06308063269,9428.94862125271,São João da Boa Vista
XIV,2020-09-30,5287.8472493303,7055.42051764916,9502.57469195536,São João da Boa Vista
XIV,2020-10-01,5298.2455563139,7077.06148783626,9575.13236215375,São João da Boa Vista
XIV,2020-10-02,5308.28620434308,7098.00877891083,9646.61061379369,São João da Boa Vista
XIV,2020-10-03,5317.98315700602,7118.2846951703,9716.99943984021,São João da Boa Vista
XIV,2020-10-04,5327.34904642024,7137.91059633053,9786.28845087659,São João da Boa Vista
XIV,2020-10-05,5336.39668081738,7156.90793682964,9854.47018914808,São João da Boa Vista
XIV,2020-10-06,5345.13701322727,7175.29673310295,9921.53526224572,São João da Boa Vista
XIV,2020-10-07,5353.57997263103,7193.09607098694,9987.47392811089,São João da Boa Vista
XIV,2020-10-08,5361.73594174954,7210.32515309961,10052.2796622857,São João da Boa Vista
XIV,2020-10-09,5369.61669462002,7233.99084887412,10115.9514336181,São João da Boa Vista
XIV,2020-10-10,5377.23329749894,7259.610831377,10178.489083531,São João da Boa Vista
XIV,2020-10-11,5384.59574795738,7284.72597759687,10239.8920875346,São João da Boa Vista
XIV,2020-10-12,5391.71413627814,7309.34690735393,10300.1624304908,São João da Boa Vista
XIV,2020-10-13,5398.59709045524,7333.48134556569,10359.3003533594,São João da Boa Vista
XIV,2020-10-14,5405.25242676762,7357.13555412112,10417.3057247536,São João da Boa Vista
XIV,2020-10-15,5411.68825879305,7380.31730280446,10474.1810770064,São João da Boa Vista
XIV,2020-10-16,5417.9137344521,7403.03766554263,10529.9335431026,São João da Boa Vista
XIV,2020-10-17,5423.93743107773,7424.64913636165,10584.5708677637,São João da Boa Vista
XIV,2020-10-18,5429.76708580799,7440.22217861708,10638.1003290599,São João da Boa Vista
XIV,2020-10-19,5435.4104887573,7455.36342139973,10690.531199098,São João da Boa Vista
XIV,2020-10-20,5440.87429165133,7470.08560275276,10741.8710935592,São João da Boa Vista
XIV,2020-10-21,5446.16451558628,7484.40087216998,10792.1271416958,São João da Boa Vista
XIV,2020-10-22,5451.28738165649,7498.32138852557,10841.3085486944,São João da Boa Vista
XIV,2020-10-23,5456.24988639713,7511.85970339561,10889.4282140046,São João da Boa Vista
XIV,2020-10-24,5461.05857869231,7525.02794442706,10936.4993559924,São João da Boa Vista
XIV,2020-10-25,5465.71935602703,7537.83764439879,10982.5345914036,São João da Boa Vista
XIV,2020-10-26,5470.23815172206,7550.30022574897,11027.5480190782,São João da Boa Vista
XIV,2020-10-27,5474.62001973463,7562.42633007476,11071.5521342304,São João da Boa Vista
XIV,2020-10-28,5478.86953074269,7574.22607992935,11114.5588166278,São João da Boa Vista
XIV,2020-10-29,5482.99139369085,7585.70954654141,11156.581480031,São João da Boa Vista
XIV,2020-10-30,5486.99090401918,7596.88705337347,11197.6364060133,São João da Boa Vista
XIV,2020-10-31,5490.87301232092,7607.76854252695,11237.739932818,São João da Boa Vista
XIV,2020-11-01,5494.64216860246,7618.36344461849,11276.907683281,São João da Boa Vista
XIV,2020-11-02,5498.30285235126,7628.68106420562,11315.1563148164,São João da Boa Vista
XIV,2020-11-03,5501.85886658055,7638.73005393372,11352.5009422203,São João da Boa Vista
XIV,2020-11-04,5505.31364728666,7648.51862653545,11388.9559667771,São João da Boa Vista
XIV,2020-11-05,5508.67072832189,7658.0549194305,11424.5368703528,São João da Boa Vista
XIV,2020-11-06,5511.93409121828,7667.34723522364,11459.26130416,São João da Boa Vista
XIV,2020-11-07,5515.10745507058,7676.40354988008,11493.1467755417,São João da Boa Vista
XIV,2020-11-08,5518.194156191,7685.23141314759,11526.2100097898,São João da Boa Vista
XIV,2020-11-09,5521.19755862295,7693.83825503827,11558.4684103443,São João da Boa Vista
XIV,2020-11-10,5524.12050670022,7702.23097209975,11589.9379252521,São João da Boa Vista
XIV,2020-11-11,5526.96556764111,7710.41609890985,11620.6337399041,São João da Boa Vista
XIV,2020-11-12,5529.73537904945,7718.40009137894,11650.5717676972,São João da Boa Vista
XIV,2020-11-13,5532.43292353934,7726.18951804334,11679.7695331052,São João da Boa Vista
XIV,2020-11-14,5535.06098559684,7733.79067724861,11708.244284524,São João da Boa Vista
XIV,2020-11-15,5537.62205761254,7741.20952041966,11736.0124727389,São João da Boa Vista
XIV,2020-11-16,5540.1186595406,7748.45189605185,11763.0909631649,São João da Boa Vista
XIV,2020-11-17,5542.55291173222,7755.52322268884,11789.495280057,São João da Boa Vista
XIV,2020-11-18,5544.9267260383,7762.42862778334,11815.2401839366,São João da Boa Vista
XIV,2020-11-19,5547.24206529047,7769.17316713946,11840.3409046421,São João da Boa Vista
XIV,2020-11-20,5549.50116088245,7775.76197810498,11864.8138549862,São João da Boa Vista
XIV,2020-11-21,5551.70609540145,7782.19998028388,11888.6750998872,São João da Boa Vista
XIV,2020-11-22,5553.85872851053,7788.49181592865,11911.939933728,São João da Boa Vista
XIV,2020-11-23,5555.96094749584,7794.64204464922,11934.623882896,São João da Boa Vista
XIV,2020-11-24,5558.01433163301,7800.65488346348,11956.7412658748,São João da Boa Vista
XIV,2020-11-25,5560.0203036337,7806.53431951212,11978.3056740975,São João da Boa Vista
XIV,2020-11-26,5561.98032300627,7812.2842794951,11999.3309874322,São João da Boa Vista
XIV,2020-11-27,5563.89606049647,7817.90875343761,12019.8319502938,São João da Boa Vista
XIV,2020-11-28,5565.76907544699,7823.41155937661,12039.8229337615,São João da Boa Vista
XIV,2020-11-29,5567.60075674926,7828.79629663025,12059.3175950618,São João da Boa Vista
XIV,2020-11-30,5569.39252068166,7834.06650170277,12078.3297044631,São João da Boa Vista
XIV,2020-12-01,5571.14554522518,7839.22544034342,12096.8719661379,São João da Boa Vista
XIV,2020-12-02,5572.86089090734,7844.27619936308,12114.9564186972,São João da Boa Vista
XIV,2020-12-03,5574.53964440126,7849.22181702841,12132.5952678876,São João da Boa Vista
XIV,2020-12-04,5576.18306030503,7854.06538406127,12149.8013522624,São João da Boa Vista
XIV,2020-12-05,5577.79230997225,7858.80985740999,12166.5871433861,São João da Boa Vista
XIV,2020-12-06,5579.36843399908,7863.45802325402,12182.9644724896,São João da Boa Vista
XIV,2020-12-07,5580.91249970285,7868.01262235162,12202.1056440758,São João da Boa Vista
XIV,2020-12-08,5582.42538916695,7872.47618258796,12221.56691851,São João da Boa Vista
XIV,2020-12-09,5583.90789638252,7876.85109408786,12240.5747357931,São João da Boa Vista
XIV,2020-12-10,5585.36083333659,7881.13970921892,12259.1389658685,São João da Boa Vista
XIV,2020-12-11,5586.78514694127,7885.3444258818,12277.2711346173,São João da Boa Vista
XIV,2020-12-12,5588.1817219616,7889.46753908012,12294.982359396,São João da Boa Vista
XIV,2020-12-13,5589.55134240446,7893.51121133589,12312.2828085019,São João da Boa Vista
XIV,2020-12-14,5590.89481793408,7897.47757394165,12329.1830558999,São João da Boa Vista
XIV,2020-12-15,5592.2128134319,7901.3685911963,12345.6921512341,São João da Boa Vista
XIV,2020-12-16,5593.50592768917,7905.18612214462,12361.8182937159,São João da Boa Vista
XIV,2020-12-17,5594.77477118839,7908.93199699973,12377.5702753038,São João da Boa Vista
XIV,2020-12-18,5596.02006396159,7912.60808654528,12392.9582127218,São João da Boa Vista
XIV,2020-12-19,5597.24247964997,7916.21618296249,12407.9918498576,São João da Boa Vista
XIV,2020-12-20,5598.4426138198,7919.75797593606,12422.6801118648,São João da Boa Vista
XIV,2020-12-21,5599.6210863222,7923.23513486256,12437.0322345548,São João da Boa Vista
XIV,2020-12-22,5600.77840314214,7926.64919804064,12451.0561559536,São João da Boa Vista
XIV,2020-12-23,5601.91502064407,7930.00162367425,12464.7590796826,São João da Boa Vista
XIV,2020-12-24,5603.0314019862,7933.29384806184,12478.1486754745,São João da Boa Vista
XIV,2020-12-25,5604.12810016645,7936.52734399673,12491.2336775065,São João da Boa Vista
XIV,2020-12-26,5605.20563353289,7939.70352438141,12504.0224867844,São João da Boa Vista
XIV,2020-12-27,5606.26445953654,7942.82372274733,12516.5228041181,São João da Boa Vista
XIV,2020-12-28,5607.30505833139,7945.8892603671,12528.7425719055,São João da Boa Vista
XIV,2020-12-29,5608.32781991609,7948.90135523073,12540.688631773,São João da Boa Vista
XV,2020-07-04,7961.28571428571,7961.28571428571,7961.28571428571,São José do Rio Preto
XV,2020-07-05,8267.00200644589,8268.13447100241,8294.58151258801,São José do Rio Preto
XV,2020-07-06,8578.51875423324,8579.61994196095,8629.93070624181,São José do Rio Preto
XV,2020-07-07,8894.09224083108,8900.54508612598,8971.78217482796,São José do Rio Preto
XV,2020-07-08,9216.16572054258,9230.76504016316,9320.65402667453,São José do Rio Preto
XV,2020-07-09,9545.81176340239,9571.00924436621,9677.65824968185,São José do Rio Preto
XV,2020-07-10,8557.34640720383,9921.85315895138,10497.8346432726,São José do Rio Preto
XV,2020-07-11,8858.13333461605,10283.7521726535,10890.7781826954,São José do Rio Preto
XV,2020-07-12,9167.58976030052,10657.0569337234,11294.821542844,São José do Rio Preto
XV,2020-07-13,9486.31338675082,11042.026908836,11711.0414685146,São José do Rio Preto
XV,2020-07-14,9814.88304959966,11436.5698345032,12139.9589788982,São José do Rio Preto
XV,2020-07-15,10153.8728933661,11844.1325097387,12582.2441195956,São José do Rio Preto
XV,2020-07-16,10503.8666652217,12262.8961879678,13038.5887113252,São José do Rio Preto
XV,2020-07-17,10865.4641656615,12692.416196254,13509.7362397828,São José do Rio Preto
XV,2020-07-18,11215.955367218,13132.0752129015,13996.4312003929,São José do Rio Preto
XV,2020-07-19,11566.4225669217,13581.1577835898,14499.3832527466,São José do Rio Preto
XV,2020-07-20,11924.3078794281,14047.234100556,15019.2853534289,São José do Rio Preto
XV,2020-07-21,12289.9022469461,14524.1995851241,15556.7340625667,São José do Rio Preto
XV,2020-07-22,12663.4494783904,14990.9816819719,16112.2046208423,São José do Rio Preto
XV,2020-07-23,13045.1948935713,15471.420167022,16687.8533456536,São José do Rio Preto
XV,2020-07-24,13435.4032519825,15956.9426357344,17282.7964659456,São José do Rio Preto
XV,2020-07-25,13834.2602039211,16473.0661226715,17896.9738321262,São José do Rio Preto
XV,2020-07-26,14241.8176651099,17034.9886959956,18530.2200914111,São José do Rio Preto
XV,2020-07-27,14658.0353110096,17617.1201538009,19182.2177768344,São José do Rio Preto
XV,2020-07-28,15082.6971900755,18182.4309740284,19852.5226130032,São José do Rio Preto
XV,2020-07-29,15515.4361086563,18736.3238836447,20540.5984526683,São José do Rio Preto
XV,2020-07-30,15955.8191565237,19291.1664885626,21245.8523353707,São José do Rio Preto
XV,2020-07-31,16376.0703716044,19851.3431500309,21967.6612585988,São José do Rio Preto
XV,2020-08-01,16774.401293275,20416.1581324227,22705.3727330598,São José do Rio Preto
XV,2020-08-02,17140.81965519,20984.8761518468,23458.3126249469,São José do Rio Preto
XV,2020-08-03,17501.8239371016,21556.7594941144,24225.8070318535,São José do Rio Preto
XV,2020-08-04,17857.3410750848,22131.0311354729,25007.1766194606,São José do Rio Preto
XV,2020-08-05,18206.9028087824,22706.8929246552,25801.7443603088,São José do Rio Preto
XV,2020-08-06,18550.1057787574,23283.5689647115,26608.8474398137,São José do Rio Preto
XV,2020-08-07,18886.6316051354,23860.3358706306,27431.8170520557,São José do Rio Preto
XV,2020-08-08,19216.1989206002,24436.4842198653,28274.7614118331,São José do Rio Preto
XV,2020-08-09,19538.5470182971,25011.3039400454,29130.8385806333,São José do Rio Preto
XV,2020-08-10,19853.4668899222,25584.1179299898,29999.4324150005,São José do Rio Preto
XV,2020-08-11,20160.7617717298,26154.2456817055,30879.8290845065,São José do Rio Preto
XV,2020-08-12,20460.259759619,26721.016814086,31771.2388270005,São José do Rio Preto
XV,2020-08-13,20751.8410771948,27283.8046145673,32672.8604073469,São José do Rio Preto
XV,2020-08-14,21035.4497228403,27842.0477896909,33583.9363661296,São José do Rio Preto
XV,2020-08-15,21311.0536739006,28395.2138228511,34503.6804705034,São José do Rio Preto
XV,2020-08-16,21578.6301879558,28942.7833073654,35431.247507071,São José do Rio Preto
XV,2020-08-17,21838.1896606854,29484.2771572279,36365.7944635734,São José do Rio Preto
XV,2020-08-18,22089.7447804905,30019.2239611315,37306.4095815235,São José do Rio Preto
XV,2020-08-19,22333.3208455532,30547.1708347079,38252.1383386267,São José do Rio Preto
XV,2020-08-20,22568.9766888643,31067.7104314096,39202.0467102174,São José do Rio Preto
XV,2020-08-21,22796.8132019715,31580.4972836773,40155.2729649691,São José do Rio Preto
XV,2020-08-22,23016.9432879011,32085.2165558694,41110.9557284685,São José do Rio Preto
XV,2020-08-23,23229.4805774879,32581.5699584726,42068.2020447911,São José do Rio Preto
XV,2020-08-24,23434.5576886528,33069.2976159833,43026.1457552736,São José do Rio Preto
XV,2020-08-25,23632.3029850516,33531.5331930921,43983.8785969152,São José do Rio Preto
XV,2020-08-26,23822.8487028796,33978.6682966944,44940.475698063,São José do Rio Preto
XV,2020-08-27,24006.3464816121,34455.3669363019,45895.0552854213,São José do Rio Preto
XV,2020-08-28,24182.9735659112,34929.3807050611,46846.8246860257,São José do Rio Preto
XV,2020-08-29,24352.9103667793,35370.8677521604,47795.0133470371,São José do Rio Preto
XV,2020-08-30,24516.3320124488,35802.7208113963,48738.8417686381,São José do Rio Preto
XV,2020-08-31,24673.4219925001,36224.8762544178,49677.5755610761,São José do Rio Preto
XV,2020-09-01,24824.3549813923,36637.279112433,50610.4616482258,São José do Rio Preto
XV,2020-09-02,24969.3032074144,37039.889360782,51536.751544897,São José do Rio Preto
XV,2020-09-03,25108.4478957481,37432.6980584657,52455.7553369718,São José do Rio Preto
XV,2020-09-04,25241.9840000262,37815.7359490615,53366.8801110734,São José do Rio Preto
XV,2020-09-05,25370.1037939723,38189.0523754602,54269.5686275079,São José do Rio Preto
XV,2020-09-06,25492.9908627915,38552.7051199892,55163.2692700635,São José do Rio Preto
XV,2020-09-07,25610.8303301525,38906.773173189,56047.4830491303,São José do Rio Preto
XV,2020-09-08,25723.7964631814,39251.338495693,56921.7054027797,São José do Rio Preto
XV,2020-09-09,25832.0577495763,39586.4907132973,57785.4454676366,São José do Rio Preto
XV,2020-09-10,25935.7853643132,39912.3393712861,58638.2726337826,São José do Rio Preto
XV,2020-09-11,26035.1569256453,40229.0203094242,59479.847191841,São José do Rio Preto
XV,2020-09-12,26130.3446817949,40536.6790352023,60309.8654728847,São José do Rio Preto
XV,2020-09-13,26221.5114002731,40835.4627403526,61128.0318937746,São José do Rio Preto
XV,2020-09-14,26308.8180355081,41125.5301111305,61934.0984965512,São José do Rio Preto
XV,2020-09-15,26392.4148971398,41407.0371614651,62727.8135001133,São José do Rio Preto
XV,2020-09-16,26472.4456875389,41680.1409637208,63508.9367755044,São José do Rio Preto
XV,2020-09-17,26549.0537466103,41945.0090973311,64277.2792626931,São José do Rio Preto
XV,2020-09-18,26622.3850543199,42201.8246301998,65032.7272361656,São José do Rio Preto
XV,2020-09-19,26692.5797612862,42450.7733553398,65775.1948995912,São José do Rio Preto
XV,2020-09-20,26759.7694245657,42692.0378227635,66504.5998416473,São José do Rio Preto
XV,2020-09-21,26824.0827161177,42925.8050050991,67220.8959382321,São José do Rio Preto
XV,2020-09-22,26885.6391364488,43152.2555512543,67924.0294502179,São José do Rio Preto
XV,2020-09-23,26944.5521746072,43371.5668868608,68613.9515449391,São José do Rio Preto
XV,2020-09-24,27000.9338693504,43583.9205824608,69290.6514830941,São José do Rio Preto
XV,2020-09-25,27054.8971865291,43789.5063862978,69954.1760834344,São José do Rio Preto
XV,2020-09-26,27106.5499195751,43988.5125734118,70604.5900075937,São José do Rio Preto
XV,2020-09-27,27155.9928325555,44181.1216204369,71241.9552744591,São José do Rio Preto
XV,2020-09-28,27203.3238699737,44367.5162398849,71866.3585305815,São José do Rio Preto
XV,2020-09-29,27248.6336545056,44547.8713199362,72477.8746225778,São José do Rio Preto
XV,2020-09-30,27292.007918258,44722.3565279154,73076.5768776871,São José do Rio Preto
XV,2020-10-01,27333.5307972217,44891.1420659704,73700.7882998272,São José do Rio Preto
XV,2020-10-02,27373.2866935003,45054.4019732783,74314.1667270968,São José do Rio Preto
XV,2020-10-03,27411.3558444672,45212.3068560609,74915.3667618111,São José do Rio Preto
XV,2020-10-04,27447.8130665326,45365.0207936309,75504.4933881762,São José do Rio Preto
XV,2020-10-05,27482.73083696,45512.7060818033,76081.6786138037,São José do Rio Preto
XV,2020-10-06,27516.1760406286,45655.5171944017,76647.0143284004,São José do Rio Preto
XV,2020-10-07,27548.2118183593,45793.6029472016,77200.5745160781,São José do Rio Preto
XV,2020-10-08,27578.8999251783,45927.1109730063,77742.4690887268,São José do Rio Preto
XV,2020-10-09,27608.3021800883,46056.1904185472,78272.8737189952,São José do Rio Preto
XV,2020-10-10,27636.4772168743,46180.9864476759,78791.9681632245,São José do Rio Preto
XV,2020-10-11,27663.4796263973,46301.6380286853,79299.9063781541,São José do Rio Preto
XV,2020-10-12,27689.3622047803,46418.281644268,79796.8614021448,São José do Rio Preto
XV,2020-10-13,27714.1735810955,46531.046745732,80282.9696592717,São José do Rio Preto
XV,2020-10-14,27737.9596140804,46640.0575242358,80758.3493480338,São José do Rio Preto
XV,2020-10-15,27760.7650705346,46745.4363678811,81223.1456754009,São José do Rio Preto
XV,2020-10-16,27782.6347522287,46847.3060495771,81677.5553782217,São José do Rio Preto
XV,2020-10-17,27803.6110920748,46945.7855411104,82121.7757345765,São José do Rio Preto
XV,2020-10-18,27823.7335630928,47040.9884198707,82555.9803453873,São José do Rio Preto
XV,2020-10-19,27843.0403187234,47133.0257568821,82980.3562089659,São José do Rio Preto
XV,2020-10-20,27861.5664478047,47222.00266953,83395.0577922732,São José do Rio Preto
XV,2020-10-21,27879.3450284496,47308.0197526966,83800.2221606437,São José do Rio Preto
XV,2020-10-22,27896.4083190902,47391.1757350315,84196.0066567646,São José do Rio Preto
XV,2020-10-23,27912.7886355558,47471.5692434012,84582.6091124098,São José do Rio Preto
XV,2020-10-24,27928.5165584249,47549.2955899173,84960.2257865329,São José do Rio Preto
XV,2020-10-25,27943.6205219943,47624.4456134078,85329.0318927098,São José do Rio Preto
XV,2020-10-26,27958.1280146352,47697.1079214297,85689.2120420059,São José do Rio Preto
XV,2020-10-27,27972.0642845761,47767.366255523,86040.9224947189,São José do Rio Preto
XV,2020-10-28,27985.4531362409,47835.3006375314,86384.3035657328,São José do Rio Preto
XV,2020-10-29,27998.3177748155,47900.989403509,86719.5108013824,São José do Rio Preto
XV,2020-10-30,28010.6814906914,47964.5106212359,87046.7316896166,São José do Rio Preto
XV,2020-10-31,28022.5663129133,48025.9396057302,87366.1509801169,São José do Rio Preto
XV,2020-11-01,28033.9927205449,48085.3480679395,87677.9350991213,São José do Rio Preto
XV,2020-11-02,28044.9805254428,48142.8058541657,87982.2570545877,São José do Rio Preto
XV,2020-11-03,28055.5479047459,48198.3789172552,88279.265463786,São José do Rio Preto
XV,2020-11-04,28065.7120045424,48252.1302303029,88569.0947162613,São José do Rio Preto
XV,2020-11-05,28075.4895392499,48304.1213415846,88851.8906472578,São José do Rio Preto
XV,2020-11-06,28084.8973274274,48354.4135111168,89127.824396745,São José do Rio Preto
XV,2020-11-07,28093.9512735757,48403.0657768978,89397.0638082361,São José do Rio Preto
XV,2020-11-08,28102.6661632886,48450.1343228442,89659.7609833367,São José do Rio Preto
XV,2020-11-09,28111.0563166085,48495.6738298347,89916.0726202331,São José do Rio Preto
XV,2020-11-10,28119.1348591504,48539.73590269,90166.1346158794,São José do Rio Preto
XV,2020-11-11,28126.914181667,48582.3697969609,90410.0704018751,São José do Rio Preto
XV,2020-11-12,28134.4063662833,48623.6236076394,90648.0120170305,São José do Rio Preto
XV,2020-11-13,28141.6236073465,48663.5451799173,90880.1116370716,São José do Rio Preto
XV,2020-11-14,28148.5774367472,48702.1805954998,91106.517970988,São José do Rio Preto
XV,2020-11-15,28155.27857682,48739.5736986614,91327.366328407,São José do Rio Preto
XV,2020-11-16,28161.737427467,48775.7671481959,91542.7952231393,São José do Rio Preto
XV,2020-11-17,28167.9635129002,48810.8011900364,91752.925542068,São José do Rio Preto
XV,2020-11-18,28173.965833224,48844.7142353178,91957.8673996404,São José do Rio Preto
XV,2020-11-19,28179.7531684332,48877.5437701229,92157.7373972749,São José do Rio Preto
XV,2020-11-20,28185.3344100767,48909.3270855899,92352.6682420283,São José do Rio Preto
XV,2020-11-21,28190.7179684246,48940.1000871224,92542.7892496434,São José do Rio Preto
XV,2020-11-22,28195.9116654886,48969.8969356808,92728.2184111212,São José do Rio Preto
XV,2020-11-23,28200.9231011297,48998.750869622,92909.0759564537,São José do Rio Preto
XV,2020-11-24,28205.7592299956,49026.6932413696,93085.4672545374,São José do Rio Preto
XV,2020-11-25,28210.4266319244,49053.7539777881,93257.4884676669,São José do Rio Preto
XV,2020-11-26,28214.931729558,49079.9622777759,93425.2406690634,São José do Rio Preto
XV,2020-11-27,28219.2810505968,49105.3471982116,93588.8378868153,São José do Rio Preto
XV,2020-11-28,28223.4807716212,49129.9367129941,93748.3909816412,São José do Rio Preto
XV,2020-11-29,28227.5366392345,49153.757439179,93904.001298409,São José do Rio Preto
XV,2020-11-30,28231.4542475511,49176.8352816297,94055.7717619063,São José do Rio Preto
XV,2020-12-01,28235.2387123521,49199.1946727696,94203.7928205841,São José do Rio Preto
XV,2020-12-02,28238.8948802115,49220.8589400577,94348.1471273484,São José do Rio Preto
XV,2020-12-03,28242.4274849361,49241.85084226,94488.921078467,São José do Rio Preto
XV,2020-12-04,28245.8413556341,49262.1930404858,94626.2115547498,São José do Rio Preto
XV,2020-12-05,28249.1410638334,49281.9073516024,94760.1125734223,São José do Rio Preto
XV,2020-12-06,28252.3308645404,49301.0145374495,94890.7101942316,São José do Rio Preto
XV,2020-12-07,28255.4149083897,49319.5348127645,95018.0916131871,São José do Rio Preto
XV,2020-12-08,28258.396988908,49337.4872420755,95142.3335883872,São José do Rio Preto
XV,2020-12-09,28261.2807051708,49354.8900338867,95263.5063282759,São José do Rio Preto
XV,2020-12-10,28264.0695747985,49371.760954149,95381.6829198259,São José do Rio Preto
XV,2020-12-11,28266.7671995878,49388.1177057185,95496.9449883747,São José do Rio Preto
XV,2020-12-12,28269.3769911461,49403.9773337174,95609.3716312597,São José do Rio Preto
XV,2020-12-13,28271.9021262153,49419.3560620747,95719.0353171107,São José do Rio Preto
XV,2020-12-14,28274.3457102822,49434.2696956202,95826.0093551074,São José do Rio Preto
XV,2020-12-15,28276.710580207,49448.7331392517,95930.3583455411,São José do Rio Preto
XV,2020-12-16,28278.9994314621,49462.760634237,96032.14142061,São José do Rio Preto
XV,2020-12-17,28281.2149001651,49476.366078039,96131.419948007,São José do Rio Preto
XV,2020-12-18,28283.35969537,49489.5633307347,96228.2622907915,São José do Rio Preto
XV,2020-12-19,28285.4363846959,49502.3657396554,96322.7346194056,São José do Rio Preto
XV,2020-12-20,28287.4473599927,49514.7860117294,96414.8975983417,São José do Rio Preto
XV,2020-12-21,28289.3949646053,49526.836533354,96504.8125359448,São José do Rio Preto
XV,2020-12-22,28291.2813382157,49538.5289851939,96592.5334882588,São José do Rio Preto
XV,2020-12-23,28293.1085169433,49549.8745326786,96678.1099688745,São José do Rio Preto
XV,2020-12-24,28294.8784932229,49560.8840742367,96761.5932451269,São José do Rio Preto
XV,2020-12-25,28296.5933218142,49571.5684893874,96843.0403473277,São José do Rio Preto
XV,2020-12-26,28298.2549515065,49581.9382573664,96922.5064287401,São José do Rio Preto
XV,2020-12-27,28299.8651983814,49592.0033567606,97000.0420779726,São José do Rio Preto
XV,2020-12-28,28301.4258456282,49601.7735212335,97075.6983954433,São José do Rio Preto
XV,2020-12-29,28302.9385207962,49611.2579294789,97149.5204491606,São José do Rio Preto
XVI,2020-07-04,10205.4285714286,10205.4285714286,10205.4285714286,Sorocaba
XVI,2020-07-05,10615.0187328543,10616.4787640747,10651.8627328586,Sorocaba
XVI,2020-07-06,11024.9718853116,11025.9254481824,11093.2334954163,Sorocaba
XVI,2020-07-07,11439.1549754995,11447.0856029441,11542.0923679035,Sorocaba
XVI,2020-07-08,11864.8570199254,11883.8204130165,12004.2158756331,Sorocaba
XVI,2020-07-09,12306.346495436,12339.3722318074,12482.8372730593,Sorocaba
XVI,2020-07-10,11053.348968042,12815.7471207119,13566.8531413971,Sorocaba
XVI,2020-07-11,11470.8234549572,13314.1398789567,14112.0777264659,Sorocaba
XVI,2020-07-12,11908.9268563864,13835.1752481153,14684.6583521028,Sorocaba
XVI,2020-07-13,12365.4197701174,14379.0812039931,15286.3421173535,Sorocaba
XVI,2020-07-14,12842.186359186,14952.2449419278,15919.0272881802,Sorocaba
XVI,2020-07-15,13340.9504816332,15551.3977777253,16584.4148269478,Sorocaba
XVI,2020-07-16,13862.6253644348,16176.4905570381,17284.1645428728,Sorocaba
XVI,2020-07-17,14408.2357730081,16838.5414230703,18019.9569900192,Sorocaba
XVI,2020-07-18,14955.4461288961,17530.037480154,18793.4096683163,Sorocaba
XVI,2020-07-19,15513.4612311676,18209.8408919052,19606.0259717507,Sorocaba
XVI,2020-07-20,16085.2717710058,18913.2451855825,20459.2624230362,Sorocaba
XVI,2020-07-21,16669.6370855633,19699.4367895255,21354.4065370828,Sorocaba
XVI,2020-07-22,17265.121993372,20485.6252647781,22292.5649953796,Sorocaba
XVI,2020-07-23,17870.3137871677,21286.2575222074,23274.7951238503,Sorocaba
XVI,2020-07-24,18483.8834882991,22093.7712933975,24302.138318436,Sorocaba
XVI,2020-07-25,19104.4432784723,22932.1849310527,25375.4814175866,Sorocaba
XVI,2020-07-26,19730.5040176112,23823.4245903579,26495.4734969754,Sorocaba
XVI,2020-07-27,20360.61729586,24742.9682279202,27662.6038031004,Sorocaba
XVI,2020-07-28,20993.2480260468,25690.3389812826,28877.0512794121,Sorocaba
XVI,2020-07-29,21626.8250475404,26664.835106422,30138.6801545755,Sorocaba
XVI,2020-07-30,22241.9269790806,27665.7246576304,31447.2167101461,Sorocaba
XVI,2020-07-31,22831.292863159,28692.1032776814,32802.3096250024,Sorocaba
XVI,2020-08-01,23415.5761841269,29669.7804330191,34203.3835599548,Sorocaba
XVI,2020-08-02,23993.8427178467,30657.6331628428,35649.5661453274,Sorocaba
XVI,2020-08-03,24565.2738309904,31653.9625264506,37139.8095889771,Sorocaba
XVI,2020-08-04,25129.0835727,32657.0272292286,38672.7434616496,Sorocaba
XVI,2020-08-05,25684.5402231098,33665.0697241922,40246.6991593855,Sorocaba
XVI,2020-08-06,26231.0619905671,34676.4347644885,41859.9349121774,Sorocaba
XVI,2020-08-07,26768.2267414171,35689.6083070278,43510.7217307291,Sorocaba
XVI,2020-08-08,27295.6802762871,36703.1396785608,45197.1920408847,Sorocaba
XVI,2020-08-09,27813.1011111662,37715.6089938331,46917.2708874137,Sorocaba
XVI,2020-08-10,28320.2517486182,38725.6896105731,48668.8177225057,Sorocaba
XVI,2020-08-11,28816.9052764866,39732.0757852315,50449.4751228057,Sorocaba
XVI,2020-08-12,29302.8589740952,40709.9517878226,52256.7027860138,Sorocaba
XVI,2020-08-13,29778.0042081966,41666.3549568989,54088.013666708,Sorocaba
XVI,2020-08-14,30242.3322561074,42665.2648021755,55941.0614166389,Sorocaba
XVI,2020-08-15,30695.8610856001,43697.1525620762,57813.4826653256,Sorocaba
XVI,2020-08-16,31138.6078252777,44668.3783678611,59702.826521608,Sorocaba
XVI,2020-08-17,31570.6288381026,45629.8739379482,61606.6936517269,Sorocaba
XVI,2020-08-18,31991.9644688965,46580.8588379078,63522.5847614584,Sorocaba
XVI,2020-08-19,32402.6522798952,47520.5836758914,65447.9331762797,Sorocaba
XVI,2020-08-20,32802.7802549549,48448.3968253754,67380.3221844427,Sorocaba
XVI,2020-08-21,33192.4938663394,49363.7612112227,69317.5591175541,Sorocaba
XVI,2020-08-22,33571.942440379,50266.1936695512,71257.5173103424,Sorocaba
XVI,2020-08-23,33941.2605078475,51155.2373923515,73198.062244589,Sorocaba
XVI,2020-08-24,34300.5997728374,52030.4971621637,75137.170435394,Sorocaba
XVI,2020-08-25,34650.0894002761,52891.5888019222,77072.7830578971,Sorocaba
XVI,2020-08-26,34989.8485499756,53738.1474433812,79002.8307347257,Sorocaba
XVI,2020-08-27,35320.0262173421,54569.8775905675,80925.4154374823,Sorocaba
XVI,2020-08-28,35640.8084018093,55386.566258259,82838.868197767,Sorocaba
XVI,2020-08-29,35952.3791143846,56188.0360304034,84741.6034374902,Sorocaba
XVI,2020-08-30,36254.9076008939,56974.1241954081,86632.0499612264,Sorocaba
XVI,2020-08-31,36548.5726728788,57744.7097877085,88508.7493427508,Sorocaba
XVI,2020-09-01,36833.5338079153,58499.6750994545,90370.2272158392,Sorocaba
XVI,2020-09-02,37109.9415037645,59238.9131297929,92215.0151167442,Sorocaba
XVI,2020-09-03,37377.9659943568,59962.3646860412,94041.798337043,Sorocaba
XVI,2020-09-04,37637.8031648569,60670.0288094336,95849.4629861505,Sorocaba
XVI,2020-09-05,37889.6457881033,61361.927392068,97636.9731733391,Sorocaba
XVI,2020-09-06,38133.6742950648,62038.0898544943,99403.3135078135,Sorocaba
XVI,2020-09-07,38370.0745271609,62698.573594877,101147.569509587,Sorocaba
XVI,2020-09-08,38599.0164344035,63343.43522319,102868.821276381,Sorocaba
XVI,2020-09-09,38820.662038551,63972.7369333139,104566.16315469,Sorocaba
XVI,2020-09-10,39035.185709795,64586.5736146552,106238.819880643,Sorocaba
XVI,2020-09-11,39242.7787568849,65185.08097612,107886.183996071,Sorocaba
XVI,2020-09-12,39443.6282375902,65768.4090877455,109507.715946851,Sorocaba
XVI,2020-09-13,39637.910274534,66336.7111332545,111102.897349533,Sorocaba
XVI,2020-09-14,39825.8029119406,66890.1585516415,112671.293751919,Sorocaba
XVI,2020-09-15,40007.4705469659,67428.9195950814,114212.468691903,Sorocaba
XVI,2020-09-16,40183.0700442651,67953.1644467732,115725.999760225,Sorocaba
XVI,2020-09-17,40352.7650865915,68463.0847552831,117211.566630543,Sorocaba
XVI,2020-09-18,40516.7298206482,68958.8998171051,118668.979563521,Sorocaba
XVI,2020-09-19,40675.1334317531,69440.8367860092,120098.099888146,Sorocaba
XVI,2020-09-20,40828.1354258347,69909.1223534279,121498.802736187,Sorocaba
XVI,2020-09-21,40975.8950170771,70363.9938051115,122871.024711993,Sorocaba
XVI,2020-09-22,41118.5598820034,70805.6830371336,124214.696161763,Sorocaba
XVI,2020-09-23,41256.2709023996,71234.4205529737,125529.75416003,Sorocaba
XVI,2020-09-24,41389.1723860015,71650.4494634197,126816.208390652,Sorocaba
XVI,2020-09-25,41517.4150006339,72054.0302020348,128074.163126833,Sorocaba
XVI,2020-09-26,41641.1446122388,72445.4257613455,129303.755718543,Sorocaba
XVI,2020-09-27,41760.498987694,72824.8955763843,130505.12805484,Sorocaba
XVI,2020-09-28,41875.6146665478,73192.7036243814,131678.462821975,Sorocaba
XVI,2020-09-29,41986.6188494567,73549.1065745276,132823.931633408,Sorocaba
XVI,2020-09-30,42093.633055088,73894.3569554145,133941.705957319,Sorocaba
XVI,2020-10-01,42196.7803997199,74228.7132536322,135032.006445165,Sorocaba
XVI,2020-10-02,42296.187921941,74552.4436124389,136095.120387509,Sorocaba
XVI,2020-10-03,42391.9784826227,74865.8148953157,137131.355098992,Sorocaba
XVI,2020-10-04,42484.2684338612,75169.0882732394,138141.016670124,Sorocaba
XVI,2020-10-05,42573.1726282069,75462.5252465628,139124.437586877,Sorocaba
XVI,2020-10-06,42658.7985320124,75746.3789280367,140081.937543735,Sorocaba
XVI,2020-10-07,42741.2490093749,76020.8966193205,141013.832607666,Sorocaba
XVI,2020-10-08,42820.627491944,76286.327176633,141920.471981387,Sorocaba
XVI,2020-10-09,42897.0397857641,76542.9239889369,142802.251882666,Sorocaba
XVI,2020-10-10,42970.5881599308,76790.9369162519,143748.334426209,Sorocaba
XVI,2020-10-11,43041.369673813,77030.6091541155,144694.973533958,Sorocaba
XVI,2020-10-12,43109.4798177031,77262.1817646009,145618.454307149,Sorocaba
XVI,2020-10-13,43175.0082158,77485.887281144,146519.064802258,Sorocaba
XVI,2020-10-14,43238.0407329887,77701.9518212858,147397.063593199,Sorocaba
XVI,2020-10-15,43298.6631464069,77910.6004973874,148252.758749317,Sorocaba
XVI,2020-10-16,43356.9625415001,78112.0598324441,149086.535271753,Sorocaba
XVI,2020-10-17,43413.0229826997,78306.5518090545,149898.781909025,Sorocaba
XVI,2020-10-18,43466.9243075888,78494.2916474896,150689.860110079,Sorocaba
XVI,2020-10-19,43518.7447789137,78675.4912295634,151460.150066369,Sorocaba
XVI,2020-10-20,43568.5579411815,78850.3543895534,152209.989823781,Sorocaba
XVI,2020-10-21,43616.4342202788,79019.0786363885,152939.692705082,Sorocaba
XVI,2020-10-22,43662.4435425085,79181.8591417242,153649.607713041,Sorocaba
XVI,2020-10-23,43706.6564199206,79338.8906954801,154340.141502924,Sorocaba
XVI,2020-10-24,43749.1407755688,79490.363291385,155011.701346123,Sorocaba
XVI,2020-10-25,43789.9610784273,79636.4605482233,155664.67111566,Sorocaba
XVI,2020-10-26,43829.1802866921,79777.3623040714,156299.446804307,Sorocaba
XVI,2020-10-27,43866.8575480547,79913.2411303472,156916.38897418,Sorocaba
XVI,2020-10-28,43903.0494233329,80044.263730239,157515.836790828,Sorocaba
XVI,2020-10-29,43937.8117667426,80170.5938910295,158098.154069396,Sorocaba
XVI,2020-10-30,43971.2005776402,80292.3940679798,158663.74687242,Sorocaba
XVI,2020-10-31,44003.2696694374,80409.8220952684,159213.018947118,Sorocaba
XVI,2020-11-01,44034.0700529953,80523.0300651238,159746.353104622,Sorocaba
XVI,2020-11-02,44063.6513693466,80632.1663046012,160264.138630128,Sorocaba
XVI,2020-11-03,44092.0602057557,80737.3727844422,160766.73408472,Sorocaba
XVI,2020-11-04,44119.3410377954,80838.7862573278,161254.4786338,Sorocaba
XVI,2020-11-05,44145.5375869125,80936.5404580435,161727.727209088,Sorocaba
XVI,2020-11-06,44170.6934932417,81030.7673917771,162186.864727377,Sorocaba
XVI,2020-11-07,44194.8505987371,81121.5948742663,162632.271242264,Sorocaba
XVI,2020-11-08,44218.0485088634,81209.145739261,163064.307549069,Sorocaba
XVI,2020-11-09,44240.325653508,81293.5393555413,163483.336460654,Sorocaba
XVI,2020-11-10,44261.7180501242,81374.8896927486,163889.693698224,Sorocaba
XVI,2020-11-11,44282.2600317739,81453.3062511494,164283.697124433,Sorocaba
XVI,2020-11-12,44301.9852309268,81528.8957121658,164665.673731125,Sorocaba
XVI,2020-11-13,44320.9271124098,81601.7629899065,165035.971259538,Sorocaba
XVI,2020-11-14,44339.1177023182,81672.0093817915,165394.930934051,Sorocaba
XVI,2020-11-15,44356.5872756833,81739.7320091448,165742.876381507,Sorocaba
XVI,2020-11-16,44373.3651440761,81805.0249876871,166080.130267599,Sorocaba
XVI,2020-11-17,44389.4787423208,81867.9779742646,166406.991498352,Sorocaba
XVI,2020-11-18,44404.9541921961,81928.6769267781,166723.742810247,Sorocaba
XVI,2020-11-19,44419.817016717,81987.2053477642,167030.671606267,Sorocaba
XVI,2020-11-20,44434.0925626218,82043.6451431764,167328.079529421,Sorocaba
XVI,2020-11-21,44447.8050528657,82098.0752207784,167616.261091704,Sorocaba
XVI,2020-11-22,44460.9773626399,82150.5710933933,167895.495159069,Sorocaba
XVI,2020-11-23,44473.6316050004,82201.2057844009,168166.058039108,Sorocaba
XVI,2020-11-24,44485.7884519424,82250.0487252916,168428.205578561,Sorocaba
XVI,2020-11-25,44497.4675714801,82297.1663754579,168682.179426267,Sorocaba
XVI,2020-11-26,44508.6881466186,82342.6231607057,168928.223203522,Sorocaba
XVI,2020-11-27,44519.4692104903,82386.4821737109,169166.590417347,Sorocaba
XVI,2020-11-28,44529.8289345838,82428.8041005509,169397.527653625,Sorocaba
XVI,2020-11-29,44539.7844667958,82469.6469360063,169621.268020767,Sorocaba
XVI,2020-11-30,44549.3523675018,82509.0666846156,169838.041487919,Sorocaba
XVI,2020-12-01,44558.5481010996,82547.1165145047,170048.060766535,Sorocaba
XVI,2020-12-02,44567.3863755671,82583.8472615032,170251.526477483,Sorocaba
XVI,2020-12-03,44575.8815195635,82619.3081372719,170448.639754912,Sorocaba
XVI,2020-12-04,44584.0477487018,82653.5472999504,170639.60878733,Sorocaba
XVI,2020-12-05,44591.8986265636,82686.6110222309,170824.635540133,Sorocaba
XVI,2020-12-06,44599.4469466161,82718.5434837295,171003.91068358,Sorocaba
XVI,2020-12-07,44606.7050574989,82749.3873139971,171177.621781894,Sorocaba
XVI,2020-12-08,44613.6844793574,82779.1829349004,171345.942099953,Sorocaba
XVI,2020-12-09,44620.3961683955,82807.9689700434,171509.034858938,Sorocaba
XVI,2020-12-10,44626.8507908116,82835.7827784841,171667.063098337,Sorocaba
XVI,2020-12-11,44633.0589349751,82862.6609197758,171820.195076059,Sorocaba
XVI,2020-12-12,44639.0307000282,82888.6385014856,171968.593726077,Sorocaba
XVI,2020-12-13,44644.7756091356,82913.7490250849,172112.412710925,Sorocaba
XVI,2020-12-14,44650.3028527026,82938.024807032,172251.802923364,Sorocaba
XVI,2020-12-15,44655.6209967333,82961.4964614745,172386.903562241,Sorocaba
XVI,2020-12-16,44660.7381897381,82984.1932329624,172517.845631877,Sorocaba
XVI,2020-12-17,44665.662361595,83006.1433981636,172644.75968795,Sorocaba
XVI,2020-12-18,44670.4013933236,83027.3746457217,172767.780290374,Sorocaba
XVI,2020-12-19,44674.9628006444,83047.9135586927,172887.037589777,Sorocaba
XVI,2020-12-20,44679.3536698504,83067.7854982571,173002.654235782,Sorocaba
XVI,2020-12-21,44683.5808401935,83087.0149310192,173114.750551118,Sorocaba
XVI,2020-12-22,44687.6506806223,83105.6250175542,173223.437377323,Sorocaba
XVI,2020-12-23,44691.5692523552,83123.6378835185,173328.818950408,Sorocaba
XVI,2020-12-24,44695.3424530658,83141.0749215657,173430.999008473,Sorocaba
XVI,2020-12-25,44698.9761534274,83157.9571029308,173530.084461556,Sorocaba
XVI,2020-12-26,44702.4759519038,83174.3045626205,173626.178643788,Sorocaba
XVI,2020-12-27,44705.8471271146,83190.13651042,173719.378877359,Sorocaba
XVI,2020-12-28,44709.0947750736,83205.4714862134,173809.780600998,Sorocaba
XVI,2020-12-29,44712.2236371127,83220.3270294652,173897.471604432,Sorocaba
XVII,2020-07-04,7557.28571428571,7557.28571428571,7557.28571428571,Taubaté
XVII,2020-07-05,7795.08206902591,7796.0958017568,7816.78107842116,Taubaté
XVII,2020-07-06,8034.20087741619,8034.56814032497,8073.99373146233,Taubaté
XVII,2020-07-07,8274.27347380374,8278.45957347197,8334.07055449162,Taubaté
XVII,2020-07-08,8517.92314298745,8528.49696176713,8598.15828029673,Taubaté
XVII,2020-07-09,8766.5499164962,8785.84934085916,8867.96695384082,Taubaté
XVII,2020-07-10,7810.37858544163,9051.34813008502,9557.12304294738,Taubaté
XVII,2020-07-11,8036.72254842908,9325.60882656988,9852.75224121899,Taubaté
XVII,2020-07-12,8269.52966814702,9609.10777649702,10156.7490688266,Taubaté
XVII,2020-07-13,8509.28884970452,9902.24764183792,10469.5851269978,Taubaté
XVII,2020-07-14,8756.43136783324,10204.9445407968,10792.5390142896,Taubaté
XVII,2020-07-15,9011.35373148656,10518.1591425504,11125.5781962137,Taubaté
XVII,2020-07-16,9274.43845666462,10841.8289897037,11469.1769911256,Taubaté
XVII,2020-07-17,9546.06613061619,11176.2409960025,11823.8351837433,Taubaté
XVII,2020-07-18,9819.27479250716,11521.6605281561,12190.051309372,Taubaté
XVII,2020-07-19,10082.396807866,11878.3092884239,12568.3111383282,Taubaté
XVII,2020-07-20,10350.5848659826,12239.7108978893,12959.1218850734,Taubaté
XVII,2020-07-21,10623.9548235972,12605.8255990644,13362.9615813705,Taubaté
XVII,2020-07-22,10902.600600656,12992.3778461984,13780.2985426886,Taubaté
XVII,2020-07-23,11186.6627577423,13393.8924958119,14211.6461529488,Taubaté
XVII,2020-07-24,11476.3405017667,13789.2587974846,14657.5773907379,Taubaté
XVII,2020-07-25,11771.8342057656,14193.8322094317,15118.6797427372,Taubaté
XVII,2020-07-26,12073.3208469331,14630.1627033787,15595.5316338686,Taubaté
XVII,2020-07-27,12380.9981098308,15079.8262967483,16088.7343973436,Taubaté
XVII,2020-07-28,12695.0085019148,15541.9980215749,16598.8443443047,Taubaté
XVII,2020-07-29,13015.4691599325,16016.5463293808,17126.3883180767,Taubaté
XVII,2020-07-30,13342.5445146601,16503.3008891957,17671.9196586522,Taubaté
XVII,2020-07-31,13676.4590917521,17002.0573488641,18236.0276764917,Taubaté
XVII,2020-08-01,14017.4309458191,17501.8514291245,18819.2720322674,Taubaté
XVII,2020-08-02,14365.6428039468,18003.6754006242,19422.1445372103,Taubaté
XVII,2020-08-03,14721.2880908924,18513.1242583253,20045.0963806623,Taubaté
XVII,2020-08-04,15084.4852963405,19029.6451787874,20688.449573843,Taubaté
XVII,2020-08-05,15455.3087665979,19562.5463377598,21352.4098222478,Taubaté
XVII,2020-08-06,15833.8646099977,20137.3279164674,22037.1309593171,Taubaté
XVII,2020-08-07,16220.3039778131,20703.1985921234,22742.7341213883,Taubaté
XVII,2020-08-08,16614.74543439,21250.7948884316,23469.2412524434,Taubaté
XVII,2020-08-09,17017.2418374387,21834.2941286875,24216.5530827045,Taubaté
XVII,2020-08-10,17427.8292939845,22428.722364056,24984.509612102,Taubaté
XVII,2020-08-11,17846.43434135,23031.5759892835,25772.8230948169,Taubaté
XVII,2020-08-12,18272.9100695309,23642.1930720685,26581.128431947,Taubaté
XVII,2020-08-13,18707.1219354142,24259.934982911,27409.0898128245,Taubaté
XVII,2020-08-14,19148.9712381762,24884.2086999687,28256.4503963391,Taubaté
XVII,2020-08-15,19598.3159929351,25514.453073827,29122.9666227805,Taubaté
XVII,2020-08-16,20054.9455694761,26150.1361388396,30008.3842679676,Taubaté
XVII,2020-08-17,20518.6436238762,26790.7703489912,30912.4947273071,Taubaté
XVII,2020-08-18,20900.315151289,27435.8846820805,31835.0378867809,Taubaté
XVII,2020-08-19,21263.1333914575,28085.0290898181,32775.728735048,Taubaté
XVII,2020-08-20,21622.9478813204,28737.7916892494,33734.3431840825,Taubaté
XVII,2020-08-21,21979.504310162,29393.79957737,34710.7445594515,Taubaté
XVII,2020-08-22,22332.5458595944,30052.6872975987,35704.7826322184,Taubaté
XVII,2020-08-23,22681.8014270056,30714.0833642544,36716.2473265831,Taubaté
XVII,2020-08-24,23027.0212324777,31377.6219847081,37744.9196025386,Taubaté
XVII,2020-08-25,23367.931854081,32042.9154105045,38790.4618964389,Taubaté
XVII,2020-08-26,23704.2604586642,32709.5634069913,39852.4496906626,Taubaté
XVII,2020-08-27,24035.7810331603,33425.33232726,40930.4707714556,Taubaté
XVII,2020-08-28,24362.3251892226,34150.7528133622,42024.1661213809,Taubaté
XVII,2020-08-29,24683.7354395361,34827.9723738808,43133.1326849104,Taubaté
XVII,2020-08-30,24999.8526361463,35504.0354404814,44256.8855134194,Taubaté
XVII,2020-08-31,25310.5449235,36178.4029978299,45394.924535947,Taubaté
XVII,2020-09-01,25615.6666608431,36850.5066614402,46546.6289325402,Taubaté
XVII,2020-09-02,25915.0769351517,37519.7701546478,47711.298627565,Taubaté
XVII,2020-09-03,26208.6774288515,38185.6609566386,48888.2643114627,Taubaté
XVII,2020-09-04,26496.4198594646,38847.708089095,50076.9338181805,Taubaté
XVII,2020-09-05,26778.264603693,39505.4568989191,51276.6916406466,Taubaté
XVII,2020-09-06,27054.1689330524,40158.4526841214,52486.8588161574,Taubaté
XVII,2020-09-07,27324.1108636378,40806.2704736789,53706.7612574769,Taubaté
XVII,2020-09-08,27588.0544411266,41448.4711000618,54935.6200519406,Taubaté
XVII,2020-09-09,27845.9647645894,42084.6184514571,56172.5916170181,Taubaté
XVII,2020-09-10,28097.8394749965,42714.3232786395,57416.8782294853,Taubaté
XVII,2020-09-11,28343.7146406377,43337.2568418647,58667.7714457577,Taubaté
XVII,2020-09-12,28583.630568002,43953.1104769698,59924.5495437215,Taubaté
XVII,2020-09-13,28817.6221590465,44561.5804446993,61186.4360885962,Taubaté
XVII,2020-09-14,29045.7386028576,45162.3928112215,62452.6679786578,Taubaté
XVII,2020-09-15,29268.0153524783,45755.2654856392,63722.3880237923,Taubaté
XVII,2020-09-16,29484.486280014,46339.9222639814,64994.6848347774,Taubaté
XVII,2020-09-17,29695.2092124954,46916.1294870357,66268.7024841311,Taubaté
XVII,2020-09-18,29900.2705788676,47483.7066809665,67543.6812175482,Taubaté
XVII,2020-09-19,30099.7579559148,48042.4921524473,68818.859763798,Taubaté
XVII,2020-09-20,30293.7523632962,48592.3299309672,70093.4364445707,Taubaté
XVII,2020-09-21,30482.3440535729,49133.0902793521,71366.6354346042,Taubaté
XVII,2020-09-22,30665.6103522823,49664.6379863625,72637.6066899511,Taubaté
XVII,2020-09-23,30843.6252404759,50186.8436335699,73905.4643060788,Taubaté
XVII,2020-09-24,31016.4795031787,50699.6135296017,75169.3904145256,Taubaté
XVII,2020-09-25,31184.2843614962,51202.8978550397,76428.6711403376,Taubaté
XVII,2020-09-26,31347.1498584685,51696.6620702789,77682.6066824876,Taubaté
XVII,2020-09-27,31505.1788357188,52180.8759170178,78930.4754058536,Taubaté
XVII,2020-09-28,31658.4793665483,52655.5299261505,80171.5946526912,Taubaté
XVII,2020-09-29,31807.1475391485,53120.6094203193,81405.2299160218,Taubaté
XVII,2020-09-30,31951.2749382554,53576.1033730532,82630.6292155956,Taubaté
XVII,2020-10-01,32090.9643033152,54022.028376484,83847.1164932008,Taubaté
XVII,2020-10-02,32226.332411647,54458.4348216321,85054.1213233703,Taubaté
XVII,2020-10-03,32357.4933281648,54885.3835587262,86251.0982060672,Taubaté
XVII,2020-10-04,32484.5538090797,55380.1847369432,87437.493773821,Taubaté
XVII,2020-10-05,32607.6230075388,55880.3352874968,88612.7999739354,Taubaté
XVII,2020-10-06,32726.7992749068,56373.6640992686,89776.4735973968,Taubaté
XVII,2020-10-07,32842.1759927795,56860.1129033587,90927.9656160336,Taubaté
XVII,2020-10-08,32953.8536456919,57339.6678562066,92066.8020264217,Taubaté
XVII,2020-10-09,33061.9421441928,57812.3802344655,93192.6074848119,Taubaté
XVII,2020-10-10,33166.5479674978,58278.3003078017,94305.0346451606,Taubaté
XVII,2020-10-11,33267.770713169,58737.4536001497,95403.7349021583,Taubaté
XVII,2020-10-12,33365.7106334764,59189.8818210035,96488.4035596113,Taubaté
XVII,2020-10-13,33460.4585914641,59635.5808282417,97558.7101808853,Taubaté
XVII,2020-10-14,33552.1006035671,60074.5245688278,98614.3230228227,Taubaté
XVII,2020-10-15,33640.7271062095,60358.7337190732,99654.977410957,Taubaté
XVII,2020-10-16,33726.4348372657,60625.9149774583,100680.494325892,Taubaté
XVII,2020-10-17,33809.3170044997,60884.9990493868,101690.719840037,Taubaté
XVII,2020-10-18,33889.4607142268,61136.1897974943,102685.499693482,Taubaté
XVII,2020-10-19,33966.9527999855,61379.6928296366,103664.717056918,Taubaté
XVII,2020-10-20,34041.8721981758,61615.7016925097,104628.233408343,Taubaté
XVII,2020-10-21,34114.2934820281,61844.4024010854,105575.908712333,Taubaté
XVII,2020-10-22,34184.2939572922,62065.9861873108,106507.658502536,Taubaté
XVII,2020-10-23,34251.9551843345,62280.6532534507,107423.468583676,Taubaté
XVII,2020-10-24,34317.3554592819,62488.600765384,108323.343941263,Taubaté
XVII,2020-10-25,34380.5678992778,62690.0182051293,109207.287146851,Taubaté
XVII,2020-10-26,34441.6649378846,62885.0942118996,110075.329695037,Taubaté
XVII,2020-10-27,34500.7125334613,63074.0061113397,110927.482536857,Taubaté
XVII,2020-10-28,34557.7729154923,63256.9235344729,111763.752753048,Taubaté
XVII,2020-10-29,34612.9100138138,63434.018303641,112584.190897884,Taubaté
XVII,2020-10-30,34666.1906864634,63605.4675001654,113388.902805529,Taubaté
XVII,2020-10-31,34717.6789555843,63771.444274518,114178.006954616,Taubaté
XVII,2020-11-01,34767.4345775753,63932.1143769205,114951.616446308,Taubaté
XVII,2020-11-02,34815.516504971,64087.6415024608,115709.864937546,Taubaté
XVII,2020-11-03,34861.978476273,64238.1793298796,116452.865666276,Taubaté
XVII,2020-11-04,34906.8711493381,64383.874412471,117180.72528884,Taubaté
XVII,2020-11-05,34950.2462578881,64524.8738475741,117893.583036289,Taubaté
XVII,2020-11-06,34992.1575997392,64661.327776081,118591.620365817,Taubaté
XVII,2020-11-07,35032.6566021254,64793.3823246849,119275.025623694,Taubaté
XVII,2020-11-08,35071.7912490665,64921.1770011276,119943.979191827,Taubaté
XVII,2020-11-09,35109.6087464656,65066.7463602468,120598.674938946,Taubaté
XVII,2020-11-10,35146.1521527293,65224.2477098234,121239.286496989,Taubaté
XVII,2020-11-11,35181.4620367317,65377.3182928623,121865.978802096,Taubaté
XVII,2020-11-12,35215.579665065,65526.0745686634,122478.94044756,Taubaté
XVII,2020-11-13,35248.5477966049,65670.6358611396,123078.391699628,Taubaté
XVII,2020-11-14,35280.4072567104,65811.1186191497,123664.555323579,Taubaté
XVII,2020-11-15,35311.1961283212,65947.6344018783,124237.644438322,Taubaté
XVII,2020-11-16,35340.9518050021,66080.2933239951,124797.880263772,Taubaté
XVII,2020-11-17,35369.7084071316,66209.1991203878,125345.464465719,Taubaté
XVII,2020-11-18,35397.4980719221,66334.4511437869,125880.58881607,Taubaté
XVII,2020-11-19,35424.3534032275,66456.1491750355,126403.461915028,Taubaté
XVII,2020-11-20,35450.3081105088,66574.3948186704,126914.315925388,Taubaté
XVII,2020-11-21,35475.3943511512,66689.2869522451,127413.382530179,Taubaté
XVII,2020-11-22,35499.6421170951,66800.9201594357,127900.883041781,Taubaté
XVII,2020-11-23,35523.0808186279,66909.3874870802,128377.043085454,Taubaté
XVII,2020-11-24,35545.7372952575,67014.7765507099,128842.069956089,Taubaté
XVII,2020-11-25,35567.63682125,67117.1711612122,129296.160717315,Taubaté
XVII,2020-11-26,35588.8049941091,67216.6551595133,129739.524265432,Taubaté
XVII,2020-11-27,35609.2682489659,67313.3135648832,130172.387026385,Taubaté
XVII,2020-11-28,35629.0517880119,67407.2289523976,130594.973150294,Taubaté
XVII,2020-11-29,35648.1791128249,67498.4802267604,131007.49646522,Taubaté
XVII,2020-11-30,35666.6732485972,67587.1448292648,131410.808361833,Taubaté
XVII,2020-12-01,35684.5552067422,67673.2956520381,131804.978649298,Taubaté
XVII,2020-12-02,35701.8447704598,67757.0023616587,132189.633565709,Taubaté
XVII,2020-12-03,35718.5619553102,67838.3344608041,132564.969649699,Taubaté
XVII,2020-12-04,35734.7274240099,67917.3622335345,132931.201816472,Taubaté
XVII,2020-12-05,35750.3608665011,67994.1538497012,133288.541596202,Taubaté
XVII,2020-12-06,35765.4806413988,68068.7743993259,133637.188423632,Taubaté
XVII,2020-12-07,35780.1047245815,68141.2876605808,133977.343046294,Taubaté
XVII,2020-12-08,35794.249516191,68211.7536446294,134309.187291616,Taubaté
XVII,2020-12-09,35807.9304559523,68280.2296724489,134632.891612811,Taubaté
XVII,2020-12-10,35821.1631568308,68346.7728239335,134948.635067782,Taubaté
XVII,2020-12-11,35833.9637402061,68411.440716786,135256.61093364,Taubaté
XVII,2020-12-12,35846.34756327,68474.2891825226,135557.008766186,Taubaté
XVII,2020-12-13,35858.3289426277,68535.3715013132,135850.00728373,Taubaté
XVII,2020-12-14,35869.9218913312,68594.7398199953,136135.78541662,Taubaté
XVII,2020-12-15,35881.1391894171,68652.4431905847,136414.505716358,Taubaté
XVII,2020-12-16,35891.9928672635,68708.5284466184,136686.320654727,Taubaté
XVII,2020-12-17,35902.4950888101,68763.0421666142,136951.389060404,Taubaté
XVII,2020-12-18,35912.6584230122,68816.0313167481,137209.880872203,Taubaté
XVII,2020-12-19,35922.4948400478,68867.5413781696,137461.962337443,Taubaté
XVII,2020-12-20,35932.0154970859,68917.6157370665,137707.790185451,Taubaté
XVII,2020-12-21,35941.2313126647,68966.2968237871,137947.520730758,Taubaté
XVII,2020-12-22,35950.1522396466,69013.6245394325,138181.296251839,Taubaté
XVII,2020-12-23,35958.7876460844,69059.6369696371,138409.250246791,Taubaté
XVII,2020-12-24,35967.1470060077,69104.3719625926,138631.520953016,Taubaté
XVII,2020-12-25,35975.2401197984,69147.8676602663,138848.255374532,Taubaté
XVII,2020-12-26,35983.0763192798,69190.1609835443,139059.597059481,Taubaté
XVII,2020-12-27,35990.664300769,69231.2871432841,139265.681318115,Taubaté
XVII,2020-12-28,35998.0125741254,69271.2805571391,139510.908583371,Taubaté
XVII,2020-12-29,36005.1288917642,69310.1735825033,139755.575394106,Taubaté
