0.967619986850756,0,0,0,0,0,0,0,0,0.00161001788908766,0,0,0,0,0,0,0,0,0,0,0,0,0,0,0,0,0,0,0,0,0,0,0,0,0,0,0,0,0,0,0,0,0,0,0,0,0,0,0,0,0,0,0,0,0,0,0,0,0,0,0,0,0,0.000858369098712446,0,0.00011768397928762,0,0,0,0,0,0,0,0,0,0.00334559624677938,0,0,0,0,0,0,0,0,0,0,0,0.000130446125750065,0,0,0,0,0,0,0,0,0,0,0,0,0,0,0,0,0,0,0,0,0,0,0,0,0,0,0,0,0,0,0,0,0,0,0,0,0,0,0,0,0,0,0,0,0,0,0,2.70160745643658e-05,0,0,0,0,0,0,0,0,0,0,0,0,0,5.82648721086057e-05,0,0,0,0,0,0,1.52615835419083e-05,0,0.000293061762766503,0,0,0,0,0,0,0,0,0,0,0,0,0,0,0,0,0,0,0,0,0,0,0,0,0,0,0,0,0,0,0,0,1.52271896698745e-05,0,0,0,0,0,0,0,0,0,0,0,0,0,0,0,0,0,0,0,0,0,0,0,0,0,0,0,0,0,0,0,0,0,0,0,0,0,0,0,0,0.000273897562311695,0,1.61762564907229e-05,0,0,0,0,0,0,0,0,0,0,0,0,0,0,0,0,0,0,0,0,0,0,2.51170033740508e-05,0,0,0,0,2.12304083138279e-05,0,0,0,0,0.000153491941673062,0,0,0,1.42188248709997e-06,9.57982871266262e-06,0,0,0,0,0,0,0,0,0,0,0,0,0,0,0,0,0,0,0,0,0,0,0,0,0,0,0,0,0,0,0,0,0,0,0,0,0,0,0,0,1.20235661897319e-05,0,0,0,0,0,1.30244795092376e-05,0,0,0,0,0,0,0,0,0,0,0,0,0,0,0,0,0,0,0,0,0,1.39125982751161e-06,0,0,0,0,0,0,0,0,0,0,0,0,0,0,0,0,0,0,0,0,1.67156993848623e-05,0,0,0,0,0,0,0,0,0,0,0,0,0,0,0,0,0,0,0,0,0,0,0,0,0,0.000173460537727667,0,0,0,0,0,0,0,0,0,0,0,0,0,0,0,0,0,8.8073135932078e-06,0,0,0,0,0,0,0,0,0,0,0,0,0,0,2.43593491181916e-05,0,9.30232558139535e-05,0,0,0,0,0,0,0,0,0,0,0,0,0,0,0,0,0,0,0,0,0,0,0,0,0,0,0,0,0,0,0,0,0,0.000112568244498227,0,0,0,0,0,0.000525900604785696,0,0,0,0,0,0,0,0.00128611001187178,0,0,0,0,0,0,0,0,0,0,0,0,0,0,0,0,0,0,0,0,0,0,0,0,0,0,0.000150060024009604,0,0,0,0,0,0,0,0,0,0,0,0,0,0,0,0,0,0,0,0,0,0,0,0,0,0,0,0,0,0,0,0,0,0,0,0,0,0,0,0,0,0,0,0,0,0,0,0.000158503724837534,0,0,0,0,0,0,0,0,0,0,0,0,0,0,0,0,0,0,0,0,0,0,0,0,0,0,0,0,0,0,0,0,0,0,0,0,0,0,0,0,0,0,0,0,0,0,0,0,0,0,0,0,0,0,0,0,0,0,0,0,0,0,0,0,0,0,0,0,0,0,0,0,0,0,0,0,0,0,0,0,0,0,0,0,0,0,0,0.000157711293705742,0,0,0,0,0,0,0,8.22828555442188e-06,0,0,9.5831336847149e-08,0,9.02527075812274e-08,0
0,0.989334386727237,0,0,0,0,0,0,0,0,0,0,0,0,0,0,0,0,0,0,0,0,0,0,0,0,0,0,0,0,0,0,0,0.000778816199376947,0,0,0,0,0,0,0,0,0,0,0,0,0,0,0,0,0,0,0,0,0,0,0,0.00626542623884564,0,0,0,0,0,0,0,0,0,0,0.000400962309542903,0,0,0.000569313976658127,0,0,0,0,0,0,0,0,0,0,0,0,4.23599579789217e-06,0,0,0,0,0,0,0,0,0,0,0,0,0,0,8.2060035121695e-06,0,0,0,0,0,0,0,0,0,0,0.000238322211630124,0,0,0,0,0,0,0,0,0,0,0,0,0.000647249190938511,0,0,0,0,0,0,0,0,0,0,0,0,0,0,0,0,0,0,0,0,0,0,0,0,0,0,0,0,0,0,0,0,0,0,0,0,0,0,0,0,0,0,0,0,0,0,0,0,0,0,0,0,0,2.11535003754746e-05,0,0,0,0,0,0,0,0,0,0,0,0,0,0.000106590327689122,0,0,0,0,0,0,0,0,0,0,0,0.000789265982636148,0,0,0,0,0,0,0,0,0,0,0,0,0,0,0,0,0,0,0,0,0,0,0,0,0,0,0,0,0,0,3.23525129814458e-05,0.000648228176318064,0,0,0,0,0,0,0,0,0,0,0,0,0,0,0,0,0,0,0,0,0,0,0,0,0,0,0,0,0,0,0,0,0,0,0,0,0,0,0,0,0,0,0,0,0,0,0,0,0,0,0,0,0,0,0,0,0,0,0,0,0,0,0,0,0,0,0,0,0,0,0,0.000166444740346205,0,0,0,0,1.74956698217191e-05,1.20235661897319e-05,0,0,0,0,0,8.68298633949174e-06,0,0,0,0,0,0,0,0,0,0,0,0,0,0,0,0,0,0,0,0.000194787486851845,0,0,0,0,0,0,0,0,0,0,0,0,0,0,0,0,0,0,0,0,0,0.000504668180671209,1.67156993848623e-05,0,0,0,0,0,0,0,0,0,0,0,0,0,0,0,0,0,0,0,0,0,0,0,0,0,0,0,1.05983848061555e-05,0,0,0,0,0.000777403472402177,0,0,0,3.38249222026789e-05,0,0,0,0,0,0,0,0.000142545869224347,0,0,0,0,0,0,0,0,0,0,0,0,0,0,0,0,0,0,0,0,0,0,0,0,0,0,0,0,0,0,0,0,0,0,0,0,0,0,0,0,0,0,0,0,0,0,0,0,0,0,0,0.000342817963661296,0,0,0,0,0,0,0,0,0,0,0,0,0,0,0,0,0,0,0,0,0,0,0,0,0,0,0,0,0,0,0,0,0,0,0,0,0,0,0,0,0,0,0,0,0,0,0,0,0,0,0,0,0,0,0,0,0,0,0,0,0,0,0,0,0,0,0,0,0,0,0,0,0,0,0,0,0,0,0,0,0,0,0,0,0,0,0,0,0,0,0,0,0,0,0,0,0,0,0,0,0.00142517814726841,0,0,0,0,0,0,0,0,0,0,0,0,0,0,0,0,0,0,0,0,0,0,0,0,0,0,0,0,0,0,0,0.0023921243904683,0,0,0,0,0,0,0,0,0,0,0,0,0,0.00167317345231456,0,0,0,0,0,0,0,0,0,0,0,0,0,0,0,0,0,0,0,0,0,0,0,0,0,0.000215447592373155,0,0,0,0,0,0,0,0,0,0,0,0,0,0,0,0
0,0,0.984570168993387,0,0,0,0,0,0,0,0,0,0,0,0,0,0,0,0,0,0,0,0,0,0,0,0,0,0,0,0,0,0,0,0,0,0,0,0,0,0,0,0,0,0,0,0,0,0,0,0.000220215811495265,0,0,0,0,0,0,0,0,0.000133333333333333,0,0,0,0,0,0,0,0,0,0,0,0,0,0,0,0,0,0,0,0,0,0,0,0,0,0,0,0,0,7.04374163555681e-05,0,0,0,0,0,0,0,0,0,0,0,0,0,0,0,0,0,0,0,0,0,0,0,0,0,0,0,0,0,0,0,0,0,0,0,0,0,0,0,0,0,0,0,0,0,0,0,0,0,0,0,0,0,0,0,0,0,0,0,0,0,0,0,0,0,0,0,0,0,0.000335502918875394,0,0,0,0,0,0.000233154581487526,0,0,0,0,0,0,0,0,0,0,0,0,0,0,0,0,0,0,0,0,0,0,0,0,0,0,0,0,0,0,0,0,0,0,0,0,0,0,0,0,0,0,0,0,0,0,0,0,0,0,0,0,0,0,0,0,0,0,0,0,0,0,0,0,0,0,0,0,0,0,0,0,0.000964906760640195,0,0,0,0,0,0,0,0,0,0,0,0,0,0,0,0,0,0,0,0,0,0,0,1.06152041569139e-05,0,0,0,0,0,0,0,0,0,2.87394861379879e-05,0,0,0,0,0,0,0,0,0,0,0,0,0,0,0,0,4.93559054340852e-05,0,0,0,0.000274876305662452,0,0,0,0,0,0,0,0,0.000144310556317195,0,0,0,0,0,0,0,0,0,0,0,0,0,0,0,0,0,0,0,0,0,0,0,0,0,0,0,0,0,0,0,0,0,6.6554854511088e-06,0,0,0,0,0,0,0,0,0,0,0,0,0,0,0,0,0,0,0,0,0,7.71783591880837e-05,0,0,0,0,0,0,0,0,0,0,0,0,0,0,0,0,0,0,0,0,0,0,0,0,0,0,0,0.000198049215229985,0,0,0,0,0,0,0,0,0,0,0,0,0,0,0,0,0,0,0,0.000563668069965299,0,0,0,0,0,0,0,0,0,0,0,0,0,0,0,4.37171847881684e-06,0,0,0,0,0,0,0,0,0,0,0,0,0,0,0,0,0,0,0,0,7.37327188940092e-05,0,0,0,0,0,0,0,0,0,0,0,0,0,0,0,0,0,0.000766871165644172,0,0,0,0,0,0,0,0,0,0,0,0,0,0,0,0,0,0,0,0,0.00251166128453534,0,0,0,0,0,0,4.05284915295453e-05,0,0,0,0,0,0,0,2.20616623462578e-05,0,0,0,0,0,0,0,0.000201409869083585,0,0,0,0.00150489089541008,0,0,0,0,0,0,0,0,0,0,0.000209205020920502,0,0,0,0,0,0,0,0,0,0.000310800310800311,0,0,0,0,0,0,0,0,0,0,0,0,0,0,0,0,0,0,0,0,0,0.000166002656042497,0,0,0,0,0,0,0,0,0,0,0,0,0.00021362956633198,0,0,0,0,0,0,0,0,0,0,0.000214339299110492,0,0,0,0,0,0,0,0,0,0,0,0,0,0,0,0,0,0,0,0,0.00020708221163802,0,0,0,0,0,0,0,0,0,0,0,0,0,0,0,0,0,0,0,0,0,0,0,0,0,0,0,0,0,0,0,0,0,0,0,0,0,0,0,0,0,0.00386535674021582,0,0,0,0,2.18804017241757e-05,0,0,5.41516245487365e-07,0
0,0,0,0.950136668240553,0,2.76571618220538e-05,1.14544585047923e-05,2.18832746132131e-05,0,0,0,0,0,0,0,0,0,0,0,8.42722668397057e-05,4.22911662211997e-06,0.00012531328320802,2.46228598630969e-05,0,0,0,0,0.00018379650051463,0,0,0,0,5.21469650466343e-05,0,0,0,0,0,0,0.000579542161692263,0,0.000774035744970703,0,0.000130616509926855,0.000100755667506297,0,0,0,5.51024906325766e-05,3.50680319820452e-05,0,0,0.00022023197768316,0.000246609124537608,0,0,0,0,0,0,1.13834927970949e-05,0,1.9418858300591e-05,0,0.000160384923817161,0,0,0,0,0,0,0,0,8.16544679840254e-05,5.20826551737608e-05,0,0,0,0,0,0,0,0,0,0,0,6.32421065945707e-05,0,0,0,0,3.94205183798167e-05,0,9.22869632359501e-06,0,2.01178908403243e-05,0,4.08588530919937e-05,3.17536929544906e-06,0,0,8.16459830176355e-06,0,0,0,2.15135499508774e-05,0,0,0.000111794298490777,0,0,0,0,0,8.31089391975001e-06,0,0,0.000400083495686056,7.51354070705685e-05,0.000185082361650935,0,0.000550903481710004,0,0,7.85916378497328e-05,3.35979733702463e-06,0,0,0,3.30400114538706e-05,0,0,0,0,0,0,0,0,0.000122309197651663,0,0,0,0,4.29000429000429e-05,0,0,8.05996614814218e-05,0,0,0,0.000200937709310114,0,0,0,0,0,0,0,0,0,0,3.71774853148933e-05,6.6869057012558e-05,0,0,0,0,0,0,0,0,0,0,0,0,0,0,0,0,0,0,0,0,0,0,0,0,0,0.000279443146021746,0,0,0,3.65328832482117e-06,1.03568272205038e-05,0,0,0,5.31575590048905e-05,5.47725115022274e-05,0,0,5.26094276094276e-05,0,0,4.20698359276399e-06,0,0.000125211294058724,0,0,0,0,1.71187441689278e-05,0,1.46447191142874e-05,0,0,0,0,0,0,0,0,0,0,0,0,9.98213198374909e-06,0,0,0,4.90329992084673e-05,0.00027680894646515,0,0,0,0,0,0,6.29287017808823e-05,0,0,0,0,0,0,0,0.0002002002002002,0,0,0,0,0,0,0,0,0,0,4.18616722900846e-06,0,0.000220300710469791,0,0,2.65380103922849e-06,0,0.00022354694485842,0,0,0,7.50896402985858e-06,0,0,1.42188248709997e-06,9.57982871266262e-06,0,0,9.35716290820623e-05,9.98535481294102e-05,0,0.00264110250036555,1.24125689673363e-05,0,0,0,0,1.90124912067228e-05,0,0,0,0,0,0,3.5650623885918e-05,0,0,0,0,0,0,0,0,0,0,0,0,2.19271798357654e-05,0,0,0,0,0,0,0,0,0,0,0,0,0,0,0,0,0,0,0,0.000111756817165847,0.000562682871933378,2.8048130592096e-05,0.000128770563049287,0,0,0.000268971453163104,0,3.87551835057939e-05,7.2576840730123e-05,0,0,6.6554854511088e-06,0,9.92900759569081e-05,0,0,9.73881879258125e-06,0,0,0.000225017899151069,5.26731630234396e-05,0,0.000304948959813929,8.20883270398949e-05,0,0,0,0,0,0,0,0,0,0,0,3.85104170678168e-05,0,0,0,0,0,0,0,2.37665177298222e-05,0,0,0,0,0,0,0.000136850388312977,5.92880688690208e-06,0,9.62788234727772e-05,0,0,8.41042893187553e-05,0,0,0,0,0,0,0,0,0,5.00375281461096e-05,0,0,1.2202488087321e-05,0,0.000375630746628714,0,0,3.38249222026789e-05,0,4.05794749015948e-05,0,3.42641768031523e-05,0,0,8.8073135932078e-06,0,0,0.00144580715923821,0,7.15191623675703e-06,0,0,0,0,0,0,0,0,0,0,4.37171847881684e-06,0,0,0,0.0103667668645841,0,0,0,0,0,6.89897032867845e-05,0,0.000108225108225108,0,0,0,0.000222074172773706,0,0,0,0,0,0,0,0,6.52656311186529e-05,8.52514919011083e-05,7.74713356058258e-05,0,0,0.000148720999405116,0,1.2903891813771e-05,0,0,0,0,0,0,0,0,0,0,5.05586733404116e-05,0,0,0,0,0,0,0,0,7.9005583061203e-05,0,0,0,1.74258529955041e-05,0.000107968041459728,0,0,0,0,0,0,0,0,0,0,0,0,0,0,1.45169485374174e-05,0.000457127930516555,9.75490793805633e-05,2.20616623462578e-05,0,0,2.18436679887287e-05,0,0,0,0,0,0.000151469251741896,0.00444989631027355,0,0,0,0,5.46749845543169e-06,0,0,0.000313956769345102,0,4.1262636682484e-05,9.99000999000999e-05,0,0,0,0,0,0.000159919038003447,0,3.92623905560863e-05,0,0,0,0,0,0,0,2.6967189021118e-06,0,0,0,2.25580870742161e-05,0,0,0,0,0,1.24710982298523e-05,0,0,1.13737176133391e-05,0,0,0,0,0.000166002656042497,0,0,0.0001900779319521,2.36266981689309e-05,0,0,6.92343374620077e-06,0,0.0187211403332664,0,0,2.83865107301011e-05,0,0,0,5.69735642661805e-05,3.613500036135e-05,0,0,0,0,2.83350334353395e-05,0,0,0,1.1795679950175e-05,0,0,0,0,2.20790193382771e-05,0,0,0,0,0,0,0,0,0,0,0,3.28498924166023e-05,1.01509445453899e-05,0,2.19741583897337e-05,0,0,0,0,0,0,0.000179662234998203,0,0,0,0,0,0,0.00016463615409944,0,0,0,0,0,0,0,1.19055650579603e-05,0,0,0,0,0,0,0,0.000111944475540132,5.71363272768826e-05,0,0,0,0,1.57711293705742e-05,0,0,0,1.53016334493707e-05,0,0,9.41655052921014e-05,8.22828555442188e-06,0,0,5.2707235265932e-07,1.21506682867558e-07,9.02527075812274e-08,0
0,0,0,0,0.978326152239196,0,0,0,0,0,0,0,0,0,0,0,0,0,0,0,0,0,0,0,0,0,0,0,0,3.3559299281831e-05,0,0,0,0,0,0,0,0,0,0,0,0,0,0,0,0,0,0,0,0,0,0,0,0,0,0,0,0,0,0,1.13834927970949e-05,0,0,0,0,0,0,0,0,0,0,0,0,0,0,0,0,0,0,0,0,0,0,0,0,0,0,0,0,0,0,0,0,0,0,2.01178908403243e-05,0,0,0,0,0,0,0,0,0,0,0,0,0,0,0,0,0,0,0,0,0,0,0,0,0,0,0,0,0,0,0,0,0,0,0,0,0,0,0,0,0,0,0,0,0,0,0,0,0,0,0,0,0.000490384952187467,0,0,0,0,0,0,0,0,0,0,0,0,0,0,0,0,0,0,0,0,0,0,6.31911532385466e-05,0,0,0,0,0,0,0,0,0,0,5.73526038082129e-05,0,0,0.000203583061889251,0,0,0,0,0,0,0,0,0,0,0,0.000265787795024452,0,0,0,0,0,0,4.20698359276399e-06,0,0,0,0,0,0,0,0,1.46447191142874e-05,0,0,0,0,0,0,0,0,0,0,0,0.000195305564433081,0,0,0,0,0,0,0,0,0,0,2.12143069285926e-05,0,0,0,0,0,0,0,0,0,0,0,0,0,0,0,0,5.69605832763727e-05,0,0,0,0,0,0,0,0,0,0,0,0,0,0,8.16191742375933e-07,0,0,1.42188248709997e-06,0,0,0,0,0,0,0,0,0,0,0,0,0,0,0,0,0,0,0,0,0,0,0,0,0,0,0,0.000222617987533393,0,0,0,0,0,0,0,0,0,0,0,0,0,0,0,0,0,0,0,0,0,0,0,0,0,0,0,0,0,0,0,0,0,0,0,0,0,0,0,0,0,0,0,0,0,0,0,0,0,0,0,0,0,0,0,0,0,0,0,0,0,0,0,0,0,0,0,0,0,0,0,0,0,0.000194457948468644,0,0,0,0,0,0,0,0,0,0,0,0,0,0,0,0,1.05983848061555e-05,0,0,0,2.4404976174642e-05,0,0,0,0,0,0,0,0,3.42641768031523e-05,0,0,0,0,0,0,0,0,0,0,0,0,0,0,0,0,0,0,0,0,0,0,0,0,0,0,0,0,0,0,0,0,0,0,0,0,0,0,0,0,0,0,0,0,0,0,0,0,0,0,0,0,0,0,0,0,0,0,0,0,3.80334186972286e-05,0.000707821426765762,0,0,0,0,0,0,0,0,0,0,0,0,0,0,0,0,0,0,0,0,0,0,0,0,0,0,0,0,0,0,0,0,0,0,0,0,0,0,0,0,0,0,0,0,0,0,2.73374922771584e-06,0,0,0,0,0,0,0,0,0,0,0,0,0,0,0,0,0,0,0.000948316737790422,0,0,0,0,0,0,0,0,0,0,0,0,0,0,0,0,0,0,0,0,0,0,0,0,0,0,0,2.30781124873359e-06,0,0,0,0,0,0,0,0,0,9.0337500903375e-05,0,0,0,0,2.83350334353395e-05,0,0,0,0,0,0,0,0,0,0,0,0,0,0,0,0,0,0,0,0,0,0,0,0,0,7.5041272699985e-05,0,0,0,0,0,0,0,0,0,0,0,0,0,0,0,0,0,0,0,0,0,0,0,0,0,3.24075574423956e-05,0,0.000447777902160528,0,0,0,0,0,0,0,0,0,0,0,0,0,0,0,0,0,0,2.52707581227437e-06,0
0,0,0,4.33179843275533e-06,0,0.935033326879996,1.71816877571884e-05,2.55304870487486e-05,0,0,0,0,0,0,0,0,1.96672304606065e-05,0,0,1.68544533679411e-05,8.45823324423994e-06,0,8.20761995436563e-06,0,0,0,0,0,2.2265764161026e-05,0.000637626686354789,0,0,0,0,0,0,0,0,0,0,0,2.32210723491211e-05,0,0,0.000100755667506297,0,0,0,5.51024906325766e-05,3.50680319820452e-05,0,0,0,0,0,0,0,0,0,0,0,0,6.47295276686366e-06,0,0,0,0,0,0,0,0,0,0,0,0,1.28183764244421e-05,0,0,0,0,0,0,0,0,8.47199159578434e-06,0,0,0,4.83161810890467e-05,0,0,1.97102591899083e-05,0,1.230492843146e-05,1.93440434854098e-05,2.01178908403243e-05,0.000439335139488907,0,0.000244503435749578,0,0,0,0,0,0,1.43423666339183e-05,0,3.66260117935758e-05,0,0,0,0.00018239743184416,0,0,9.97307270370001e-05,0,0,0,1.96005409749309e-05,0,0,0,0,0,0,1.67989866851232e-05,0,0,0,0.000187226731571934,0,0,0,0,0,0,0,0,0,0,0,0,0,0,0,0,0,0,0,0,0,0,0,9.13659205116492e-05,0,3.24167497345879e-05,0,0,0,3.35502918875394e-05,0,3.71774853148933e-05,0,0,0,0,0,0,0,0,0,0,0,0.000339475722181556,0,3.04145503208735e-05,0,0,0,0,0,0,0,0,0,5.08957654723127e-05,0,0,0,0,0,5.07572988995818e-06,3.65328832482117e-06,2.07136544410075e-05,0,0,0,0,3.65150076681516e-05,0,0,0,0,0,4.20698359276399e-06,0,0,0,1.7028232809999e-05,1.63942488974868e-05,0,0.00015406869752035,0,0,0,0,0,0,0,0,0,0,0,0,0,0,3.99285279349964e-05,0,0,0,4.20282850358291e-05,0,0,0.000964187327823692,0,0,0,0,2.09762339269608e-05,0,0,0,0,0,0,0,0,0,0.00018385732671447,0,0.000158679784195493,0,0,0,0,0,0,4.18616722900846e-06,0,0,0,0,0,0,0.00119225037257824,0,0,0,1.15083035675006e-05,0,0,0,0,0,0,0.000280714887246187,0,0,0,1.24125689673363e-05,0,0,0,0.000464101731099457,0,0.0048276654789077,0,6.76223965377333e-05,0,0,0,0,0,0,0,0.000777850427254075,0,0,0,0,0,0,0,0,0,0,0,0,0,0,0,0,0,1.20235661897319e-05,0,0,0,0,0,0,0,0.000440463955366319,0,0,0,0,0,1.07308802541072e-05,0,0,0,0,0,0,0,0,0,0,1.6548345992818e-05,0,0,1.53038581026277e-05,2.40760804141086e-05,0,2.04561726500972e-05,0,0,5.16862643752423e-06,0,0,0,0,0,0,0,0,0,0,0,0,0,0,0,0,0,0,0,0,0,0.000973141300116777,0,0,0,0,0.00012809017548354,0,5.92880688690208e-06,0,0,0,0,8.41042893187553e-05,0,0,0,0,0,0,0,0,1.05983848061555e-05,0,0,0,1.2202488087321e-05,0,8.34734992508254e-06,0,0,0,0,0.0126607961692976,0,0,0,0,0,0,1.46130465279401e-05,1.66184730946921e-05,0,1.19198603945951e-05,0,0,0,0,0,0,0,0,0,4.87186982363831e-05,0,0,0.000760420132122998,0,7.08112490750281e-06,0,0,0,0,0,2.29965677622615e-05,9.82163903512218e-06,0,0,0,0,0.000222074172773706,0,0,0,0,0,0,0,0,0,0,0,0,0,0,0,0,0,0,0,0.0145631067961165,0,0,0,0,0,1.26778062324095e-05,0.000101117346680823,0,0,0,0,0,0,0,0,6.58379858843358e-06,0,0,0,0.000278813647928066,0,0,0,0,0,0,1.76360622200275e-05,0.000660125423830528,0,0,0,0,0,0,0,0,1.63259975184484e-05,0,1.10308311731289e-05,0,0,9.36157199516943e-06,0,0,0,0,0,0.000151469251741896,9.13565871836674e-06,0,0,0,0,2.73374922771584e-06,0.000148352230581753,6.17894216510133e-05,1.19224089624722e-05,2.01865234769268e-05,0,0,0,0,0,0,0,7.16055394045283e-06,0.000268288320515114,0,0,0,0,0.000310800310800311,0,0,0,1.61803134126708e-05,0,0,0,0,0,0,0,0,0,7.48265893791139e-06,0,0,0,0,0,0,0,0,0,0,0,2.36266981689309e-05,1.02946323786778e-05,0,6.92343374620077e-06,0,1.67302415846885e-05,0,0,2.83865107301011e-05,0,0,0,0,1.8067500180675e-05,0,0,0,0,0,0,0,0,1.65139519302451e-05,0,0,0,0,1.4719346225518e-06,0,0,0,0,0,0,0,0,0,0,0,8.21247310415058e-06,1.88517541557242e-05,0,5.49353959743342e-05,0,0,0.000839102160688064,0,0,0,0,0,0,0,0,0,0,0.000219514872132587,0,0,0,0,0,0,0,0,0,0,0.000326370757180157,0,0,0,0,0.000167916713310198,0,0,0,0,0,0,0,0,0,7.65081672468536e-06,0,0,0,2.46848566632656e-05,0,0,5.2707235265932e-07,1.88335358444714e-06,0,0
0,0,0,4.76497827603086e-05,0,0.000276571618220538,0.95376121463078,0.0164161031723454,0,0,0,0,0,0,0,0,3.93344609212131e-05,0,0,4.21361334198529e-05,0.000101498798930879,0,4.10380997718282e-05,0,0,0,0,0,0.000155860349127182,0.000234915094972817,0.000145053669857847,0,2.97982657409339e-05,0,0,0.000250563768479078,0,0,0,0,0,3.87017872485351e-05,0,0,0.000705289672544081,0,0,0,0.00016530747189773,0,0,0,7.34106592277199e-05,0,0,0,0,0,0,0,0.000421189233492513,0,0.000582565749017729,0,0,3.92279930958732e-05,0,0,0,0,0,0,0,1.23718890884887e-05,0.0029817320086978,1.28183764244421e-05,0,0,0,0,0,0,0,0,1.27079873936765e-05,1.78094390026714e-05,6.32421065945707e-05,0.000130446125750065,4.83161810890467e-05,0,0,0.000709569330836701,0,0.000169192765932575,9.67202174270488e-06,0.000120707345041946,7.32225232481511e-05,2.04294265459969e-05,2.85783236590415e-05,8.2060035121695e-06,0,2.44937949052907e-05,0,0,0,0.00296169870990412,0,0.000109878035380727,0,0,0,1.21598287896106e-05,0,0,4.2939618585375e-05,0,0,6.95797383801837e-05,3.59343251207067e-05,0,0,0.000110180696342001,0,0,0,4.70371627183448e-05,0,0,0,4.40533486051609e-05,2.24769611148573e-05,0.000115861429730043,0,0,1.29428057414286e-05,0,0,0,0,0,0,0,0,4.29000429000429e-05,0,0,0,0,0,0,6.69792364367046e-05,0,0,0,0,5.67293120355288e-05,0,0,0,0,0,3.71774853148933e-05,0,0,0,0,0,0,0,0,0,0.000758293838862559,0,4.24344652726945e-05,0,0,0,0,0,2.85160260066157e-05,0,0,0,0,0,0.000610749185667752,0.00131440588853838,3.96384969081972e-05,6.35098059140331e-05,0,0,0,0.000840256314708869,0.0018400629695095,0,0,0,5.31575590048905e-05,0,0,0,0,0,0,0.00265039966344131,0,0,0,0.000153254095289991,0.000245913733462301,0,5.56359185490152e-05,0,0.000117157752914299,0,4.30700318718236e-05,0,0,0,0.000286286859433152,0,0,0,0,0,1.77550513120983e-05,0.00021960690364248,0,0,0,0.000119080140934849,1.38404473232575e-05,0,0.000137741046831956,0,0,0,0,4.19524678539215e-05,0,0,0,0,0,0,0,0,0,0,0,0,0,0,0,0,0,0,4.18616722900846e-06,0,0.000110150355234896,0,0,2.38842093530564e-05,0,0.00022354694485842,0,0,0,0.00130753917128624,0,6.60472898595394e-05,8.53129492259983e-06,2.87394861379879e-05,0,0,9.35716290820623e-05,0.000332845160431367,0.000414593698175788,8.22488667933909e-05,0.000105506836222359,0,0,7.97448165869218e-05,0,0.00152099929653783,8.21031544031922e-06,0,0,0,0,0,0,0,0,0,1.12731945978851e-05,0,0,0,0.000540643684009668,0,0,0,0,0,0.00158772161947605,0,0,0,0,0,0,0,0,0,0,0,0,0,0,0,0.00014682131845544,0,0,5.58784085829236e-05,0.000112536574386676,2.8048130592096e-05,1.07308802541072e-05,0,0,1.79314302108736e-05,0,2.42219896911212e-05,0,6.57591898467811e-05,0,0,0,9.92900759569081e-05,0,0,0.00016416865964637,0.00382408410577425,0,8.18246906003887e-05,0,0,3.10117586251454e-05,0,0,0,0,0,0,7.94817788022096e-06,0.00101802757158006,0,0,0,0,0,0,0,0,0,0,0,0,2.37665177298222e-05,0.000194628260023355,0,0,0,9.72289742343218e-05,0.000256180350967081,0,7.1145682642825e-05,0,0,0,0,0,1.36521566994546e-05,0,0,0,0,0,0,0,1.05983848061555e-05,0,0,0,3.05062202183025e-05,0,4.17367496254127e-06,0,0,0,0,0,0.00351377094055404,0.000137056707212609,0,0,8.8073135932078e-06,0,0,4.98554192840762e-05,0,0.000108470729590815,0,0,0,0,0,0,0,0,0,0,4.37171847881684e-06,0,5.94078228221092e-06,4.00978387264926e-05,3.5405624537514e-05,0,0,0,0,0,0.000206969109860353,0.000245540975878055,0,0,0,0,0.000222074172773706,0,0,0,0,0,0,0,1.66575050388953e-05,0,0.000170502983802217,0,7.5642965204236e-05,2.7680894646515e-05,0,0,0,0,0.000214730513205927,0,9.33532486930545e-05,0,0,0,0,0,0.000925479854965897,0.000556145406744527,0,0,0,0,0,0,0,0,1.97513957653007e-05,0,0.000292860071457857,0,0.000104555117973025,5.3984020729864e-05,0,0,0,5.82852480037303e-05,2.14192387602545e-05,5.29081866600825e-05,3.00057010832058e-05,0,0,0,0,0,0,0,0,0.000326519950368968,2.43872698451408e-05,3.30924935193867e-05,0,0,5.61694319710166e-05,0,0,0,0,0,0.000454407755225689,4.48477791628913e-05,0,0,0,0,2.73374922771584e-05,0,0,2.78189542457685e-05,6.50454645367641e-05,4.1262636682484e-05,0,0,0,0,0,0,0.000195721807705711,0.0029958862457521,5.23498540747818e-05,0,0,0,0.000777000777000777,0,0,0,6.7417972552795e-05,0.000223164472216023,0,0,0,0,0,0,0,0,0.0140025490924782,0,0,0.000227474352266782,0.000101564086938858,0,4.82951801410219e-05,0,0,0,0,0.0001900779319521,0.000189013585351447,9.77990075974387e-05,0,5.30796587208725e-05,0,5.01907247540654e-05,0,0,2.83865107301011e-05,0,0,0,0,7.22700007227e-05,0,0,0,0,2.83350334353395e-05,2.44176393026322e-05,0.000107169649555246,0,0.000125034207471856,0,0,0,0,0.000116282835181593,0,0.000134651118950798,0,0.00016597510373444,0,0,0,0,0,0,0,2.46374193124518e-05,0.000173291124739157,0,0.00105475960270722,0,0,0,0,0,0,0,0,0.000144320969836917,0,0,0,0,0.000219514872132587,0,0,0,0,0,2.25275963054742e-05,0,1.98426084299338e-05,0,0,0.000134387958838888,0,1.98008039126389e-05,6.48151148847911e-05,0,5.5972237770066e-05,0,0,0,0,0,0,0,0,0.000302659076169201,5.35557170727975e-05,0,0,0.000112998606350522,5.75979988809532e-05,0,0,7.18735026353618e-07,1.82260024301337e-07,0,0
0,0,0,3.89861858947979e-05,0.000261130695913305,0.000276571618220538,0.00684547076392647,0.919597201858619,0,0,0,0,0,0,0,0,0,0,0,4.21361334198529e-05,2.74892580437798e-05,0,4.10380997718282e-05,0,0,0,0,1.8379650051463e-05,6.6797292483078e-05,0.000100677897845493,0,0,7.44956643523347e-06,0,0,0,0,0,0,0,0,4.64421446982422e-05,0,0,0.000201511335012594,0,0,0,0.000110204981265153,0,0,0,0,0,0,0,0,0,0,0,0.000130910167166592,0,0.000174769724705319,0,0,0,0,0,0,0,0,0,0,1.73206447238842e-05,0.00320308329318629,0,0,0,0,0,0,0,0,0,0,0,4.7431579945928e-05,0,0,0,0,0.000344929535823396,0,8.30582669123551e-05,9.67202174270488e-06,0.000100589454201621,0,0,1.27014771817962e-05,0,0,8.98105813193991e-05,0,0,0,0.0160921353632563,0,0,0,0,0,0,0,0,3.601387365225e-05,0,0,0,1.30670273166206e-05,0,0,0,0,0,3.92958189248664e-05,4.70371627183448e-05,0,0,0,4.40533486051609e-05,1.12384805574286e-05,0,0,0,0,0,0,0,0,0,0,0,0,0,0,0,0,0,0.000140109986339276,0,0,0,0,0,0,2.43125623009409e-05,0,0,0,0,0,0,0,0,0,0,0,0,0,0,0,6.31911532385466e-05,0,1.06086163181736e-05,0,0,0,0,0,0,0,0,0,0,0,5.08957654723127e-05,0.0010515247108307,3.96384969081972e-05,0.00011431765064526,0,0,0,0.000328795949233905,0.000345227574016792,0.000340251786321878,0,0,5.31575590048905e-05,0,0,0,0,0,0,0.00619267984854859,2.68716074595582e-05,0,0,6.81129312399959e-05,0.000311490729052248,0,2.99578022956236e-05,0,7.32235955714369e-05,0,0,0,0,0,0,0,0,0,0,0,1.77550513120983e-05,9.98213198374909e-05,0,0,0,5.60377133811055e-05,0,0,0,1.61762564907229e-05,0,2.12143069285926e-05,0,2.09762339269608e-05,0,0,0,0,2.39097169089518e-05,0,0,0,0,9.19286633572348e-05,0,0,0,0,0,0,0,0,0,0,0,0,0,5.30760207845697e-06,0,0.00022354694485842,0,0,0,0.000326395077776135,0,2.20157632865131e-05,1.42188248709997e-06,2.87394861379879e-05,0,0,0,0.000133138064172547,0.000829187396351575,1.82775259540869e-05,3.7237706902009e-05,0,0,0,0,0.000665437192235299,1.64206308806384e-05,0,0,0,0,0,0,0,0,0,2.25463891957703e-05,0,0,0,6.36051392952551e-05,0,3.03665239440041e-05,0,0,1.09635899178827e-05,0.00571579783011379,0,0,0,0.000181028240405503,0,0,0,0,0,0,7.14183688044565e-05,0,0,0,0,0.00014682131845544,0,0,5.58784085829236e-05,5.62682871933378e-05,5.60962611841921e-05,1.07308802541072e-05,0,0,0,0,0,7.2576840730123e-05,6.57591898467811e-05,0,0,0,3.3096691985636e-05,0,0,7.09542512030919e-05,0.00163717346815938,0,4.09123453001943e-05,0,0,2.06745057500969e-05,0,0,0,0,0,0,1.58963557604419e-05,0.000848356309650053,0,0,0,0,0,0,0,0,0,0,0,0,2.37665177298222e-05,0,0,0,0,9.72289742343218e-05,0,0,4.74304550952166e-05,0,0,0,0,0,2.04782350491819e-05,0,0,0,9.90246076149923e-05,0,0,0,1.05983848061555e-05,5.00375281461096e-05,0,0,6.1012440436605e-05,0,8.34734992508254e-06,0,0,0,0,0,0.0242122029502869,3.42641768031523e-05,0,0,1.76146271864156e-05,0,1.46130465279401e-05,0,0,7.98630646437869e-05,0,0,0,0,0,0,0,0,0,0,4.37171847881684e-06,0,1.18815645644218e-05,0,7.08112490750281e-06,0,8.95575855274942e-05,0,0,0,0.0001494776904547,7.85731122809775e-05,0,0,0,0,0.000666222518321119,0,0,0,0,7.37327188940092e-05,0,0,0,0,8.52514919011083e-05,0,7.5642965204236e-05,0,0,0,0,0,0.000107365256602963,0,0.000186706497386109,0,0,0,0,0,0.00027891173711301,0.000151676020021235,0,0,0,0,0,0,0,0,1.31675971768672e-05,0,0.000234288057166286,0,3.48517059910083e-05,5.3984020729864e-05,0,0,0,0,0,0.00021163274664033,6.00114021664116e-05,0,0,0,0,0,0,0,0,0.000293867955332071,0,3.30924935193867e-05,0,0,7.17720519629656e-05,0,0,0,0,0,0,3.6542634873467e-05,0,0,0,0,1.64024953662951e-05,2.11931757973932e-05,0,4.76896358498889e-05,3.81300999008617e-05,0,0,0,0,0,0,0,0.000126503119614667,0.00353246288678233,3.92623905560863e-05,0,0,0,0.000777000777000777,0,0,0,6.20245347485714e-05,0,0,0,0,0,0,0,0,0,0.0125534074781693,0,0,0.000153545187780078,0.000203128173877717,0,4.82951801410219e-05,0,0,0,0,0,4.72533963378618e-05,3.60312133253722e-05,0,3.00015462335367e-05,0,5.01907247540654e-05,0,0,0,0,0,0,0,7.22700007227e-05,0,0,0,0,2.83350334353395e-05,0,0,0,7.54923516811203e-05,0,0,0,0,0.000181047958573872,0,8.07906713704791e-05,0,0,0,0,0,0,0,0,1.38513747489438e-05,3.28498924166023e-05,0.000119636132142096,0,0.00146128153291729,0,0,0,0,0,0,0,0,0,0,0,0,0,0.000109757436066293,0,0,0,0,0,0,0,0,0,0,7.67931193365075e-05,0,0,3.24075574423956e-05,0,0.000223888951080264,0,0,0,0,0,0,0,0,0.000158535706564819,7.65081672468536e-06,0,0,0.000150664808467362,2.46848566632656e-05,0,0,2.39578342117873e-07,2.43013365735115e-07,9.02527075812274e-08,0
0,0,0,0,0,0,0,0,0.984120910656208,0,0,0,0,0,0,0,0,0,0,0,0,0,0,0,0,0,0,0,0,0,0,0,0,0,0,0,0,0,0,0,0,0,0,0,0,0,0,0,0,0,0,0,0,0,0,0,0,0,0,0,0,0,0,0,0,0.00011768397928762,0,0,0,0,0,0,0,0,0,0,0,0,0,0,0,0,0,0,0,0,0,0,0,0,0,0,0,0,0,0,0,0,0,0,0,0,0,0,0,0,0,0,0,0,0,0,0,0,0,0,0,0,0,0,0,0,0,0,0,0,0,0,0,0,0,0,0,0.00209380234505863,0,2.70160745643658e-05,0,0,0,0,0,0,0,0,0,0,0,0,0,0,0,0,0,0,0,0,0,0,0,0,0,0,0,0,0,0.000233154581487526,0,0,0,0,0,0,0,0,0,0,0,0,0,0,0,0,0,0,0,0,0,0,0,0,0,0,0,0,0,0,0,0,0,0,0,0,0,0,0,0,0,0,0,0,0,0,0,0,0,0,0,0,0,0,0,0,0,0,0,0,0,0,0,0,0,0,0,0,0,0,0,0,0,0,0,0,0,0,0,0,0,0,0,0,0,0,0,0,0,0,0,6.69786756641354e-05,0,0,0,0,2.65380103922849e-06,0,0,0,0,0,0,0,0,1.42188248709997e-06,0,0,0,0,0,0,0,0,0,0,0,0,0,0,0,0,0,0,0,0,0,0,0,0,0,0,0,0,0,0,0,0,0,0,0,0,0,0,0,0,0,0,0,0,0,0,0,0,0,0,0,0,0,0,0,0,0,0,0,0,0,0,0,0,0,0,0,0,0,0,0,0,0,0,0,0,0,0,0,0,0,0,0,0,0,0,0,0,0,0,0,0,0,0,0,0,0,0,0,0,0,0,0,0,0,0,0,0,0,0,0,0,0,0,0,0,0,0,0,0,0,0,0,0,0,0,0,0,0,0,0,0,0,0,0,0,0,0,0,0,0,0,0,0,0,0,0,0,0,0,0,0,0,0,0,0,0,0,0,0,0,0,0.000108225108225108,0,0,0,0,0,0,0,0,0,0,0,0,0,0,0,0,0,0,0,0,0,0,0,0,0,0,0,0,0,0,0,0,0,0,0,0,0,0,0,0,0,0,0,0,0,0,0,0,0,2.14192387602545e-05,0,0,0,0,0,0,0,0,0,0,0,0,0,0.000750300120048019,0,0,0,0,0,0,0,0,0,0,0,0,0,0,0,0,0,0,0,0,0,0,0,0,0,0,0,0,0,0,0,0,0,0,0,0,0,0,0,0,0,0,0,0,0,0,0,0,0,0,0,0,0,0,0,0,0,0,0,0,0,0,0,0,0,0,0,0,0,0,0,0,0,0,0,0,0,0,0,0,0,0,0.00027667619662455,0,0,0,0,0,0,0,0,0,0,0,0,0,0,0,0,0,0,0,0,0,0,0,0,0,0,0,0,0,0,0,0,0,0,0,0,0.000608245100247804,0,0,0,0,0,0,0,0,0,0,0,0,0,0,0,0,0,0,0,0,0,0,0,0,0,0,0,0,0,0
0.000493096646942801,0,0,0,0,0,0,0,0,0.979964221824687,0,0,0,0,0,0,0,0,0,0,0,0,0,0,0,0,0,0,0,0,0,0,0,0,0,0,0,0,0,0,0,0,0,0,0,0,0,0,0,0,0,0,0,0,0,0,0,0,0,0,0,0,0,0,0,0,0,0,0,0.000124470998257406,0,0,0,0,0,0.000525553433402125,0,0,0,0,0,0,0,0,0,0,0,0,0,0,0,0,0,0,0,0,0,0,0,8.2060035121695e-06,0,0,0,0,0,0,0,0,0,0,0,0,0,0,0,0,0,0,0,0,0,0,0,0,0,0,0,0,0,0,0,0,0,0,0,0,0,0,0,0,0,0,0,0,0,0,0,0,0,0,0,0,0,0,0,0,0,0,0,0,0,0,0,0,0,0,0,0,0,0,0,0,0,0,0,0,0,0,0,0,0,0,0,0,0,0,0,0,0,0,0,5.07572988995818e-06,0,0,0,0,0,0,0,0,0,0,0,0,0,0,0,0,0,0,0,0,0,0,0,0,0,0,0,0,0,0,0,0,0,0,0,0,0,0,0,0,0.000273897562311695,0,0,0,0,0,0,0,0,0,0,0,0,0,0,0,0,0,0,0,0,0,0,0,0,4.18616722900846e-06,0,0,0,0,2.65380103922849e-06,0,0,0,0,0,0,0,0,0,0,0,0,0,0,0,0,0,0,0,0,0,0,0,0,0,0,0,0,0,0,0,0,0,0,0,0,0,0,0,0,0,0,0,0,0,0,0,0,0,0,0,0,0,0,0,0,2.17074658487294e-06,0,0,0,0,0,0,0,0,0,0,0,0,0,0,0,0,0,0,0,0,0,0,0,0,0,0,0,0,0,0,0,0,0,0,0,0,0,0,0,0,3.85104170678168e-05,0,0,0,0,0,0,0,0,0,0,0,0,0,0,0,0,0,0,0,0,0,0,0,0,0,0,0,0.000173460537727667,0,0,0,0,0,0,0,0,0,0,0,0,0,0,0,0,0,0,0,0,0,0,0,8.06907124989914e-05,0,0,0,0,0,0,0,0,4.87186982363831e-05,0,0,0,0,0,0,0,0,0,0,0,0,0,0,0,0,0,0,0,0,0,0,0,0,0,0,0,0,0,0,0,0,0,0,0,0.000281420611245568,0,0,0,0,0,8.76501007976159e-05,0,0,0,0,0,0,0,0.000197863078749505,0,0,0,0,0,0,0,0,0,0,0,0,0,0,0,0,0,0,0,0,0,0.000125109470786939,0,0,0,0,0,0,0,0,0,0.0036329173906176,0,0,0,0,0,0,0,0,0,0,0,0,0,0,0,0,0,0,0,0,0,0,0,0,0,2.3191094619666e-05,0,0,0,0,0,0,0,0,0,0,0,0,0,0,0,0,0,0,0,0,0,0,0,0,0,0,0,0,0,0,0,0,0,0,0,0,0,0,0,0,0,0,0,0,0,0,0,0,0,0,0,0,0,0,0,0,0,0,0,0,0,0,0,0,0,0,0,0,0,0,0,0,0,0,0,0,0,0,0,0,0,0,0,0,0,0,0,0,0,0,0,0,0,0,0,0,0,0,0,0,0,0,0,0,0,0,0,0,0,0,0,0,0,0,0,0,0,0,0
0,0,0,0,0,0,0,0,0,0,0.979780396357793,0,0.00216919739696312,0,0,0,0,0,0.000610407446970853,0,0,0,0,0,0,0,0,0,0,0,0,0,0,0,0,0,0,0,0,0,0,0,0,0,0,0,0.000697350069735007,0,0,0,0,0,0,0,0,0,0,0,0,0,0,0,0,0,0,0,0,0,0,0,0,0,0,0,0,0,0,0,0,0,0,0,0,0,0,0,0,0,0,0,0,0,0,0,0,0,0,0,0,0,0,0,0,0,0,0,0,0,0,0,0,0,0,0,0,0,0,0,0,0,0,0,0,0,0,0,0,0,0,0,0,0,0,0,0,0,0,0,0,0,0,0,0,0,0,0,0,0,0,0,0,0,0,0,0,0,0,0,0,0,0,0,0,0,0,0,0,0,0,0,0,0,0,0,0,0,0,0,0,0,0,0,0,0,0,0,0,0,0,0,0,0,0,0,0,0,0,0,0,0,0,0,0,0,0,0,0,0,0,0,0,0,0,0,0,0,0,0,0,0,0,0,0,0,0,0,0,0,0,0,0,0,0,0,0,0,0,0,0,0,0,0,0,0,0,0,0,0,0,0,0,0,0,0,0.00411776816965205,0,0,0,0,0,0,0,0,0,0,0,0,0,0,0,0,0,0,0,0,0,0,0,0,0,0,0,0,0,0,0,0,0,0,9.87118108681704e-05,0.000120409391932571,0,0,0,0,0,0,0,0,0,0,0,0,0,0,0,0,0,0,0,0,0,0,0,0,0,0,0,0,0,0,0,0,0,0,0,0,0,0,0,0,0,0,0,0,0,0,0,0,0,0,0,0,0,0,0,0,0,0,0,0,0,0,0,0,0,0,0,0,0,0,0,0,0,0,0,0,0,0,0,0,0,0,0,0,0,0,0,0,0,0,0,0,0,0,0,0,0,0,0,0,0,0,0,0,0,0,0,0,0,0,0,0,0,0,0,0,0,0,0,0,0,0,0,0,0.00192538235187271,0,0,0,0,0,0,0.000183612176110307,0,0,0,0,0,0,0,0,0,0,0,0,0,0,0,0,0,0,0,0,0,0,0,0,0,0,0,0,0,0,0,0,0,0,0,0,0,0.000512557662737058,0,0,0,0,0,0.000486026731470231,0,0,0,0,0,0,0,0,0,0,0,0,0,0,0,0,0,0,0,0,0,0,0,0,0,0,0,0,0,0,0,0,0,0,0,0,0,0,0,0,0,0,0,0,0.000219070047647735,0,0,0,0,0,0,0,0,0,0,0,0,0,0,0,0,0,0,0,0,0,0,0,0,0,0,0,0,0,0,0,0,0,0,0,0,0,0,0,0,0,0,0,0,0,0,0,0,0,0,0,0,0,0,0,0,0,0,0,0,0,0.000293599530240752,0,0,0,0,0,0,0,0,0,0,0,0,0,0,0,0,0,0,0,0,0,0,0,0,0,0,0,0,0,0,0,0,0,0,0,0,4.78973081712808e-05,0,0,0,0,0,0,0,0,0,0,0,0,0,0,0,0,0,0,0,0,0,0,0,0,0,0,0,0,0,0,0,0,0,0,0,0,1.80505415162455e-07,0
0,0,0,0,0,0,0,0,0,0,0,0.984433554338426,0,0,0,0,0,0,0,0,0,0,0,0,0,0,0,0,0,0,0,0,0,0,0,0,0,0,0,0,0,0,0,0,0,0,0,0,0,0,0,0,0,0,0,0,0,0,0,0,5.69174639854747e-06,0,0,0,0,0,0,0,0,0,0,0,0,0,0,0,0,0,0,0,0,0,0,0,0,0,0,0,0,0,0,0,0,0,0,0,0,0,0,0,0,0,0,0,0,0,0,0,0,0,0,0,0,0,0,0,0,0,0,0,0,0,0,0,0,0,0,0,0,0,0,0,0,0,0,0,0,0,0,0,0,0,0,0,0,0,0,0,0,0,0,0,0,0,0,0,0,0,0,0,0,0,0,0,0,0,0,0,0,0,0,0,0,0,0,0,0,0,0,0,0,0,0,0,0,0,0,0,0,0,0,0,0,0,0,0,0,0,0,0,0,0,0,0,0,0,0,0,0,0,0,0,0,0,0,0,0,0,0,0,0,0,0,0,0,0,0,0,0,0,0,0,0,0,0,0,0,0,0,0,0,0,0,0,0,0,0,0,0,0,0,0,0,5.69605832763727e-05,0,0,0,0,0,0,0,0,0,0,0,0,0,0,8.16191742375933e-08,0,0,0,0,0,0,0,0,0,0,0,0,0,0,0,0,0,0,0,0,0,0,0,0,0,0,0,0,0,0,0,0,0,0,0,0,0,0,0,0,0.000181028240405503,0,0,0,0,0,0,0,0,0,0,0,0,0,0,0,0,0,0,0,0,0,0,0,0,0,0,0,0,0,0,0,0,0,0,0,0,0,0,0,0,0,0,0,0,0,0,0,0,0,0,0,0,0,0,0,0,0,0,0,0,0,0,0,0,0,0,0,0,0,0,0,0,1.36521566994546e-05,0,0,0,0,0,0,0,0,0,0,0,0,0,0,0,0,0,0,0,0,0,0,0,0,0,0,0,0,0,0,0,0,0,0,0,0,0,0,0,0,0,0,0,0,0,0,0,0,0,0,0,0,0,0,0,0,0,0,0,0,3.68663594470046e-05,0,0,0,0,0,0,0,0,0,0,0,0,0,0,0,0,0,0,0,0,0,0,0,0,0,0,0,0,0,0,0,0,0,0,0,0,0,0,0,0,0,0,0,0,0,0,0,0,0,0,0,0,0,1.10308311731289e-05,0,0,0,0,0,0,0.00165027394547495,0,0,0,0,0,0,0,0,0,0,0,0,0,0,0,0,0,0,0,0,0,0,0,0,0,0.000155400155400155,0,0,0,0,0,0,0,0,0,0,0,0,0,0,0,0,0,0,0,0,0,0,0,0,0,0,0,0,0,0,0,0,0,0,0,0,0,0,0,0,0,0,0,0,0,0,0,0,0,0,0,0,1.4719346225518e-06,0,0,0,0,0,0,0,0,0,0,0,0,0,0,0,0,0,0,0,0,0,0,0,0,0,0,0,0,0,0,0,0,0,0,0,0,0,0,0,0,0,3.96016078252777e-05,0,0,0,0,0,0,0,0,0,0,0,0,0,0,0,0,0,0,0,0,0,6.31768953068592e-07,0
0,0,0,0,0,0,0,0,0,0,0.000401713979646492,0,0.97939262472885,0,0,0,0,0,0,0,0,0,0,0,0,0,0,0,0,0,0,0,0,0,0,0,0,0,0,0,0,0,0,0,0,0,0.00209205020920502,0,0,0,0,0,0,0,0,0,0,0,0,0,0,0,0,0,0,0,0,0,0,0,0,0,0,0,0,0,0,0,0,0,0,0,0,0,0,0,0,0,0,0,0,0,0,0,0,0,0,0,0,0,0,0,0,0,0,0,0,0,0,0,0,0,0,0,0,0,0,0,0,0,0,0,0,0,0,0,0,0,0,0,0,0,0,0,0,0,0,0,0,0,0,0,0,0,0,0,0,0,0,0,0,0,0,0,0,0,0,0,0,0,0,0,0,0,0,0,0,0,0,0,0,0,0,0,0,0,0,0,0,0,0,0,0,0,0,0,0,0,0,0,0,0,0,0,0,0,0,0,0,0,0,0,0,0,0,0,0,0,0,0,0,0,0,0,0,0,0,0,0,0,0,0,0,0,0,0,0,0,0,0,0,0,0,0,0,0,0,0,0,0,0,0,0,0,0,0,0,0,0,0,0,0,0,0,0.000617665225447807,0,0,0,0,0,0,0,0,0,0,0,0,0,0,0,0,0,9.57982871266262e-06,0,0,0,0,0,0,0,0,0,0,0,0,0,0,0,0,0,8.02729279550472e-05,0,0,0,0,0,0,0,0,0,0,0,0,0,0,0,0,0,0.000318369945877109,0,0,0,0,0,0,0,0,0,0,0,0,0,0,0,0,0,0,0,0,0,0,0,0,0,0,0,0,0,0,0,0,0,0,0,0,0,0,0,0,0,0,0,0,0,0,0,0,0,0,0,0,0,0,0,0,0,0,0,0,0,0,0,0,0,0,0,0,0,0,0,0,0,0,0,0,0,0,0,0,0,0,0,0,0,0,0,0,0,0,0,0,0,0,0,0,0,0,0,0,0,0,0,0,0,0,0.000581247502452138,0,0,0,0,0,0,4.37171847881684e-05,0,0,0,0,0,0,0,0,0,0,0,0,0,0,0,0,0,0,0,0,0,0,0,0,0,0,0,0,0,0,0,0,0,0,0,0,0,0,0,0,0,0,0,0.000243013365735115,0,0,0,0,0,0,0,0,0,0,0,0,0,0,0,0,0,0,0,0,0,0,0,0,0,0,0,0,0,0,0,0,0,0,0,0,0,0,0,0,0,0,0,0,5.47675119119338e-05,0,0,0,0,0,0,0,0,0,0,0,0,0,0,0,0,0,0,0,0,0,0,0,0,0,0,0,0,0,0,0,0,0,0,0,0,0,0,0,0,0,0,0,0,0,0,0,0,0,0,0,0,0,0,0,0,0,0,0,0,0,0,0,0,0,0,0,0,0,0,0,0,0,0,0,0,0,0,0,0,0,0,0,0,0,0,0,0,0,0,0,0,0,0,0,0,0,0,4.78973081712808e-05,0,0,0,0,0,0,0,0,0,0,0,0,0,0,0,0,0,0,0,0,0,0,0,0,0,0,0,0,0,0,0,0,0,0,0,0,7.22021660649819e-07,0
0,0,0,0,0,0,0,0,0,0,0,0,0,0.959784207945071,0,0,0,0,0,0,0,0,0,0,0,0,0,0,0,0,0,0,0,0.000778816199376947,0,0,0,0,0,0,0,0,0,0,0,0.000354484225451967,0,0,0,0,0,0,0,0,0,0,0,0,0,0,0,0,0,0,0,0,0,0,0,0,0,0,0,0,0,0,0,0,0,0,0,0,0,0,0,0,0,0,0,0,0,0,4.76054460630296e-05,0,0,0,0,0,0,0,0,0,0,0,0,0,0,0,0,0,0,0,0,0,0,0,0,0,0,0,0,0,0,0.000647249190938511,0,0,0,0,0,0,0,0,0,0,0,0,0,0,0,0,0,0,0,0,0,0,0,0.000672494956287828,0,0,0,0,5e-04,0,0,0,0,0,0,0,0,0,0,0,0,0,0,0,0,0,0,0,0,0,0,0,0,0,0,0,0,0,0,0,0,0,0,0,0,0,0,0,0,0,0,0,0,0,0,0,0.0021944261575598,0,0,0,0,0,0,0,0,0,0,0,0,0,0,0,0,0,0,0,0,0,0,0,0,0,0,0,0,0,0,0,0,0,0,0,0,0.00011877895236964,0,0,0,0,0,0,0,0.000945626477541371,0,0,0,0,0,0,0,0,0,0,0,0,0,0,0,0,0,0,0,0,0,0,0,0,0,0,0,0,3.74728321966574e-05,0,0,0,0,0,0,0,0,0,0,0,0,0,0,0,0,0,0,0,0.000548847420417124,0,0,0,0,0,0,0,0,0,0,0,0,0.00216378162450067,0,0,0,0,0,0,0,0,0,0,0,0,0,0,0,0,0,0,0,0,0,0,0,0,0,0,0,0,0,0,0,3.89574973703689e-05,0,0,0,0,0,0,0,0,0,0,0,0,0,0,0,0,0,0,0,0,3.85104170678168e-05,0,0,0,0,0.0016304347826087,0,0,0,0,0,0,0,0,0,0,0,0,0,0,0,0,0,0,0,0,0,0,0,0,0,0,0,0,0,0,0,0,0,0,0.00215879107699688,0,0,0,3.09386795371574e-05,0,0,0.00107927586698434,0,0,0,0,0,0,0,0,0,0,0,0,0.00289519397799653,0,0,0,0,0,0,0,0,0,0,0,0,0,0,0,0,0,0,0,0,0,0,0,0,0,0,0,0,0,0,0,0,0,0,0,0,0,0,0,0,0,0,0,0,0,0,0,0,0,0,0,0,0,0,0,0,0,0,0,0,0,0,0,0,0,0,0,0,0,0,0,0,0,0,0,0,0,0,0,0,0,0,0,0,0,0,0,0,0,0.00614657210401891,0,0,0,0,0,0,0,0,0,0,0,0,0.0120545073375262,0,0,0,0,8.68105793159326e-05,0,0,0,0,0,0,0,0,0,0,0,0,0,0,0,0,0,0,0,0,0,0,0,0,0,0,0,0,0,0,0,0,0,0,0,0,0,0,0,0,0,0,0.000579094681980504,0,0,0,0,0,0,0,0,0,0,0.00120096076861489,0,0,0,0,0,0,0,0,0,0,0,0,0,0,0,0,0,0,0,0,0,0,0,0,0,0,0,0,0,0,0,0,0,0,0,0,0,3.96852168598675e-06,0,0,0,0,0,0,0,0,0,0,0,0,0,0,0,0,0,0,0,0,0,0,0,0,0,0,0,0
0,0,0,0,0,0,0,0,0,0,0,0,0,0,0.971867007672634,0,0,0,0,0,0,0,0,0,0,0,0,0,0,0,0,0,0,0,0,0,0,0,0,0,0,0,0,0,0,0,0,0,0,0,0,0,0,0,0,0,0,0,0,0,0,0,0,0,0,0,0,0,0,0,0,0,0,0,0,0,0,0,0,0,0,0,0,0,0,0,0,0,0,0,0,0,0,0,0,0,0,0,0,0,0,0,0,0,0,0,0,0,0,0,0,0,0,0,0,0,0,0,0,0,0,0,0,0,0,0,0,0,0,0,0,0,0,0,0,0,0,0,0,0,0,0,0,0,0,0,0,0,0,0,0,0,0,0,0,0,0,0,0,0,0,0,0,0.0023489932885906,0,0,0,0,0,0,0,0,0,0,0,0,0,0,0,2.85160260066157e-05,0,0,0,0,0,0,0,0,0,0,0,3.55301092297072e-05,0,0,0,0,0,0,0,0,0,0,0,0,0,0,0,0,0,0,0,0,0,0,0,0,0,0,0,0,0,0,0,0,0,0,0,0,0,0,0,0,0,0,0,0,0,0,0,0,0,0,0,0,0,0,0,0,0,0,0,0,0,0,0,0,0,0,0,0,0,0,0,0,0,0,0,0,0,0,0,0,0,0,0,0,0,0,0,0,0.00121436594917879,0,0,0,0,0,0,0,0.000151057401812689,0,0,0,0,0,0,0,0,0,0,0,0,0,0,0,0,0,0,0,0,0,0,0,0,0,0,0,0,0,0,0,0,0,0,0,0,0,0,0,0,0,0,0,0,0,0,0,0,0,0,0,0,0,0,0,0,0,0,0,0,0,0,0,0,0,0,0,0,0,0,0,0,0,0,0,0,0,0,0,0,0,0,0,0,0,0,0,0,0,0,0,0,0,0,0,0,0,0,0,0,0,0,0,0,0,0,0,0,0,0,0,0,0,0,0,0,0,0,0,0,0,0,0,0,0,0,0,0,0,0,0,0,0,0,0,0,0,0,0,0,0,0,0,0,0,0,0,0,0,0,0,0,0,0,0,0,0,0,0,0,0,0,0,0,0,0,0,0,0,0,0,0,0,0,0,0,0,0,0,0,0,0,0,0,0,0,0,0,0,0,0,0,0,0,0,0,0,0,0,0,0,0,0,0,0,0,0,0,0,0,0,0,0,0,0,0,0,0,0,0,0,0,0,0,0,0,0,0,0,0,0,0,0,0,0,0,0,0,0,0,0,0,0,0,0,0,0,0.000167224080267559,0,0,0,0,0,0,0,0,0,0,0,0,0,0,0,0,0,0,0,0,0,0,0,0,0,0,0,0,0,0,0,0,0,0,0,0,0,0,0,0,0,0,0,0,0,0,0,0,0,0,0,0,0,0,0,0,0,0,0,0,0,0,0,0,0,0,0,0,0,0,0,0,0,0,0,0,0,0,0,0,0,0,0,0,0,0,0,0.000754716981132075,0,0,0,0,0,0,0,0,0,0,0,0,0,0,0,0,0,0,0,0,0,0,0,0
0,0,0,0,0,0,0,0,0,0,0,0,0,0,0,0.993296529968454,0,0,0,0,0,0,0,0,0,0,0,0,0,0,0,0,0,0,0,0,0,0,0,0,2.21695080586162e-05,0,0,0,0,0,0,0,0,0,0,0,0,0,0,0,0,0,0,0,0,0,0,0,0,0,0,0,0,0,0,0,0,0,0,0,0,4.30904468479338e-05,0,0,0,0,0,0,0,0,0,0,0,0,0,9.85512959495417e-06,0,0,9.67202174270488e-06,0,0,0,0,0,0,0,0,0,0,0,0,0,0,0,0,0,0,9.80632507967639e-05,0,0,0,0,3.26675682915515e-06,0,0,0,0,0,0,0,0,0,0,0,0,0,0,0,0,0,0,0,0,0,0,0,0,0,0,0,0,0,0,0,0,0,0,0,0,0,0,0,0,0,0,0,0,0,0,0,0,0,0,0,0,0,0,0,0,0,0,1.05767501877373e-05,0,0,0,0,0,0,0,0,0,0,0,0,0,0,0,0,0,0.000674529756398396,0,0,0,0,0,0,0,0,0,0,0,0,0,0,0,0,0,0,0,0,0,0,0,0,0,0,0,0,0,0,0,0,5.03537349882928e-05,0,0,0,0,0,0,0,0,0,0,0,0,0,0,0,0,0,0,0,0,4.09507117233698e-05,0,0,0,0,0,0,0,0,0,0,0,0,0,0,0,0,0,0,8.16191742375933e-08,0,0,4.40783571000991e-05,0,1.41568064509736e-05,0,0,0,0,0,0,0,0,0,0,0,0,0,0,0,0,0,0,0,0,0,0,0,0,0,0,0,0,0,0,0,0,0,0,0,0,0,0,0,0,0,0,0,0.00064034151547492,0,0,0,0,0,0,0,0,0,0,0,0.000538213132400431,0,0,0,0,0,0,0,0,0,0,0,0,0,0,0,0,0,0,0,0,0,0,0,0,1.58963557604419e-05,0,0,0,0,0,0,0,0,0,0,0,0,0,0,0,0,0,0,0,0,0,0,2.25326723749437e-05,0,0,0,0.000841042893187553,0,0,0,0,0,0,0,0,0,0,0,0,0,0,4.17367496254127e-06,0,0,0,0,0,0,0,0,0.000304710829422878,0,0,0,1.66184730946921e-05,0,0,0,0,0,0,0,0,0,0,0,0,0,0,0,0,0,0,0,0,0,0,0,0,0,3.28601472134595e-05,0,0,0,0,0,4.71253534401508e-05,0,0,0,0,0,0,0,0,0,0,0,0,2.58077836275421e-05,0,0,0,0,0,0,0,0,0,0,0,0,0,0,0,0,0,0,0,0,0,0,0,0,0,0,0,0,0,0,0,0,0,0,0,0.00111292813664032,0,0,0,1.45169485374174e-05,0,0,0,0,0.000340265407017474,0,0,0,0,0,0,0,0,0,0,0,0,0,0,0,0,0,0,0,0,0,0,0,0,0,0,0,0,0,0,0,0,0,0,0,0.000223164472216023,0,0,0,0,0,0,0.000721604849184587,0,0,0,0,0,0,0,0,0,0,0,0,0,0,0,0,0,0,0,0,0,0,0,0,0,0,0,0,0,0,0,0,0,0,0.00089956609164991,0,0,0,0,0,0,0,0,0,0,0,0,0,6.09533097647202e-05,0,0,0,0,0,0,0,0,0,0,0,0,0,0,0,0,0.000329924117452986,0,0,0,0,6.39918090484418e-05,0,0,0,0,0,0,3.96852168598675e-06,0,0,0,0,0,0,0,0,0,0,0,0,0,0,0,0,0,0,0,0,0,0,0,0,4.79156684235745e-08,0,0,0
0,0,0,0,0,0,4.2954219392971e-06,0,0,0,0,0,0,0,0,0,0.972328206741927,0,0,0,0.000530754136076056,0,0,0,0,0,0,0,1.1132882080513e-05,0,0,0,0,0,0,0,0,0,0,0,0,0,0,0,0.000100755667506297,0,0,0,0,0,0,0,0,0,0,0,0,0,0,0,0,0,6.47295276686366e-06,0,0,0,0,0,0,0,0,0,0,0,0,0,0,0,0,0,0,0,0,0,0,0,1.58105266486427e-05,0,0,0,0,0,0,9.22869632359501e-06,0,0,0,0,0,0,0,0,0,0,0,7.17118331695913e-06,0,0,0,0,0,0,0,0,2.77029797325e-06,0,0,0,0,0,0,0,0,0,0,0.000107513514784788,0,0,0,0,0,0,0,0,0,0,0,0,0,0,0,0,0,0,0,0,0,0,0,0,0,0,0,0,0,0.00482199152301994,0,0,0,0,0,0,0,0,0,0,0,0,0,0,0,0,0,0,0,0,0,0,0,0,0,0,0,0,0,0,0,0,0,0,0,0,0,1.38091029606717e-05,0,0,0,0,0,0,0,0,0,0,4.20698359276399e-06,0,0,0,0,0,0,0,0,0,0,0,0,0,0,0,0,0,0,0,0,0,0,0,0,0,7.00471417263819e-06,0,0,0,0,0,0,0,0,0,0,0,0,0,0,0,0,0,0,0,0,0,0,0,0,0,0,0,0,0,0,0,0,0,0,0,0,0,1.30590678780149e-05,0,0,0,0,0,0,0,0,0,0,0.0001365382586407,0,0,0,0,0,0,0,0,0,0,0,0,0,0,0,0,0,0,0,0,0,0,0,0,0,0,0,0,0,0,0,0,0,0,0,0,0,0,0,0,0,0,0,0,0,0,0,0,0,0,0,0,0,0,6.57591898467811e-05,0,0,0,0,0,0,0.000283817004812368,1.20380402070543e-05,0,0,0,0,0,0,0,0,0,0,0,0,0,0,0,0,0,0,0,0,0,0,0,0,0,0,0.000194628260023355,0,0,0,0,0,0,0,0,0,0,0,0,0,0,0,0,0,0,0,0,0,0,0,0,0,0,0,0,0,0,0,0,0,0,0,0,0,0,0,0,0,6.07912880124348e-05,0,0,0,0,0,0,0,0,0,0,0,0,0,0,3.5405624537514e-06,0,0,0,0,0,0,9.82163903512218e-06,0,0,0,0,0,0,0,0,0,0,0,0,0,0,0,0,0,0,0,0,0,0,0,0,0,0,0,0,0,0,0,0,0,0,0,0,0,0,0,0,0,0,0,0,1.74258529955041e-05,0,0,0,0,0,0,0,0,0,0,0,0,0,0,0,0,1.63259975184484e-05,0,0,0,0,3.12052399838981e-06,0,0,0,0,0,0,0,0,0,0,0,5.46749845543169e-06,0,0,0,6.7288411589756e-06,0,0,0,0,0,0,0,2.38685131348428e-06,4.47147200858523e-05,0,0,0,0,0.000155400155400155,0,0,0,2.6967189021118e-06,0,0,0,0,0,0,0,0,0,2.49421964597046e-06,0,0,0,0,0,0,0,0,0,0,0,0,5.14731618933888e-06,0,2.76937349848031e-05,0,0,0,0,0,0,0,0,0,0,0,0,0,0,0,0,0,0,1.65139519302451e-05,0,0,0,0,0,0,0,0,0,0,0,0,0,0,0,0,0,4.35040480516712e-06,0,2.19741583897337e-05,0,0,0,0,0,0,0,0,0,0,0,0,0,0,0,0,0,0,0,0,0,0,0,0,0,0,0,0,0,0,0,0,0,0,0,0,0,0,0,0,0,0,0,0,0,0,0,0,0,0
0,0,0,0,0,0,0,0,0,0,0,0,0,0,0,0,0,0.98733660130719,0,0,0,0,0,0,0,0,0,0,0,0,0,0,0,0,0,0,0,0,0,0,0,0,0,0,0,0,0,0,0,0,0,0,0,0,0,0,0,0,0,0,0,0,0,0,0,0,0,0,0,0,0,0,0,0,0,0,0,0,0,0,0,0,0,0,0,0,0,0,0,0,0,0,0,0,0,0,0,0,5.0805908727185e-05,0,0,0,0,0,0,0,0,0,0,0,0,0,0,0,2.77029797325e-06,0,0,0,0,0,0,0,0,0,0,0,0,0,0,4.40533486051609e-05,0,0,0,0,0,0,0,0,0,0,0,0,0,0,0,0,0,0,0,0,0,0,0,0,0,0,0,0,0,0,0,0,0,0,0,0,0,0,0,0,0,0,0,0,0,0,0,0,0,0,0,0,0,0,0,0,0,0,0,0,0,0,0,0,0,0,0,0,0,0,0,0,0,0,0,0,0,0,0,0,0,8.55937208446388e-06,0,0,0,0,0,0,0,0,0,0,0,0,0,0,0,0,0,0,0,0,0,0,0,0,0,0,0,0,0,0,0,0,0,0,0,0,0,0,0,0,0,0,0,0,0,0,0,0,0,0,0,0,0,0,0,0,1.63238348475187e-07,0,0,0,0,0,0,0.00140357443623093,0,0,0,0,0,0,0,0.000371281384879566,0,2.46309463209577e-05,0,0,0,0,0,0,0,0,0,0,0,0,0,0,0,0,0,0,0,0,0,0,0,0,0,0,0,0,0,0,0,0,0,0,0,0,0,0,0,0,0,0,0,0,0,0,0,0,0,0,0,0,0,0,0,0,0,0,0,0,0,0,0,0,0,0,0,0,0,0,0,0,0,0,0,0,0,0,0,0,0,0,0,0,0,0,0,0,0,0,0,0,0,0,0,0,0,0,0,0,0,0,0,0,0,0,0,0,0,0,0,0,0,0,0,0,0,0,0,0,0,0,0,0,0,1.19198603945951e-06,0,0,0,0,0,0,0,0,0,0,0,0,3.56446936932655e-05,0,0,0,0,0,0,0,0,0,0,0,0,0,0,0,0,0,0,0,0,0,0,0,0,0,0,0,0,0,0,0,0,0,0,0,0,0,0,0,0,0,0,0,0,0,0,0,0,0,0,0,0,0,0,0,0,0,0,0,0,0,0,0,0,0,0,0,0,0,0,0,0,0,0,0,0,0,0,0,0,0,0,0,0,0,0,0,0,2.11931757973932e-05,0,0,0,0,0,0,0,0,0,0,0,0,0,0,0,0,0,0,0,0,0,0,0,0,0,0,0,0,0,0,0,0,0,0,0,0,0,0,0,0,0,0,0,0,0,0,0,0,0,0,0,0,0,0,0,0,0,0,0,0,0,0,0,0,0,0,0,0,0,0,0,0,0,0,0,0,0,0,0,0,0,0,0,0,0,0,0,0,0,0,0,0,0,0,0,0,0,0,0,0,0,3.06767286336585e-05,0,0,0,0,0,0,0,0,0,0,0,0,0,0,0,0,0,0,0,0,0,0,0,0,0,0,0,0,0,0,0,0,0
0,0,0,0,0,0,0,0,0,0,0.000937332619175147,0,0.000361532899493854,0,0,0,0,0,0.97581260491378,0,0,0,0,0,0,0,0,0,0,0,0,0,0,0,0,0,0,0,0,0,0,0,0,0,0,0,0.000232450023245002,0,0,0,0,0,0,0,0,0,0,0,0,0,0,0,0,0,0,0,0,0,0,0,0,0,0,0,0,0,0,0,0,0,0,0,0,0,0,0,0,0,0,0,0,0,0,0,0,0,0,0,0,0,0,0,0,0,0,0,0,0,0,0,0,0,0,0,0,0,0,0,0,0,0,0,0,0,0,0,0,0,0,0,0,0,0,0,0,0,0,0,0,0,0,0,0,0,0,0.000159108989657916,0,0,0,0,0,0,0,0,0,0,0,0,0,0,0,0,0,0,0,0,0,0,0,0,0,0,0,0,0,0,0.000116795141322121,0,0,0,0,0,0,0,0,0,0,0,0,0,0,0,0,0,0,0,0,0,0,0,0,0,0,0,0,0,0,0,0,0,0,0,0,0,0,0,0,0,0,0,0,0,0,0,0,0,0,0,0,0,0,0,0,0,0,0,0,0,0,0,0,0,0,0,0,0,0,0,0,0,0,0,0,0,0,0,0,0,0,0,0,0,0,0,0,0,0,0,0,0,0,0,0,0,0,0,0,0,0,0,0,0,0,0,0,0,0,0,0,4.93559054340852e-05,0.00240818783865141,0,0,0,0,0,0,0,0,0,0,0,0,0,0,0,0,0,0,0,7.55829333736442e-05,0,1.74956698217191e-05,0,0.00384061449831973,0,0,0,0,0,0.00025306205081486,0,0,0,0,0,0,0,0,0,0,0,0,0,0,0,0,0,0,0,0,0,0,0,0,0,0,0,0,0,0,0,0,0,0,0,0,0,0,0,0,0,0,0,0,0,0,0,0,0,0,0,0,0,0,0,0,0,0,0,0,0,0,0,0,0.000683060109289617,0,0,0,0.000135746606334842,0,0,0,0,0,0,0,0.000541711809317443,0,0,0,0,0,0,0,0,0,0,0,0,0,0,0,0,0,0.000399607657935845,0,0,0,0,0,0,0.000655757771822526,0,0,0,0,0,0,0,0,0,0,0,0,0,0,0,0,0,0,0,0,0,0,0,0,0,0,0,0,0,0,0,0,0,0,0,0,0,0,0,0,0,0,0,0.000243013365735115,0,0,0,0,0,0,0,0,0,0,0,0,0,0,0,0,0,0,0,0,0,0,0,0,0,0,0,0,0,0,0,0,0,0,0,0.000321440051430408,0,0,0,0,0,0,0,0,0.000438140095295471,0,0,0,0,0,0,0,0,0,0,0,0,0,0,0,0,0,0,0,0,0,0,0,0,0,0,0,0,0,0,0,0,0,0,0,0,0,0,0,0,0,0,0,0,0,0,0,0,0,0,0,0,0,0,0,0,0,0,0,0,0,0,0,0,0,0,0,0.00622277535780958,0,0,0,0,0,0,0,0,0,0,0,0,0,0,0,0,0,0,0,0,0,0,0,0,0,0,0,0,0,0,0.00134112462879586,0,0,0,0,0,0,0,0,0,0,0.000170241743275451,0.000898876404494382,0,0,0,0,0,0,0,0,0,0,0,0,0,0,0,0,0,0,0,0,0,2.18804017241757e-05,0,0,0,0
0,0,0,2.5990790596532e-05,0,5.53143236441076e-05,1.43180731309903e-05,4.74137616619618e-05,0,0,0,0,0,0,0,0,0,0,0,0.973546935439016,4.22911662211997e-06,0,8.20761995436563e-06,0,0,0,0,1.8379650051463e-05,1.1132882080513e-05,0,0,0,0,0,0,0,0,0,0,0,0,7.74035744970703e-05,0,0,0,0,0,0,0,0,0,0,0,0,0,0,0,0,0,0,0,0,0,0,0,0,0,0,0,0,0,0,0,3.46412894477684e-05,1.30206637934402e-05,0,0,0,5.39956803455724e-05,0,0,0,0,0,0,0,1.58105266486427e-05,0,0,0.000211312249066704,0,4.92756479747709e-05,0,1.230492843146e-05,0,0.00070412617941135,0,2.04294265459969e-05,0,0,0,0.000204114957544089,0,0,0,3.58559165847957e-05,0,0,0,0,0,0,0,0,0,0,0,1.73949345950459e-05,0,0,0,0.000440722785368004,0,0,3.92958189248664e-05,3.35979733702463e-06,0,0,0,0,1.12384805574286e-05,0,0,0,0,0,0,0,0,0,0,0,0,8.58000858000858e-05,0,0,0,0,0,0,0,0,0,0,0,0,0,0,0,0,0,0,0,0,0,0,0,0,0,0,0,0,0,0,0,0,0,0,0,0,0,0,0,0,0,0,0,0,2.54039223656132e-05,0,0,0,3.65328832482117e-06,1.38091029606717e-05,0,0,0,0,0,0,0,5.26094276094276e-05,0,0,2.52419015565839e-05,2.68716074595582e-05,0,0,0,6.5576995589947e-05,0,4.27968604223194e-06,0,0,0,0,0,0,0,0,0,0,0,0,0,0,9.98213198374909e-06,0,0,0,1.40094283452764e-05,0,0,0,0,0,0,0,0,0,0,0,0,0,0,0,0,0,0,0,0,0,0,0,0,0,0,8.37233445801693e-06,0,0,0,0,0,0,0,0,0,0,4.97876962849319e-06,0,0.000132094579719079,1.42188248709997e-06,9.57982871266262e-06,0,0,0,0,0,4.56938148852171e-05,0,0,0,7.97448165869218e-05,0,1.90124912067228e-05,0,0,0,0,0,0,3.5650623885918e-05,6.08124543906592e-05,0,0,0,0,0,0,3.18025696476275e-05,0,3.03665239440041e-05,0,0,0,5.29240539825351e-05,0,0,0,0,0,0,0,1.20235661897319e-05,0,0,0,0,0,0,0,0,0,0,0,0.00298221922124691,2.8048130592096e-05,0,0,0,0.000233108592741357,0,4.84439793822424e-06,0,0,0,6.6554854511088e-06,0,1.6548345992818e-05,0,0,5.56503931004643e-06,3.21014405521448e-05,0,0,0,0,3.10117586251454e-05,0,0,0,0,0,0,0,0.000148462354188759,0,0,0,0,0,0,0,0,0,0,0,0,0.000190132141838578,0,0,0,0,0,0.00012809017548354,0,1.18576137738042e-05,0,0,0,0,0,1.36521566994546e-05,0,0,0,0,0,0,0,0,0,0,0,1.2202488087321e-05,0,8.34734992508254e-06,0,0,0,0,0,0,6.85283536063046e-05,0,0,8.8073135932078e-06,0,1.46130465279401e-05,0,0,4.76794415783802e-06,0,0,0,0,0,0,0,0,0,0,0,0,0,0,2.83244996300112e-05,0,0,0,0,0,0.00688172290285675,9.82163903512218e-06,0,0,0,0,0,0,0,0,0,0,0,0,0,0,0,0,0,5.53617892930299e-05,0,0,0,0,5.36826283014816e-05,0,0,0,0,0,0,0,2.53556124648191e-05,0,0,0,0,0,0,0,0,0,0,0,0,0,0,0,0,0,0,0,0,0,0,0,0,0,0,0,0,0,0,0.000359171945405864,0,2.20616623462578e-05,0,0,9.36157199516943e-06,0,0,0,0,0,0,9.30176160415523e-05,0,0,0,0,2.73374922771584e-06,0,0,0.00371581745997051,4.48589410598373e-06,0,0,0,0,0,0,0,9.30872012258868e-05,0.000313003040600966,0,0,0,0,0.000155400155400155,0,0,0,0,0,0,0,0,0,0,0,0,0,0,0,0,0,0,0,9.65903602820439e-05,0,0,0,0,0,0,5.14731618933888e-06,0,2.30781124873359e-06,0,0.000100381449508131,0,0,5.67730214602021e-05,0,0,0,2.84867821330902e-05,0,0,0,0,0,2.83350334353395e-05,0,0.000107169649555246,0,1.41548159402101e-05,0,0,0,0,0.000182519893196424,0,2.69302237901597e-05,0,0,0,0,0,0,0,0,0,4.92748386249035e-05,2.90026987011141e-06,0,0.000142832029533269,0,0,0,0,0,0,0,0,0,0,0,0,0,0,0,0,0,0,0,0,0,3.96852168598675e-06,0,0,0,0,0,0,0,5.5972237770066e-05,0,0,0,0,0,0,0,0,0,7.65081672468536e-06,0,0,0.000527326829635768,0,0,0,1.43747005270724e-07,0,0,0
0,0,0,4.33179843275533e-06,0,5.53143236441076e-05,4.00906047667729e-05,5.83553989685683e-05,0,0,0,0,0,0,0,0,0.00414978562718798,0,0,8.42722668397057e-06,0.972595324288663,0,0,0,0,0,0,0,0.000122461702885643,0.000201355795690986,0,0,1.48991328704669e-05,0,0,0,0,0,0,0,0,1.54807148994141e-05,0,0,0,0,0,0,0,3.50680319820452e-05,0,0,0,0,0,0,0,0,0,0,1.70752391956424e-05,0,3.8837716601182e-05,0,0,0,0,0,0,0,0,0,0,4.94875563539548e-06,5.20826551737608e-05,0,0,0,0,0,0,0,0,0,0,1.78094390026714e-05,0.000205536846432355,0,0,7.04374163555681e-05,0,3.94205183798167e-05,0,0.00012920174853033,1.93440434854098e-05,4.02357816806486e-05,0,2.04294265459969e-05,1.58768464772453e-05,0,0,0,0,0,0,1.43423666339183e-05,0,0,0,0,0,0,0,0,2.6317830745875e-05,0,0,1.73949345950459e-05,1.30670273166206e-05,0,0,0,0,0,0,0.000658520278056828,0,0,0,1.10133371512902e-05,3.37154416722859e-05,0,0,0,0,0,0,0,0,0,0,0,1.81996869653842e-05,0,0,0,0,0,0,0,0,0,0,0,0,0.0176671286053504,0,0,0,0,0,0,1.33738114025116e-05,0,0,0,0,0,0,0,0,0,0,2.12172326363472e-05,0,0,0,0,0,0,0,0,0,0,0,0.000152687296416938,0,0,2.54039223656132e-05,0,0,0,3.65328832482117e-05,2.07136544410075e-05,0,0,0,0,0,0,0,0,0,0,2.94488851493479e-05,0,2.08685490097873e-05,0,0.000221367026529987,4.91827466924603e-05,0,1.71187441689278e-05,0,0.000102513033800012,0,0,0,0.000112701453848755,0,0,0,0,0,0,0,0,9.98213198374909e-05,0,0,0,6.30424275537437e-05,1.38404473232575e-05,0,0.000137741046831956,0,0,0,0,0,0,0,0,0,0,0,0,0,0,9.19286633572348e-05,0,0,0,0,0,0,0,0,0,0,0,0,0,0,0,7.45156482861401e-05,0,0,0,0.000342555674275179,0,2.20157632865131e-05,1.42188248709997e-06,0,2.83136129019471e-06,0,0,0,0,9.13876297704343e-06,0.00198601103477381,0,0,7.97448165869218e-05,0,1.90124912067228e-05,0,0,0,0,0,0,0,0,0,0,0,0,0,0,9.54077089428826e-05,0,0,0,0,0,0,0,0,0,0,0,0,1.74956698217191e-05,0,0,0,0,0,0,0,0,0,0,0,0,0,0,0,0,0,1.79314302108736e-05,0,0,3.62884203650615e-05,0,0,0,0,4.96450379784541e-05,0,0,0.00633718851431537,1.60507202760724e-05,0,2.04561726500972e-05,0,0,1.55058793125727e-05,0,0,0,0,0,0,0,6.3626723223754e-05,0,0,0,0,0,0,0,0,0,0,0,0,0,0,0.00015271838729383,0,0,0,0,0,4.15016482083146e-05,0,0,0,0,0,6.8260783497273e-06,0,0,0,0,0,0,0,0,0,0,2.13707178424123e-05,6.1012440436605e-06,0,4.17367496254127e-06,0,0,0,0,0,8.00403403315271e-06,3.42641768031523e-05,0,0,0,0,0,1.66184730946921e-05,0,0.000848694060095168,0,0,0,0,0,0,0,0,0,0,0,0,5.94078228221092e-06,0,1.41622498150056e-05,0,0,0,0,0,1.72474258216961e-05,0.000166967863597077,0,0,0,0,0,0,0,0,0,0,0,0,0,0,0,0,0,0,0,0,0,0,5.36826283014816e-05,0,9.33532486930545e-05,0,0,0,0,0,2.53556124648191e-05,5.05586733404116e-05,0,0,0,0,0,0,0,0,6.58379858843358e-06,0,0,0,3.48517059910083e-05,0,0,0,0,0,0,0.000264540933300413,0,0,0,0,0,0,0,0,0,9.79559851106903e-05,7.31618095354225e-05,0,0,0,4.68078599758471e-05,0,0,0,0,0,0,6.64411543153945e-06,0,0,0,0,8.20124768314753e-06,8.4772703189573e-05,0,1.19224089624722e-05,5.38307292718048e-05,0,0,0,0,0,0,0,3.10290670752956e-05,8.94294401717045e-05,0,0,0,0,0,0,0,0,8.0901567063354e-05,0,0,0,0,0,5.83464612871229e-05,0,0,0,1.99537571677637e-05,0,0,2.27474352266782e-05,0,0,0,0,0,0,0,0,3.54400472533963e-05,9.77990075974387e-05,0,3.9232791228471e-05,0,1.67302415846885e-05,0,0,0,0,0,0,0,0,0,0,0,0,0,0,0,0,0.000330279038604901,0,0,0,0,1.4719346225518e-05,0,0,0,0,0,0,0,0,0,0,0,8.21247310415058e-06,5.9455532337284e-05,0,2.19741583897337e-05,0,0,0.000104887770086008,0,0,0,0,0,0,0,0,0,0,5.48787180331467e-05,0,0,6.1353457267317e-05,0,0,0,0,7.93704337197351e-06,0,0,0,0,0,0,0,0.000111944475540132,0,0,0,0,0,0,0,0,2.88246739208763e-05,3.82540836234268e-05,0,0,0,2.46848566632656e-05,0,0,3.83325347388596e-07,6.07533414337789e-08,0,0
0,0,0,0,0,0,0,0,0,0,0,0,0,0,0,0,0,0,0,0,0,0.97155388471178,0,0,0,0,0,0,0,0,0,0,0,0,0,0,0,0,0,0,0,0,0,0,0,0,0,0,0,0,0,0,0,0,0,0,0,0,0,0,0,0,6.47295276686366e-06,0,0.00390269981288426,0,0,0,0,0,0,0,0,0,0,0,0,0,0,0,0,0,0,0,0,0,0,0,0,0,0,0,0,0,0,0,0,0,0,0,0,0,0,0,0,0,0,0,0,0,0,0,0,0,0,0,0,0,3.26675682915515e-06,0,0,0,0,0,3.92958189248664e-05,0,0,0,0,0,0,0,0,0,0,0,0,0,0,0,0,0,0,0,0,0,0,0,0,0,0.000200937709310114,0,0,0,0,0,0,0,0,0,0,0,0.000280850039452744,0,0,0,0,0,0,0,0,0,0,0,0,0,0,0,0,0,0,0,0,0,0,0,0,0,1.27019611828066e-05,0,0,0,0,0,0,0,0,0,0,0,0,0,0,0,0,0,0,0,0,0,0,0,0,0,0,0,0,0,0,0,0,0,0,0,0,0,0,0,0,0,0,0,0,0,0,0,0,0,0,0,0,0,0,0,0,0,0,0,0,0,0,0,0,0,0,0,0,0,0,0,0,0,0,0,0,0,0,0,3.26476696950373e-07,0,0,0,0,0,0,0,0,0,0,0,0,0,0,0,0,0,0,0,0,0,0,0,0,0,0,0,0,0,0,3.18025696476275e-05,0,0,0,0,0,0,0,0,0,0,0,0,0,0,0,0,0,0,0,0,0,0,0,0,0,0,0,6.43852815246435e-05,0,0,0,0,4.84439793822424e-06,0,0,0,0,0,0,0,0,0,0,8.84642604387827e-05,0,0,0,0,0,0,0,0,0,0,0,0,0,0,0,0,0,0,0,0,0,0,0,0,0,0,0,0,0,0,0,0.00164220465975572,1.18576137738042e-05,0,4.81394117363886e-05,0,0,0,0,0,0,0,0,0,0,0,0,0,0,0,0,0,0,0,0,0,0,0,0,0,0,0,0,0,0,0,0,1.19198603945951e-06,0,0,0,0,0,0,0,0,0,0,0,0,0,0,3.5405624537514e-06,0,0,0,0,0,0,0,0,0,0,0,0,0,0,0,0,0,0,0,0,0,0,0,0,0,0,0,0,0,0,0,0,0,0,0,0,0,0,0,0,0,0,0,0,0,0,0,2.63351943537343e-05,0,0,0,0,0,0,0,0,0,0,0,0,0,0,0,0,0,0,0,0,0,0.000682843555663943,0,0,0,0,0,0,0,0,0,0,3.32205771576973e-06,0,0,0,0,0,0,0,0,0,0,0,0,0,0,0,0,0,0,0,0,0,0,0,0,0,0,0,0,0,0,0,0,0,0,0,0,0,0,0,0,0,0,0,0,0,0,0,0,0,0,0,0,0,0,0,0,0,0,0,0,0,0,0,0,0,0,0,0,0,0,0,0,0,0,0,0,0,0,0,0,0,0,0,0,0,0,8.3108248493663e-05,0,0,0,0,0,0,0,0,0,0,0,0,0,0,0,0,0,0,0,0,0,0,0,0,0,3.96852168598675e-06,0,0,0,0,0,0,0,0,0,0,0,0,0,0,0,0,0,0,0,0,0,0,0,0,1.91662673694298e-07,0,0,0
0,0,0,2.16589921637766e-05,0,0,1.14544585047923e-05,1.82360621776776e-05,0,0,0,0,0,0,0,0,0,0,0,1.68544533679411e-05,0,0,0.955580360806973,0,0,0,0,1.8379650051463e-05,0,0,0,0,0,0,0,0,0,0,0,0,0,4.64421446982422e-05,0,0,0.000100755667506297,0,0,0,0,0,0,0,7.34106592277199e-05,0,0,0,0,0,0,0,0,0,0.000420741929846138,0,0.000106923282544774,0,0,0,0,0,0,0,0,0,0.000468743896563847,0,0,0,0,0,0,0,0,0,4.23599579789217e-06,0,1.58105266486427e-05,0,0,0,0,0.000206957721494038,0,1.5381160539325e-05,0,0.000603536725209729,0,0,0,0,0,8.16459830176355e-06,0,0,0,2.15135499508774e-05,0,3.66260117935758e-05,0,0,0,0,0,0,1.385148986625e-06,0,0,1.73949345950459e-05,3.26675682915515e-06,0,0,0,0,0,0,1.00793920110739e-05,0,0,0,0,0,0,0,0,0,0,0,0,0,0,0,0,0,0,0,0,0,0,0,0,6.69792364367046e-05,0,0,0,0,0,0,0.000120685493603669,0,0,0,3.71774853148933e-05,1.33738114025116e-05,0,0,0,0,0,0,0,0,0,0,1.06086163181736e-05,0,0,0,0,0,0,0,0,0,0,0,0,0,0,0.000266741184838939,0,0,5.07572988995818e-06,0,3.45227574016792e-06,0,0,0,0,0,0,0,0,0,0,0,0,2.08685490097873e-05,0,0,0,0,0,0,1.46447191142874e-05,0,0,0,0,0,0,0,0,0,0,0,0,5.98927919024945e-05,0,0,0,0.000119080140934849,0,0,0,0,0,0,0,4.19524678539215e-05,0,0,0,0,0,0,0,0,0,0,0,0,0,0,0,0,0,0,0,0,0.000110150355234896,0,0,0,0,0,0,0,0,9.22296668884804e-06,0,0,1.42188248709997e-06,0,0,0,0,0.00382771934496072,0,2.74162889311303e-05,6.20628448366816e-06,0,0,0,0,0,8.21031544031922e-06,0,0,0,0,0,0,0,0,0,0,0,0,0,0,0,0,0,0,0,0.000158772161947605,0,0,0,0,0,0,0,0,0,0,0,0,0,0,0,0,0,0,5.58784085829236e-05,0,2.8048130592096e-05,0,0,0,0,0,0,0,0,0,0,0,0.000215128497906634,0,0,1.11300786200929e-05,4.0126800690181e-06,0,0.00114554566840544,0,0,5.16862643752423e-06,0,0,0,0,0,0,0,0,0,0,0,0,0,0,0,0,0,0,0,0,0,0,0,0,0,0,0,0,5.33592619821187e-05,0,0,0,0,0,0,0,0,0,0,0,0,0,0,5.00375281461096e-05,0,0,6.1012440436605e-06,0,1.66946998501651e-05,0,0,0,0,0,0,0,0,0,0,0,0,0,0,3.57595811837852e-06,0,0,0,0,0,0,0,0,0,0,0,0,0,0,1.41622498150056e-05,0,8.95575855274942e-05,0,0,0,2.87457097028269e-05,0,0,0,0,0,0,0,0,0,0,0,0,0,0,0,0,0,7.5642965204236e-05,0,0,0,0,0,5.36826283014816e-05,0,9.33532486930545e-05,0,0,0,0,0,0,0,0,0,0,0,0,0,0,0,0,0,0,0,0,0,0,0,0,0,0,0,0,0,0,0,0,0,0,0,0,0.00135505779403122,2.43872698451408e-05,1.10308311731289e-05,0,0,1.24820959935592e-05,0,0,0,0,0,0.000151469251741896,3.072903387087e-05,0,0,0,0,2.73374922771584e-06,0,0,1.98706816041204e-05,4.48589410598373e-06,0,0,0,0,0,0,0,0.00865949656532096,0,2.61749270373909e-05,0,0,0,0.000310800310800311,0,0,0,0,0,0,0,0,0,0,0,0,0,0,0,0,0.000415140692886877,0,0,0,0,0,0,0,0,0.00929710572947431,5.14731618933888e-06,0,4.61562249746718e-06,0,1.67302415846885e-05,0,0,0,0,0,0,0,0,0,0,0,0,0,0,0,0,4.71827198007002e-06,0,0,0,0,4.41580386765541e-06,0,0,0,0,0,0,0,0,0,0,0,0,9.4258770778621e-06,0,1.09870791948668e-05,0,0,0.000104887770086008,0,0,0,0,0,0,0,0,0,0,0,0,0.000164122763827343,0,0,0,0,0,3.96852168598675e-06,0,0,0,0,0,0,0,0,0,0,0,0,0,0,0,0,0,7.65081672468536e-06,0,0,1.88331010584203e-05,0,0,0,1.43747005270724e-07,0,0,0
0,0,0,0,0,0,0,0,0,0,0,0,0,0,0,0,0,0,0,0,0,0,0,0.968574108818011,0,0,0,0,0,0,0,0,0,0,0,0,0,0,0,0,0,0,0,0,0,0,0,0,0,0,0,0,0,0,0,0,0,0,0,0,0,0,0,0,0,0,0,0,0,0,0,0,0,0,0,0,0,0,0,0,0,0,0,0,0,0,0,0,0,0,0,0,0,0,0,0,0,0,0,0,0,0,0,0,0,0,0,0,0,0,0,0,0,0,0,0,0,0,0,0,0,0,0,0,0,0,0,0,0,0,0,0,0,0,0,0,0,0,0,0,0,0,0,0,0,0,0,0,0,0,0,0,0,0,0,0,0,0,0,0,0,0,0,0,0,0,0,0,0,0,0,0,0,0,0,0,0,0,0.00436442989634479,0,0,0,0,0,0,0,0,0,0,0.00065843621399177,0,0,0,0,0,0,0,0,0,0,0,0,0,0,0,2.68716074595582e-05,0,0,0,0,0,0,0,0,0,0,0,0,0,0,0,0,0,0,0,0,0,0,0,0,0,0,0,0,0,0,0,0,4.19524678539215e-05,0,0,0,0,0,0,0,0,0,0,0,0,0,0,0,0,0,0,0,0,0,0,0,9.8190638451454e-05,0,0,0,0,0,0,0.000582750582750583,0,0,0,0,0,0,0,0,0,0,0,0,0,0,0,0,0,0,0,0,0,0,0,0,0,0,0,0,0,0,0,0,0,0,0,0,0,0,0,0,0,0,0,0,0,0,0,0,0,0,0,0,0,0,0,0,0,0,0,0,0,0,0,0,0,0,0,0,0,0,0,0,0,0,0,0,0,0,0,0,0,0,0,0,0,0,0,0,0,0,0,0,0,0,0,0,0,0,0,0,0.00030543677458766,0,0,0,0,0,0,0,0,0,0,0,0,0,0,0,0,0,0,0,0,5.00375281461096e-05,0,0,0,0,0,0,0,0,0,0,0,0,0,0,8.8073135932078e-06,0,0,0,0,0,0,0,0,0,0,0,0,0,0,0,0,0,0,0,0,0,0,0,0,0.000513347022587269,0,0,0,0,0,0,0,0,0,0,0,0,0,0,0,0,0,0,0,0,0,0,0,0,0,0,0,0,0,0,0,0,0,0,0,0,0,0,0,0,0,0,0,0,0,0,0,0,0,0,0,0,2.14192387602545e-05,0,0,0,0,4.05284915295453e-05,0,0,0,0,0,0,0,1.10308311731289e-05,0,0,0,0,0,0,0,0,0,0,0,0,0,0,0,0,0,0,0,0,0,0,0,0,0,0,0,0,0,0,0,0,0,0,3.66099212886692e-05,0,0,0,0,0,0,0,0,0,0,0,0,0,0,0,0,0,0,0,0,0,0,0,0,0,0,0,0,0,0,0,0,0,0,0,0,0,0,0,0,0,0,0,0,0,0,0,0,0,0,0,0,0,0,0,0,0,0.003455202892728,0,0,0,0,0,0,0,0,0,0,0,0,0,0,0,0,0,0,0,0,0,0,0,0,0,0,0,6.75827889164226e-05,0,0,0,0,0,0,0,0,0,0,0,0,0,0,0,0,0,0,0,0,0,0,0,0,0,0,0,0,0,0
0,0,0,0,0,0,0,0,0,0,0,0,0,0,0,0,0,0,0,0,0,0,0,0,0.99190137676595,0,0,0,0,0,0,0,0,0,0,0,0,0,0,0,0,0,0,0,0,0,0,0,0,0,0,0,0,0,0,0,5.41477149664284e-05,0,0,0,0,0,0,0,0,0,0,0,0,0,0,0,0,0,0,0,0,0,0,0,0,0,0,0,4.23599579789217e-06,0,0,0,0,0,0,0,0,0,0,0,0,0,0,0,0,0,0,0,0,0,0,0,0,0,0,0,0,0.000858053444471684,0,0,0,0,0,0,0.000355871886120996,0,0,0,0,0,0,0,0,0,0,0,0,0,0,0,0,0,0,0,0,0,0,0,0,0,0,0,0,0,0,0,0,0,0,0,0,0,0,0,0,0,0,0,0,0,0,0,0.000211954217888936,0,0,0,0,0,0,0,0,0,0,0,0,0,0,0,0,0,0,0,0,0,0,0,0,0,0,0.000154178230033919,0,0,0,0,0,0,0,0,0,0,0,0,0,0,0,0,0,0,0,0,0,0,0,0,0.000161030595813205,0,0,0,0,0,0,0,0,0,0,0,0,0,0,0,0,0,0,0,0,0,0,0.00102811782708493,0,0,0,0,0,5.73309964127177e-05,0,0,0,0,0,0,0,0,0,0,0,0,0,0,0,0,0,0,0,0,0,1.99063548193996e-05,0,4.24704193529207e-05,0,0,0,0,0,0,0,0,0,0,0,0,0,0,0,0,0,0,0,0,0,0,0,0,0,0,0,0,0,0,0,0,0,0,0,0,0,0,0,0,0,0,0,0,0,0,0,0,0,0,0,0,0,0,0,0,0,0,0,0,0,0,0,0,0,0,0,0,0,0,0,0,0,0,0,0,0,0,0,0,7.94817788022096e-06,0,0,0,0,0,0,0,0,0,0,0,0,0,0,0,0,0,0,0,0,0,0,2.25326723749437e-05,0,0,0,8.41042893187553e-05,0,0,0,0,0,0,0,0,0,0,0,0,0,0,0,0,0,0,0,0,0,0,0,0.000670363824730331,0,0,0,0,0,0,0,0,0,0,0,0,0,0,0,0,0,0,0,4.00978387264926e-05,0,0,0,0,0,0,0,0,0,3.28601472134595e-05,0,0,0,0,0,0.000141376060320452,0,0,0,0,0,0,0,0,0,0,0,0,0,0,0,0,9.33532486930545e-05,0,0,0,0,0,0,0,0,0,0,0,0,0,0,0,0,0,0,0,0,0,0,0,0,0,0,0,0,0,0,0,6.81384573453257e-05,0,0,0,0,0,0,0,0,0,0,0,0,0,0,0,0,0,0,0,0,0,0,0,0,0,0,0,0,0,0,0,0,0,0,0,0,0,0,0,0,0,0,0,0,0.00066949341664807,0,0,0,0,0,0,0.000288641939673835,0,0,0,0,0,0,0,0,0,0,0,0,0,0,0,0,2.30781124873359e-06,0,0,0,0,0,0,0,0,2.84867821330902e-05,0,0,0,0,0,0,0,0,0,0,0,0,0,0,0,0,0,0,0,0,0,0,0,0,0,0,0,0,0,0,0,0,0,0,0,0,0,0,0,0,0,0,0,0,1.59979522621104e-05,0,0,0,0,0,0,0,0,0,0,0,0,0,0,0,0,0,0,0,0,0,0,0,0,0,0,0,0,0,0,0,1.43747005270724e-06,0,0,0
0,0,0,0,0,0,0,0,0,0,0,0,0,0,0,0,0,0,0,0,0,0,0,0,0,0.97973539851565,0,0,0,0,0,0,0,0,0,0.000250563768479078,0,0,0,0,0,0,0,0,0,0,0,0,0,0,0,0,0,0,0,0,0,0,0,0,0,0,0,0,0,0,0,0,0,0,0,0,0,0,0,0,0,0,0,0,0,0,0,0,0,0,0,0,0,0.000281749665422272,0,0,4.76054460630296e-05,0,0,0,0,0,0,0,0,0,0,0,0,0,0,0,0,0,0,0,0.000760600874691006,0,0,0,0,0,0,0,0,0,0,0,0,0,0,0,0,0,0,0,0,0,0,0,0,0,0,0,0,0,0,0,0,0,0,0,0,0,0,0,0,0,0,0,0,0,0,0,0,0,0,0,0,0,0,0,0,0,0,0,0,0,0,0,0.00116795141322121,0,0,2.85160260066157e-05,0.000677015329561391,0,0,0,0,0,0,0,0,0,0,0,0,0,0.00374276964954066,0,0,0,0,0,0,0,0,0,0,0,0,0,0,0,0,0,0,0,0,0,0,0,0.000240297969482158,0,0,0,0,0,0,0,0,0,0,0,0,0,0,0,1.61762564907229e-05,0,0,0,0,0,0,0,0,0,0,0,0,0,0,0,0,0,0,0,0,0,0.00377928949357521,4.18616722900846e-06,0,0,0,0,0,0,0,0,0,0,1.63238348475187e-07,0,0,0,0,0,0,0,0,0,0,0,0,0.00864138262121939,0,0,0,0,0,0,0,0,0,0,0,0,0,0,0,0,0,0,0.0103626943005181,0,0,0,0,0,0,0,0,0,0,0,8.74783491085956e-05,0,0,0,0,0,0,0,0.000101224820325944,0,0.00271517784414879,0,0,0,0,0,0,0,0,4.59833540258426e-05,0,0,0,0,0,0,0,0,0,0,0,0,0,0,0,0,0,0,0,0,0,0,0,0,0,0,0,0,0,0,0,0,0,0,0,0,0,0,0,0,0,0,0,0,0,0,0,0,0,0,0,0,0,0,0,0,0,0,0,0,0,0.00262859829461672,0,0,0,0,0,0,0,0,0,0,0,0,0,0,0,0,0,1.19198603945951e-06,0,0,0,0,0,0,0,0,0,0,2.18585923940842e-05,0,0,0,0,0.000241138172172655,0,0,0.00475059382422803,0,0,0,0,0,0,0,0,0,0,0,0,0,0,0,0,0,0,0,0,0,0,0,0,0,0,0,0,0,0,0,0,0,0,0,0,0,0,0,0,0,0,0,0,0,0,0,0,0,0,0,0,0,0,0,0,0,0,0,0,0,0,0,0,0,0,0,0,0,0,0,0.000321440051430408,0,0,0,0,0,0,0,0,0,0,0,0,0,0,0,0,0,0,0,0,0,0,0,0,0,0,0,0,0,0,0,0,0,0,0,0,0,0,0,0,0,0,0,0,0,0,0,0,0,0,0,0,0,0,0,0,0,0,0,0,0,0,0,0,0,0,0,0,0,0,0,0,0,0,0,0,0,0,0,0,0,0,0,0,0,0,0,0,0,0,0,0,0,0,0,0,0,0,0,0,0,0,0,0,0,0,0,4.78973081712808e-05,0,0,0,0,0,0,0,0,0,0,0,0,0,0,0,0,0,0,0,0,0,0,0,0,0,0,0,0,0,0,0,0,0,2.18804017241757e-05,0,0,0,3.81679389312977e-07
0,0,0,0,0,0,0,0,0,0,0,0,0,0,0,0,0,0,0,0,0,0,0,0,0,0,0.971523493118178,0,0,0,0,0,0,0,0,0,0,0,0,0,0,0,0,0,0,0,0,6.73241996835763e-05,0,0,0,0,0,0,0,0,0,0,0,0,0,0,0,0,0,0,0,0,0,0,0,0,0,0,0,0,0,0,0,0,0,0,0,0,0,0,0,0,0,0,0,0,0,0,0,0,0,0,0,0,0,0,0.000628009210801758,0,0,0,0,0,0,0,0,0,0,0,0,0,0,0,0,0.000185082361650935,0,0,0,0,0,0,0,0.000558347292015634,0,0,0,0,0,0,0,0,0,0,0,0,0,0,0,0,0,0,0,0,0,0,0,0,0,0,0,0,0.000457847506257249,0,0,0,0,0,0,0,0,0,0,0,0,0,0.00229084140695843,0,0,0,0,9.12436509626205e-05,0,0,0,5.70320520132314e-05,0,0,0,0,0,0,0,0,0,0,0,5.07572988995818e-06,0,0,0,0,0,0,0,0,0,0,0,0,0,0,0,0,0,0,0,0,0,0,0,0,0,0,0,0,0,0,0,0,0,0,0,0,0,0,0,0,0,0,0,0,0,0,0,0,0,0,0,0,0,0,0,0,0,0,0,0,0,0,0,0,0,4.18616722900846e-06,0,0,0,0,0,0,0,0,0,0,0,0,0,0,0,0,0,0,0,0,0,0,0,0,0,0,0,0,0,0,0,0,0,0,0,0,0,0,0,0,0,0,0,0,0,0,0,0,0,0,0,0,0,0,0,0,0,0,0,0,0,0,0,0,0,0,0,0,0,0,0,0,0,4.59833540258426e-05,0,0,0,0,0,0,0,0,0.000442184390891002,0,0,0,0,0,0.000244319569997557,0,0,0,0,0,0,0,0,0,0,0,0,0,0,0,0,0,0.000300571085061617,0,0,0,0,0,0,0,0,0,0,0,0,0,0,0,0,0,0,0,0,0,0,0,0,0,0,0,0,0,0,0,0,0,0,0,0,0,0,0,0,0,0,0,0,0,0,0,0,0,0,0,0,0,0,0,0,2.43593491181916e-05,8.74343695763368e-06,0,0,0,0,0,0,0,0,0,0,0,0,0,0,0,0,9.08512764604343e-05,0,0,0,0,0,0,0,0,0,0,0,0,0,0,0,0,0,0,0,0,0,0,0,0,0,0,0,0,0,0,0,0,0,0,0,0,0,0,0,0,0,0,0,0,0,0,0,0,0,0,0,0,0,0,0,0,0,0,0,0,0,0,0,0,0,0,0,0,0,0,0,0,0,0,0,0,0,0,0,0.00291864283108355,0,0,0,0,0,0,0,0,0,0,0,0,0,0,0,0,0.000334448160535117,0,0,0,0,0,0,0,0,0,0,0,0,0,0,0,0,0,0,0,0,0,0,0,0,0,0,0,0,0,0,0,0,0,0,0,0,0,0,0,0,0,0,0,0,0,0,0,0,0,0,0,0,0,0,0,0,0,0,0,0,0,0,0,0,0,0,0,0,0,0,0,0,0,0,0,0,0,0,0,0,0,2.25275963054742e-05,0,0,0,0,0,0,0,0,0,0,0,0,0,0,0,0,0.000104975855553223,0,0,0,0,0,0,0,0,2.18804017241757e-05,0,0,0,3.81679389312977e-07
0,0,0,3.89861858947979e-05,0,0,0,0,0,0,0,0,0,0,0,0,0,0,0,0,0,0,1.64152399087313e-05,0,0,0,0,0.978183355388913,0,3.3559299281831e-05,0,0,5.21469650466343e-05,0,0,0,0,0,0,0,0,1.54807148994141e-05,0,0,0,0,0,0,0,0,0,0,0,0,0,0,0,0,0,0,0,0,0,0,0,0,0,0,0,0,0,0,0,1.23718890884887e-05,0,0,0,0,0,0,0,0,0,0,4.23599579789217e-06,0,1.58105266486427e-05,0,0,0,0,1.97102591899083e-05,0,0,1.93440434854098e-05,2.01178908403243e-05,0,0,0,0,0,0,0,0,0,0,0,0,0,0,0,0,0,0,1.385148986625e-06,0,0,0.00126983022543835,0.000375677035352842,0,0,0,0,0,3.92958189248664e-05,0,0,0,0,1.10133371512902e-05,0,0,0,0,0,0,0,0,4.07697325505545e-05,0,0,0,0,0.00141570141570142,0,0,0,0,0,0,0.0100468854655057,0,0,0,0,0,0,0,0,0,0,0,5.34952456100464e-05,0,0,0,0,0,0,0,0,0,0,0,0,0,0,0,0,0,0,0,0,0,0,0,0,0,2.54039223656132e-05,0,0,0,0,3.45227574016792e-06,0,0,0,0,0,0,0,0,0,0,0,0,0.000166948392078299,0,0,0,0,0,0,0,0,0,0,0,0,0,0,0,0,0,0,0,0,0,0,0,2.10141425179146e-05,0.00381996346121907,0,0,0,0,0,0,0,0,0,0,0,0,0,0,0,0,0,0,0,0,0,0,0,0,0,0,0,0,0,0,2.65380103922849e-06,0,0,0,0,0,8.97810916613526e-07,0,0,0,0,0,0,0,0,0,0.000493493200760345,0,0,0,0,0,0,0,0,0,0,0,0,0.000392156862745098,0,0,0,0,0,0,0,0,0,0,0,0,0,0,0,0,0,0,0,0,0,0,0,0,0,0,0,0,0,0,0,0,0,5.62682871933378e-05,0,0.000579467533721791,0,0,0,0,1.45331938146727e-05,0,0,0,0,0,0,0,0,0,0,8.84642604387827e-05,4.09123453001943e-05,0,0,2.58431321876211e-05,0,0,0,0,0,0,0,0,0,0,0,0,0,0,0,0,0,0,0,0,0,0,0,0,0,0,0,0.000136850388312977,1.18576137738042e-05,0,0.00500649882058441,0,0,0,0,0,0,0,0,0,0,0,0,0,0,0,0,0,0.00010016819910099,0,0,0,0,0,0,0,0,0,0,0,0,0.000116329311662844,0,1.19198603945951e-06,0,0,0,0,0,0,0,0,0,0,0,0,0,0,6.01895617137739e-05,0,0,0,0,0,1.72474258216961e-05,0,0,0,0,0,0,0,0,0,0,0,0,0,0,0,0,0,0,0,0,0,0,0,0,0,0,0,0,0,0,0,0,0,0,0,0,0,0,0,0,0,0.000125092173180238,0,0,0,0,0,0,0,0,0,0,0,0,0,0,0,2.27128191151086e-05,0,0,0,0,3.26519950368968e-05,0,0,0,0,0,0,0,0,0,0,0,8.4712471752128e-05,0,0,0,0,0,0,0,7.94827264164815e-06,0,0.000123787910047452,0,0,0,0,0,0,9.54740525393711e-06,0,0,0,0,0,0,0,0,0,0,0,0,0,0,0,0,0,0,0,0,0,0,5.68685880666955e-06,0,0,0,0,0,0,0,0,0,0,0,0,0,5.01907247540654e-05,0,0,0,0,0,0,0,0,0,0,0,0,0,0,0,0,0,0,0,0,0,4.41580386765541e-06,0,0,0,0,0,0,0,0,0,0,4.15541242468315e-05,0,0,0,0,0,0,0.000104887770086008,0,0,0,0,0,0,0,0,0,0,0,0,0,0,0,0,0,0,0,0,0,1.91982798341269e-05,0,0,0,0,0,0,0,0,0,0,0,0,0,0,0,0,0,0,0,0,0,9.5831336847149e-08,0,0,0
0,0,0,4.33179843275533e-06,0,0.00118925795834831,2.86361462619806e-05,1.82360621776776e-05,0,0,0,0,0,0,0,0,0,0,0,0,1.26873498663599e-05,0,8.20761995436563e-06,0,0,0,0,0,0.954277253295333,0.000838982482045775,0,0,0,0,0,0,0,0,0,0,0,0,0,0,0.000100755667506297,0,0,0,0,0,0,0,0,0,0,0,0,0,0,0,1.13834927970949e-05,0,6.47295276686366e-06,0,0,0,0,0,0,0,0,0,0,2.47437781769774e-06,2.60413275868804e-05,0,0,0,0,0,0,0,0,0,0,0,0.000126484213189141,0,0,0,0,0,0,3.076232107865e-06,0,0,0,0,5.3981278022634e-05,0,0,0,0,0,0,2.15135499508774e-05,0,0,0,0,0,1.21598287896106e-05,0,0,4.8480214531875e-05,0,0,0,0,0,0,0,0,0,3.92958189248664e-05,0.000272143584298995,0,0,0,1.10133371512902e-05,0,0,0,0,0,0,0,0,0,0,0,0,0,0,0,0,0,0,3.50274965848191e-05,0,0,0,0,0,0,1.62083748672939e-05,0,0,0,0,0,0,0,0,0,0,0,0,0,0,0,0,0,6.36516979090417e-05,0,0,0,0,0,0,0,0,0,0,0,0.000254478827361564,0,0,0,0,0,0,1.46131532992847e-05,3.45227574016792e-06,0,0,0,0,0,0,0,0,0,0,4.20698359276399e-06,0,0,0,0.000366107005414978,0,0,0.00013267026730919,0,1.46447191142874e-05,0,0,0,0,0,0,0,0,0,0,0,0,0.00010980345182124,0,0,0,2.10141425179146e-05,0,0,0.000413223140495868,8.08812824536146e-06,0,0,0,0,0,0,0,0,0,0,0,0,0,9.19286633572348e-05,0,0,0,0,0,0,0,0,0,0,0,0,0,0,0,0.00029806259314456,0,0,0,5.90106629737799e-05,0,0,0,0,0,0,0,0,0,0,2.48251379346726e-05,0,0,0,0,0,4.10515772015961e-05,0,0,0,0,0,0,0,0,0,1.12731945978851e-05,0,0,0,3.18025696476275e-05,0,0,0,0,0,0,0,0,0,0,0,0,0,1.20235661897319e-05,0,0,0,0,0,0,0,0.00014682131845544,0,0,0,0,0,0,0,0,0,0,0,0,0,0,0,0,0,0,0,1.80863777576509e-05,8.02536013803619e-06,0,2.04561726500972e-05,0,0,1.03372528750485e-05,0,0,0,0,0,0,0,0,0,0,0,0,0,0,1.67156993848623e-05,0,0,0,0,0,0,0.000194628260023355,0,0,0,0,0,0,1.18576137738042e-05,0,0,0,0,0,0,0,0,0,0,0,0,0,0,0,0,0,0,0,0,0,0,0,0,0,0,0,0,0,0,0,1.46130465279401e-05,0,0,1.31118464340546e-05,0,0,0,0,0,0,0,0,0,0,0,0,5.34670405398983e-05,0,0,0,0,0,0,0,5.74914194056537e-06,0,0,0,0,0,0,0,0,0,0,0,0,0,0,0,0,0,0,0,0,0,0,0,0,0,0.000560119492158327,0,0,0,0,0,2.53556124648191e-05,0.000151676020021235,0,0,0,0,0,0,0,0,0,0,0,0,0.00545429198759279,0.000161952062189592,0,0,0,0,0,3.5272124440055e-05,6.00114021664116e-05,0,0,0,0,0,0,0,0,1.63259975184484e-05,0,0,0,0,3.12052399838981e-06,0,0,0,0,0,0.000454407755225689,3.32205771576973e-06,0,0,0,0,2.73374922771584e-06,2.11931757973932e-05,0,3.97413632082408e-06,0.000628025174837723,0,0,0,0,0,0,0,0,4.47147200858523e-05,0,0,0,0,0.000155400155400155,0,0,0,0.00310122673742857,0,0,0,0,0,5.83464612871229e-05,0,0,0,4.98843929194093e-06,0,0,5.68685880666955e-06,0,0,0,0,0,0,0,0,0,5.66204780827277e-05,0,4.61562249746718e-06,0,0,0,0,0,0,0,0,0,0,0,0,0,0,0,0,0,0,9.43654396014004e-06,0,0,0,0,4.41580386765541e-06,0,0,0,0,0,0,0,0,0,0,0,8.21247310415058e-06,0.000836727857527143,0,2.19741583897337e-05,0,0,0.0012586532410321,0,0,0,0,0,0,0,0,0,0,0.000274393590165734,0,0,9.20301859009755e-05,0,0,0,0,0,0,0,9.59913991706343e-05,0,0,0,0,0.000223888951080264,0,0,0,0,0,0,0,0,0,7.65081672468536e-06,0,0,0,2.46848566632656e-05,0,0,9.5831336847149e-08,1.21506682867558e-07,0,0
0,0,0,0,0,0.00058080039826313,4.2954219392971e-06,1.09416373066066e-05,0,0,0,0,0,0,0,0,0,0,0,0,2.11455831105999e-06,0,0,0,0,0,0,0,0.000289454934093338,0.949996644070072,0,0,0,0,0,0,0,0,0,0,0,0,0,0,0,0,0,0,0,0,0,0,0,0,0,0,0,0,0,0,0,0,0,0,0,0,0,0,0,0,0,0,0,0,0,0,0,0,0,0,0,0,0,0,0,0,0,0,0,0,0,1.97102591899083e-05,0,9.22869632359501e-06,0,0,0,0,3.81044315453887e-05,0,0,0,0,0,0,0,0,0,0,0,0,1.21598287896106e-05,0,0,0.0001274337067695,0,0,0,3.26675682915515e-06,0,0,0,0,0,0,7.72753387515665e-05,0,0,0,4.40533486051609e-05,0,0,0,0,0,0,0,0,4.07697325505545e-05,0,0,0,0,0,0,0,0,0,0,0,0,0,0,0,0,8.10418743364697e-06,0,0,0,0,0,0,0,0,0,0,0,0,0,0,0,0,0,0.00011669477949991,0,0,0,0,0,0,0,0,0,0,0,5.08957654723127e-05,0,0,0,0,0,0,1.09598649744635e-05,0,0,0,0,0,0,0,0,0,0,0,4.20698359276399e-06,0,0,0,7.66270476449954e-05,1.63942488974868e-05,0,0.00133526204517637,0,0,0,0,0,0,0,0,0,0,0,0,0,0,0,0,0,0,7.00471417263819e-06,0,0,0,0,0,0,0,2.09762339269608e-05,0,0,0,0,0,0,0,0,0,9.19286633572348e-05,0,0.000158679784195493,0,0,0,0,0,0,0,0,0,0,0,0,0,7.45156482861401e-05,0,0,0,1.55892622793803e-05,0,0,0,0,0,0,0,0,0,0,0,0,0,0,0,0,8.21031544031922e-06,0,0.0034487422234244,0,0,0,0,0,0,0,4.50927783915406e-05,0,0,0,0,0,0,0,0,0,0,0,0,0,0,0,0,0,0,0,0,0,0,0,0,0,0.00014682131845544,0,0,0,0,0,0,0,0,0,0,0,0,0,0,0,0,0,0,0,8.34755896506964e-06,4.0126800690181e-06,0,0,0,0,0,0,0,0,0,0,0,0,0,0,0,0,0,0,0,0,0,0,0,0,0,0,0.000194628260023355,0,0,0,0,0,0,5.92880688690208e-06,0,0,0,0,0,0,0,0,0,0,0,0,0,0,0,0,0,0,0,4.17367496254127e-06,0,0,0,0,4.05794749015948e-05,8.00403403315271e-06,0,0,0,0,0,0,1.66184730946921e-05,0,1.66878045524331e-05,0,0,0,0,0,0,0,0,0,0,0,0,5.34670405398983e-05,0,0,0,0,0,0,0,1.72474258216961e-05,0,0,0,0,0,0,0,0,0,0,0,0,0,0,0,0,0,0,0,0,0,0,0,0,0,0.000280059746079164,0,0,0,0,0,0,0,0,0,0,0,0,0,0,0,0,0,0,0,0.00390339107099293,5.3984020729864e-05,0,0,0,0,0,0,3.00057010832058e-05,0,0,0,0,0,0,0,0,0,0,1.10308311731289e-05,0,0,6.24104799677962e-06,0,0,0,0,0,0.000151469251741896,0,0,0,0,0,2.73374922771584e-06,0,0,3.97413632082408e-06,0.000509148981029154,0,0,0,0,0,0,0,7.16055394045283e-06,0.000134144160257557,0,0,0,0,0,0,0,0,7.01146914549068e-05,0,0,0,0,0,0.000408425229009861,0,0,0,0,0,0,5.68685880666955e-06,0,0,0,0,0,0,0,0,0,3.08838971360333e-05,0,6.92343374620077e-06,0,0,0,0,0,0,0,0,0,0,0,0,0,0,0,0,0,0,4.71827198007002e-06,0,0,0,0,4.41580386765541e-06,0,0,0,0,0,0,0,0,0,0,0,0,4.56792504542548e-05,0,0,0,0,0,0,0,0,0,0,0,0,0,0,0,0.000109757436066293,0,0,0.000337444014970244,0,0,0,0,0,0,0,7.67931193365075e-05,0,0,0,0,0,0,0,0,0,0,0,0,0,1.44123369604381e-05,1.53016334493707e-05,0,0,0,4.93697133265313e-05,0,0,4.79156684235745e-08,6.68286755771567e-07,0,0
0,0,0,0,0,0,0,0,0,0,0,0,0,0,0,0,0,0,0,0,0,0,0,0,0,0,0,0,0,0,0.973455178416014,0,0,0,0,0,0,0,0,0,0,1.54807148994141e-05,0,0,0,0,0,0,0,0,0,0,0.00124798120687124,0,0,0,0,0,0,0,0,0,0,0,5.34616412723871e-05,0,0,0,0,0,0,0,0,0,0,0,0,0,0,0,0,0,0,0,0,0,0,0,0,0,0,0,0,0,0,0,0,0,0,0,0,0,0,0,0,0,0,0,0,0,0,0,0,0,0,0,0,0,0,0,0,0,0,0,0,0,0,0,0,0,0,0,0,0,0,0,0,0,0,0,0,0,0,0,0,0,0,0,0,0,0,0,0,0,0,0,0,0,0,0,0,0,1.33738114025116e-05,0,0,0,0,0,0,0,0,0,0,0,0,0,0,0,0,0,0,0,0,0,0,0,0,0,2.54039223656132e-05,0,0,0,0,0,0,0,0,0,0,0,0,0,0,0,0,0,0,0,0,0,0,0,0,0,0,0,0,0,0,0,0,0,0,9.49036727721363e-05,0,0,0,0,0,0,2.80188566905527e-05,1.38404473232575e-05,0,0,0,0,0,0,0,0,0,0,0,0,0,0,0,0,0,0,0,0,0,0,0,0,0,0,0,0,0,0,0,0,0,0,0,0,3.26476696950373e-07,0,0,0,0,0,0,0,0,0,9.13876297704343e-06,0,0,0,0,0,0,0,0,0,0,0,0,0,0,0,0,0,0,0,0,0,0,0,0,0,0,0,0,0,0,0,0,0,0,0,0,0,0,0,0,0,0,0,0,0,0,0,0,0,0,0,0,0,0,0,0.000328795949233905,0,0,0,4.1370864982045e-05,0,0,0,0,0,0,0,0,0,0,0,0,0,0,0,0,0,0,0,0,0,0,0,0,0,0,0,0,0,0,0,0,0,0,0,0,0,0.000391301254535537,0,0,0,0,0,0,0,0,0,0,0,0,0,0,0,0,0,0,0,0,0,0,0,0,0,0,0,0,0,0,0,0,0,0,0,0,0,0,0,0,0,0,0,0,0,0,0,0,0,3.5405624537514e-06,0,0,0,0,0,5.74914194056537e-06,0,0,0,0,0,0,0,0,0,0,0,0,0,0,0,0,0,0,0,0,0,0,0,0,0,0,0,0,0,0,0,0,0,0,0,0,0,0,0,0,0,0,0,0,0,0,0,0,0,0,0,0,0,0,0,0,0,0,0,0,0,0,0,2.43872698451408e-05,0,0,0,0,0,0,0,0,0,0,2.49154328682729e-06,0,0,0,0,0,0,0,0,0,0,0,0,0,0,0,0,2.38685131348428e-06,0,0,0,0,0,0,0,0,0,0,0,0,0,0,0,0,0,0,0,0,0,0,0,0,0,0,0,0,0,0.000622045284896741,0,0,0,0,0,0,0,0,0,0,0,0,0,0,0,0,0,0,0,0,0,0,0,0,0,0,0,0,0,0,0,0,0,0,0,0,0,0,0,0.000277027494978877,0,7.25067467527853e-07,0,0,0,0,0,0,0,0,0,0,0,0,0,0,0,0,0,0.000328245527654686,0,0,0,0,0,0,0,0,0,0,0,0,0,0,0,0,0,0,0,0,0,0,0,0,0,0,0,0,0,0,9.5831336847149e-08,0,0,0
0,0,0,0,0,0,0,0,0,0,0,0,0,0,0,0,0,0,0,0,0,0,0,0,0,0,0,0,0,0,0,0.983198787034381,1.48991328704669e-05,0,0,0,0,0,0,0,0,1.54807148994141e-05,0,0,0,0,0,0,0,0,0,0,0,0.000246609124537608,0,0,0,0,0,0,0,0,0,0,0,0,0,0,0,0,0,0,0,1.97950225415819e-05,0,0,0,0,0,0,0,0,0,0,4.23599579789217e-06,0,0,0,0,0,0,9.85512959495417e-06,0,0,9.67202174270488e-06,0,0,0,0,0,0,0,0,0,0,7.17118331695913e-06,0,0,0,0,0,0,0,0,0,0,0,0,2.28672978040861e-05,0.000185082361650935,0,0,0,0,0,0,0,0,0,1.10133371512902e-05,0,0,0,0,1.29428057414286e-05,0,0,0,0.000163078930202218,0,0,0,0,0,0,0,0,0,0,0,0,0,0,0,8.11095790412848e-05,0,0,0,0,0,0,0,1.33738114025116e-05,0,0,0,0,0,0,0,0,0,0,0,0,0,0,0,0,0,0,0,0,0,0,0,0,0,0,0.000164609053497942,0,0,0,0,0,0,0,0,1.82575038340758e-05,0,0,0,0,0,0,8.06148223786747e-05,0,0,0,0,0,0,0,0,0,0,0,0.000225402907697509,0,0,0,0,0,0,0,0,0,0,0,0,0,0,0,0,8.08812824536146e-06,0,0,0,2.09762339269608e-05,0,2.75444153697838e-05,0,0,0,0,0,0.0004004004004004,0,0,0,0,0,0,0,0,0,0,0,0,0.00187255603899323,0,0,2.91918114315134e-05,0,0,0,0,0,4.08095871187966e-07,0,0,0,9.57982871266262e-06,0,0,0,0,0,9.13876297704343e-06,0,0,0,0,0,0,0,0,0,0,0,0,3.5650623885918e-05,0,0.000274876305662452,0,0,6.70106546940964e-05,0,0.000142938822184105,0,0,0,0,0,0,0,0,0,0,0,0,0,0,0,0,0,0,0,0,2.17074658487294e-06,0,0,0,0,0,0,0.000504866350657729,1.07308802541072e-05,0.000132520540683806,0,0,0,2.42219896911212e-05,0,0,0,0.000232941990788808,0,8.27417299640901e-06,3.89574973703689e-05,0,0,0,0,0,0,0,3.61803850626696e-05,0,0,0,0,0,0,7.94817788022096e-06,0,0,0,0,0,3.85104170678168e-05,0,0,0,0,0,0,0,0,0,0,0,0,0,0,0,0,2.25326723749437e-05,0,0,0,0,1.36521566994546e-05,0.000113430127041742,0,0,4.95123038074962e-05,0,0,0,0,0,0,0,0,0,1.25210248876238e-05,0,0,0,0,0,0,0,0,0,8.8073135932078e-06,0,0,3.32369461893841e-05,0,0,0,0,0,0,0,0,0,0,0,0,0,0,0,4.00978387264926e-05,3.5405624537514e-06,0,0,0,0,0,0,0,0,0,0,8.97182845863987e-05,0,0,0,0,0,0,0,0,1.66575050388953e-05,6.52656311186529e-05,0,0.000387356678029129,0,0.00022144715717212,0,0,0,0,0,0,0,0,0,0,0,0,0,0,0,0,0,0,0,0,0,0,0,0,0,0,0,5.3984020729864e-05,0,0,0,0,6.42577162807634e-05,0,0,0,0,0,2.27128191151086e-05,0,0,0.000125109470786939,0,0,2.43872698451408e-05,1.10308311731289e-05,0,0,0,0,0,0,0,0,0,3.32205771576973e-06,0,0,0,0,0,0,0,3.97413632082408e-06,0,0,0.00589410589410589,0,0,0,0,0,4.77370262696856e-06,0,1.30874635186954e-05,0,0,0,0,0,0.0009518579535054,0,0,0,0,0,0,0,0,0,0,0,0,0,0,0,0,0,0,0,0,0,0,0,1.18133490844654e-05,0,0,0,0,0,0,0,0,0,0,0,0.000142433910665451,0,0,0,0,0,0,2.44176393026322e-05,0,0,0,0,0,0,0,1.4719346225518e-06,0,0,0,0,0,0,0,0,0,0,0,0,1.45013493505571e-06,0,0,0,0,0,0.000302594749981088,0,0,0,0,0,0,0,0,0,0,0,0,0,0,0,2.25275963054742e-05,0,0.000154772345753483,0,0,0,0,0,0,0,0,0,0,0,0,0,1.57711293705742e-05,0,0,0,0,0,0,0,0,0,0,4.79156684235745e-08,0,0,0
0,0,0,8.66359686551065e-06,0,2.76571618220538e-05,1.43180731309903e-06,3.64721243553552e-06,0,0,0,0,0,0,0,0,0,0,0,0,0,0.00012531328320802,0,0,4.4992351300279e-05,0,0,0.000165416850463167,0,3.3559299281831e-05,0,8.19571364176536e-05,0.991879972585596,0,0,0,0,0,0,0,2.21695080586162e-05,7.74035744970703e-06,0,0,0,0,0,0,0,0,0,0,0,0.000246609124537608,0,0,0,0,0,0,5.69174639854747e-06,0,0,0,0,0,0,0,0,0,0,0,0,7.42313345309322e-05,1.30206637934402e-05,0,0,0,0,0,0,0,0,0.000260756192959583,1.27079873936765e-05,0.000195903829029386,0,0,0,0,0,9.85512959495417e-06,0,9.22869632359501e-06,0.00142178719617762,0,0,2.04294265459969e-05,6.35073859089812e-06,8.2060035121695e-06,0,0,0,0,0,0,0,0,0,0,0,0,0,0,1.385148986625e-06,0,0,3.47898691900918e-05,0.000444278928765101,0,0.000177935943060498,0,0,0,0,3.35979733702463e-06,0,0,0,5.50666857564511e-05,0,0,5.93154991399253e-05,0,0,0,0,0,0.00358773646444879,0,0,0,3.63993739307684e-05,0,0,0,0,0,0,0,6.69792364367046e-05,0,0,0,0,0,0,0,0,0,0,0.000297419882519146,1.33738114025116e-05,0,0,0,2.46889196128777e-05,0,0,0,0,0,0,1.06086163181736e-05,0,0,0,0,0,0,0,0,0,0,0,5.08957654723127e-05,0,0,0,0,0,0,0,0,0,0,0,0,1.82575038340758e-05,0,0,0,0,0,0,0,0,0,0,1.63942488974868e-05,0,0,0,0,0,0,0,0,0,0,0,0,0,0,0.000170881749829118,0,0,0,0,0,2.10141425179146e-05,6.92022366162874e-05,0,0,0,0,0,0,0,0,5.50888307395676e-05,0,0,0,0,0,0.0002002002002002,0,0,0,0,0,0,0,0,0,0,0,0,5.50751776174478e-05,2.91027618520998e-05,0,0,0,0,0,0,0,3.01990944679095e-06,0,0,1.70625898451997e-05,0,0,0,0,0,0,3.65550519081737e-05,6.20628448366816e-06,0,0,0,0,0,8.21031544031922e-06,0,0,0,0,0,0.0025668449197861,0,0,0,2.25463891957703e-05,0,0,0,0,0,0,0,0,2.19271798357654e-05,0,0,0,0,0.000181028240405503,0,0,0,0,0,0,0,0,0,2.17074658487294e-06,0,0,0,0,0,0,5.60962611841921e-05,0.000225348485336252,0.000795123244102836,0,0,0,0.000726659690733636,0.000362884203650615,0,0,6.6554854511088e-06,0,0,0,0,2.78251965502321e-06,1.20380402070543e-05,0.000176928520877565,0,0,0,7.23607701253392e-05,0,0,0,0,0,0,2.38445336406629e-05,0,0,0,0,0,0,0,0,0,0,0,0,0,0,0,0,0,0,0,0,0.000102637791234733,1.77864206607062e-05,4.50653447498873e-05,0.000481394117363886,0,0,0,1.36521566994546e-05,0,0,0,0,0,0,0,0,0,6.69030574697264e-05,0,0,0,9.59945241384491e-05,0,0,0,0,0,0,0,0,0,8.8073135932078e-06,0,0,0.000116329311662844,0,3.57595811837852e-06,0,0,0,0,0,0,0,0,0,0,0,0,0,4.00978387264926e-05,3.5405624537514e-05,0,0,0,0,0,0,9.82163903512218e-06,0,6.5720294426919e-05,0,8.97182845863987e-05,0.00199866755496336,0,0,4.71253534401508e-05,0,0,0,0,0,0.000391593786711917,0,7.74713356058258e-05,0,2.7680894646515e-05,0,0,2.58077836275421e-05,0,0,0,0,0,0,0,0,0,0,0,0,0,0,0,0,0,0,0,0.000158011166122406,0,0,0,0,0,0,0,0,0,0,0,0,0,0,0,4.54256382302171e-05,0,0,0,2.90338970748349e-05,1.63259975184484e-05,0,0,0,0,6.24104799677962e-06,0,0,0,0,0,0,3.6542634873467e-05,0,0,0,0,0,0,0,3.97413632082408e-06,2.24294705299187e-06,0.000247575820094904,0,0,0,0,0,0,1.19342565674214e-05,0,0.00045806122315434,0,0,0,0,0,0,0,0,0,0,0,0,0,0,0,0,0,0,0,0,0,0,0,0,0,0,0,0,0,0,0,0,0,0,0,0,0,5.67730214602021e-05,0,0,0,5.69735642661805e-05,0,0,0,0,0,8.50051003060184e-05,0,0,0,2.35913599003501e-06,0,0,0,0,5.88773849020722e-06,0,0,0,0,0,0,0,3.04766548823601e-05,0,0,1.38513747489438e-05,8.21247310415058e-06,4.35040480516712e-06,0,0,0,0,0,0,0,0,0,0,0,0,0,0,0,5.48787180331467e-05,4.79938567863313e-05,0,0,0,0,0,0,2.38111301159205e-05,0,0,0,0,0,0,0,5.5972237770066e-05,0,0,0,0,0,0,0,0,0,0,0,0,0,0,0,0,4.31241015812171e-07,0,0,0
0,0,0,0,0,0,0,0,0,0,0,0,0,0.000735654732712114,0,0,0,0,0,0,0,0,0,0,0,0,0,0,0,0,0,0,0,0.971183800623053,0,0,0,0,0,0,0,0,0,0,0,0,0,0,0,0,0,0,0,0,0,0,0,0,0,0,0,0,0,0,0,0,0,0,0,0,0,0,0,0,0,0,0,0,0,0,0,0,0,0,0,0,0,0,0,0,0,0,0,0,0,0,0,0,0,0,0,0,0,0,0,0,0,0,0,0,0,0,0,0,0,0,0,0,0,0,0,0,0,0.000647249190938511,0,0,0,0,0,0,0,0,0,0,0,0,0,0,0,0,0,0,0,0,0,0,0,0,0,0,0,0,0,0,0,0,0,0,0,0,0,0,0,0,0,0,0,0,0,0,0,0,0,0,0,0,0,0,0,0,0,0,0,0,0,0,0,0,0,0,0,0,0,0,0,0,0,0,0,0.000260688216892596,0.00010972130787799,0,0,0,0,0,0,0,0,0,0,0,0,0,0,0,0,0,0,0,0,0,0,0,0,0,0,0,0,0,0,0,0,0,0,0.000432152117545376,0,0.00213802114265352,0,0,0,0,0,0,0,0.000472813238770686,0,0,0,0,0,0,0,0,0,0,0,0,0,0,0,0,0,0,0,0,0,0,0,0,0,0,0,0,0,0,0,0,0,0,0,0,0,0,0,0,0,0,0,0,0,0,0,0,0,0,0,0,0,0,0,0,0,0,0,0,0,0,0,0,0,0,0,0,0,0,0,0,0,2.17074658487294e-06,0,0,0,0,0,0,0,0,0,0,0,0,4.84439793822424e-06,0,0,0,0,0,0,0,0,0,0,0,0,0,0,0,0,0,0,0,0,0,0,0,0,0,0,0,0,0,0,0,0,0,0.000172205958326158,0,0,0,0,0,0,0,0,0,0,0,0,0,0,0,0,0,0,0,0,0,0,0,0,0,0,0,0,0,0,0,0,0,0,0,0,0,0,0,0,0.000101818478017391,0,0,0,0,0,0,0,0,0,0,0.000270416441319632,0,0,0,0,0,0,0,0,0,0,0,0,0,0,0,0,0,0,0,0,0,0,0,0,0,0,0,0,0,0,0,0,0,0,0,0,0,0,0,0,0,0,0,0,0,0,0,0,0,0,0,0,2.47328848436882e-05,0,0,0,0,0,0,0,0,0,0,0,0,0,0,0,0,0,0,0,0,0,0,0,0,0,0,0,0,0,0,0,0,0,0,0,0,0,0,0.000472813238770686,0,0,0,0,0,0,0,0,0,0,0,0,0,0,0,0,0,0.000332773887377742,0,0,0,0,0,0,0,0,0,0,0,0,0,0,0,0,0,0,0,0,0,0,0,0,0,0,0,0,0,0,0,0,0,0,0,0,0,0.00520291363163371,0,0,0,0,0,0,0,0,0,0,0,0,0,0,0,0,0,0,0,0,0,0,0,0,0,0.000276014352746343,0,0,0,0,0,0,0,0,0,0,0,0,0,0,0,0,0,0,0,0,0,0,0,0,0,0,0,3.96852168598675e-06,0,0,0,0,0,0,0,0,0,0,0,0,0,0,0,0,0,0,0,0,0,0,0,0,0,0,0,0
0,0,0,0,0,0,0,0,0,0,0,0,0,0,0,0,0,0,0,0,0,0,0,0,0,0,0,0,0,0,0,0,0,0,0.977032898820608,0,0,0,0,0,0,0,0,0,0,0,0,0,0,0,0.000220215811495265,0,0,0,0,0,0,0,0,0,0,0,0,0,0,0,0,0,0,0,0,0,0,0,0,0,0,0,0,0,0,0,0,0,0,0,0,0.000130446125750065,0,0,0,0,0,0,0,0,0,0,0,0,0,0,0,0,0,0,0,0,0,0,0,0,0,0,0,0,0,0,0,0,0,0,0.000835421888053467,0,0,0,0,0,0,0,0,0,0,0,0,0,0,0,0,0,0,0,0,0,0,0,0,0,0,0,0,0,0,0,0,0,0,0,0,0,0,0,0,0,0,0.000699463744462579,0,0,0,0,0,0,0,0,0,0,0,0,0,0,0,0,0,0,0,0,0,0,0,0,0,0,0,0,0,0,0,0,0,0,0,0,0,0,0,0,0,0,0,0,0,0,0,0,0,0,0,0,0,0,0,0,0,0,0,0,0,0,0,0,0,0,0,0,0,0,0,0,2.09762339269608e-05,0,0,0,0,0,0,0,0,0,0,0,0,0,0,0,0,0,0,4.18616722900846e-05,0,0,0,0,0,0,0,0,0,0.000153491941673062,0,0,0,0,0,0,0,0,0,0,0,0,0,0,0,0,0,0,0,0,0,0,0,0,0,0,0,0,0,0,0,0,0,0,0,0,0,0,0,0,0,0,0,0,0,0,0,0,0,0,0,0,0,0,0,0,0,0,0,0,0,0,0,0,0,0,0,0,0,0,0,0,0,0,0,0,0,0,0,0,0,0,0,0,0,0,0,0,0,0,0,0,0,0,0,0,0,0,0,0,0,0,0.000458155161881491,0,0,0,0,0,0,0,0,0,0,0,0,0,0,0,0,0,0,0,0,0,0,0,0,0,0,0,0,0,0,0,0,0,0,0,1.76146271864156e-05,0,0,0,0,0,0,0,0,0,0,0,0,0,0,0,0,0,0,0,0,0,0,0,0,0,0,0,0,0,0,0,0,0,0,0,0,0,0,0,0,0,0,0,0,0,0,0,0,0,5.36826283014816e-05,0,0,0,0,0,0,0,0,0,0,0,0,0,0,0,0,0,0,0,0,0,0,0,0,0,0,0,0,0,0,0,0,0,0,0,0,0,0,0,0,0,0,0,0,0,0,0,0,0.00100704934541793,0,0,0,0,0,0,0,0,0,0,0,0,0,0,0.00230125523012552,0,0,0,0,0,0,0,0,0,0,0,0,0,0,0,0,0,0,0,0,0,0,0,0,0,0,0,0,0,0,0,0,0,0,0,0,0,0,0,0,0,0,0,0,0,0,0,0,0,0,0,0,0,0,0,0,0,0,0,0,0,0,0,0,0,0,0,0,0,0,0,0,0,0,0,0,0,0,0,0,0,0,0,0,0,0,0,0,0,0,0,0,0,0,0,0,0.00392670157068063,0.000112637981527371,0,0,0,0,0,0,0,0,0,0,0,0,0,0,0,0,0,0,0,0,0,0,0,0,0,0,0,0,0,0
0,0,0,0,0,0,0,0,0,0,0,0,0,0,0,0,0,0,0,0,0,0,0,0,0,0,0,0,0,0,0,0,0,0,0,0.970433475319469,0,0,0,0,0,0,0,0,0,0,0,3.36620998417881e-05,0,0,0,0,0,0,0,0,0,0,0,0,0,0,0,0,0,0,0,0,0,0,0,0,0,0,0,0,0,0,0,0,0,0,0,0,0,0,0,0,0,0,0,0,0,0,0,0,0,0,0,0,0,0,0,0,0,0,0,0,0,0,0,0,0,0,0,0,0,0,0,0,0,0,0,0,0,0,0,0,0,0,0,0,0,0,0,0,0,0,0,0,0,0,0,0,0,0,0,0,0,0,0,0,0,0,0,0,0,0,0,0,0,0,0,0,0,0,0,0,0,0,4.77258626449673e-05,0,0,0,0,0.0010340947109097,0,0,0,0.000712900650165393,4.83582378258136e-05,0,0,0,0,0,0,0,0,0,0,0,0,0,0,0,0,0,0,0,0,0,0,0,0,0,0,0,0,0,0,0,0,0,0,0,0,0,0,0,0,0,0,0,0,0,0,0,0,0,0,0,0,0,0,0,0,0,0,0,0,0,0,0,0,0,0,0,0,0,0,0,0,0,0,0,0,8.37233445801693e-06,0,0,0,0,0,0,0,0,0.000411184210526316,0,0,0,0,0,0,0,0,0,0,0,0,0,0,0,0,0,0,0,0,0,3.77643504531722e-05,0,0,0,0,0,0,0,0,0,0,0,0,0,0,0,0,0,0,0,0,0,0.000113374400060466,0,0,0,0,0,0,0,0,0,0,0,0.00013575889220744,0,0,0,0,0,0,0,0,0.00197728422311123,0,0,0,0,0,0,0,0,0,0,0,0,0,0,0.000488639139995114,0,0,0,0,0,0,0,0,0,0,0,0,0,0,0,0,0,0,0,0,0,0,0,0,0,0,0,0,0,0,0,0,0,0,0,0,0,0,0,0,0.000244857982370225,0,0,0,0,0,2.13707178424123e-05,0,0,0,0,0,0,0,0,0,0,0,0,0,0,0,0,0,0,0,0,0,0,0,0,0,0,0,0,4.37171847881684e-06,0,0,0,0,0,0,0,0,0,0,0,0,0,0,0,0,4.54256382302171e-05,0,0,0,0,0,0,0,0,0,0,0,0,0,0,0,0,0,0,0,0,0,0,0,0,0,0,0,0,0,0,0,0,0,0,0,0,0,0,0,0,0,0,0,0,0,0,0,0,0,0,0,0,0,0,0,0,0,0,0,0,0,0,0,0,0,0,0,0,0,0,0,0,0,0,0,0,0,0,0,0.000273622765414082,0,0,0,0,0,0,0,0,0,0,0,0,0,0,0,0,0,0,0,0,0,0,0,0,0,0,0,0,0,0,0,0,0,0,0,0,0,0,0,0,0,0,0,0,0,0,0,0.000273224043715847,0,0,0,0,0,0,0,0,0,0,0,0,0,0,0,0,0,0,0,0,0,0,0,0,0,0,0,0,0,0,0,0.000238606537819136,0,0,0,0,0,0,0,0,0,0,0,0,0,0,0,0,0,0,0,0,0,0,0,0,0.000754716981132075,0,0,0,0,0,0,0,0,0,0,0,0,0,0,0,0,0,0,0,0,0,0,0,3.81679389312977e-07
0,0,0,0,0,0,0,0,0,0,0,0,0,0,0,0,0,0,0,0,0,0,0,0,0,0,0,0,0,0,0,0,0,0,0,0,0.985022335114303,0,0,0,0,0,0,0,0,0,0,0,0,0,0,0,0,0,0,0,0,0,0.00247908273938643,0,0,0,0,0,0,0,5.71559213534522e-05,6.55222120298781e-05,0,0,0,0,0,0,0,0,0,0,0,0,0,0,0,0,4.23599579789217e-06,0,0,0,0,0,0,0,0,0,0,0,0,0,0,9.02660386338645e-05,0,0,0,0,0,0,0,0,0,0.000118816586795517,0,0,0,0,0,0,0.00127084988085782,0,0,0,0,0,0,0,0,0,0,0,0,0,0,0,0,0,1.29428057414286e-05,0,0,0,0,0,0.000150659133709981,0,0,0,0.000864603147155456,0,0,0,0,0,0,0,0,0,0,0,0,0,0,0,0,0,0,0,0,0,0,0.000144833079875444,0,0,0,0,0,0,0,0,0,0,0,0,0,0,0,0,0,0,0,0,0,0,0,0,0,0,0,0,0,0,1.82575038340758e-05,0,0,0.000263047138047138,0,0,0,0,0,0,0,0,0,0,0,0,0,0,0,0,0,0,0,0,0,0,0,0,0,0,0,0,0,0,0,0,0,0,0,0,0,0,0,0,5.2468649981636e-05,0,0,0,0,0,0,8.19014234467395e-06,0,0,0,0,0,0,0,0,0,0,0,0,0,0,0,0,0,0,0,0,0,2.84376497419994e-06,0,0,0,0,0,0,0,0,0,0,0,0,0,0,0,0,0,0,0,0,0,0,0,0,0,0,0,0,0,0,0,0,0,0,0,0,0,0,0,0,0,0,0,0,0,0,0,4.34149316974587e-06,0,0,0,0,0,0,0,0,0,0,0,0,0,0,0,0,0,0,0,0,0,0,0,0,0,0,0,0,0,0,0,0,0,0,0,0,0,0.00113777410012412,0,0,0,0,0,0,0,0,0,0,0,0,0,0,0,0,0,0,0,0,0,0,0,0,0,0,0,0,0,0,0,0,0,0,0,0,0,0,0,0,0,0,0,0,0,0,0,0,0,0,0,0,0,0,0,0,0,0,0,0,0,0,0,0,0,0,0,0,0,0,0,0,0,0,0,0,0,0,0,0,0,0,0,0,0,0,0,0,0,0,0,0,0,0,0,0,0.000270981728089192,0,0,0,0,0,0,0,0,0,0,0,0,0,0,0,0,0,0,0,0,0,0,0,0,0,0,0,0,0,0,0,0,0.000128139415684264,0,0,0,0,0,0,0,0,0,0,0,0,0,0,0,0,0,0,0,0,0,0,0,0,0,0,0,0,0,0,0,0,0,0,0,0,0,0,0,0,0,0,0,0,0,0,0,0,0,0,0,0,0,0.000117308933075254,0,0,0,0.00351872871736663,0,0,0,0,0,0,0,0,0,0,0,0,0,0,0,0,0,0,0,0,0,0,0,0,0,0,0,0,0,0,0,0,0,0,0,0,0.000400320256204964,0,0,0,0,0,0,8.93814801573114e-05,0,3.04766548823601e-05,0,0,0,0,0,0,0,0,0,0,0,0,0,0.00107797340998922,0,0,0,0,0,0,0,0,0,0,0,0,0,0,0,0,0,0,0,0,0,0,0,0,0.000322997416020672,0,0,0,0,0,0,0,0,0,0,0,0,0,0,0,0,0,0
0,0,0,0,0,0,0,0,0,0,0,0,0,0,0,0,0,0,0,0,0,0,0,0,0,0,0,0,0,0,0,0,0,0,0,0,0,0.974423631123919,0,0,0,0,0,0,0,0,0,0,0,0,0,0,0,0,0,0,0,0,0,0,0,0,0,0,0,0,0,0,0,0.000995767986059248,0,0,0,0,0,0,0,0,0,0,0,0,0,0,0,0,0,0,0,0,0,0,0,0,0,0,0,0,0,0,0,0,0.000209336403600586,0,0,0,0,0,0,0,0,0,0,0,0,0,0,0,0,0,0,0,0,0,0,0,0,0,0,0,0,0,0,0,0,0,0,0,0,0,0,0,0,0,0,0,0,0,0,0,0,0,0,0,0,0,0,0,0,0,0,0,0,0,0,0,0,0,0,0,0,0,0,0,0,0,0,0,0,0,0,0,0,0,0,0,0,0,0,0,0,5.58330287895399e-05,0,0,0,0,0,0,0,0,0,0,0,0,0,0,0,0,0,0,0,0,0,0,0,0,0,0,0,0,0,0,0,0,0,0,0,0,0,0,0,0,0,0,7.27931542082531e-05,0,0,0,0,0,0,0,0,0,0,0,0,0,0,0,0,0,0,0,0,0,0,0,0,0,0,0,0,0,0,0,0,0,0,0,0,0,0,0,0,0,0,0,0,0,3.03591487294696e-05,0,0,0,0,0,0,0,0,0,0,0,0,0,0,0,0,0,0,0,0,0,0,0,0,0,0,0,0,0,0,0,0,0,0,0,0,0,0,4.34149316974587e-06,0,0,0,0,0,0,0,0,0,0,0,0,0,0,0,0,0,0,0,0,0,0,0,0,0,0,0,0,0,0,0,0,0,0,0,0,0,0,0,0,0,0,0,0,0,0,0,0,0,0,0,0,0,0,0,0,0,0,0,0,0,0,0,0,0,0,0,0,0,0,0,0,0,0,0,0,0,0,0,0,0,0,0,0,0,0,0,0,0,0,0,0,0,0,0,3.63279689032586e-05,0,0,0,0,0,0,0,0,0,0,0,0,0,0,0,0,0,0,0,0,0,0,0,0,0,0,0,0,0,0,0,0,0,0,0,0,0,0,0,0,0,0,0,0,0,0,0,0,0,0,0,0,0,0,0,0,0,0,0,0,0,0,0,0,0,0,0,0,0,0,0,0,0.00104444702332598,0,0,0,0,0,0,0,0,0,0,0,0,5.83294447036864e-05,0,0,0,0,0,0,0,0,0,0,0,0,0,0,0,0,0,9.12075884713608e-05,0,0,0,0,0,0,0,0,0,0,0,0,0,0,0,0,0.00351170568561873,0,0,0,0,0,0,0,0,0,0,0,0,0,0,0,0,0,0,0,0,0,0,0,0,0,0,0,0,0,0,0,0,0,0,0,0,0,0,0,0,0,0,0,0,0,0,0,0,0,0,0,0,0,0,0,0,0,0,0,0,0,0,0,0,0,0,0,0,0,0,0,0,0,0,0,0,0,0,0,0,0,0,0,0,0,0,0,0.000188679245283019,0,0,0,0,0,0,0,0,0,0,0,0,0,0,0,0,0,0,0,0,0,0,0,0
0,0,0,0,0,0,0,0,0,0,0,0,0,0,0,0,0,0,0,0,0,0,0,0,0,0,0,0,0,0,0,0,0,0,0,0,0,0,0.98036187113857,0,0,0,0,0,0,0,0,0,0,0,0,0,0,0,0,0,0,0,0,0,0,0,0,0,0,0,0,0,0,0,0,0,0,0,0,0,0,0,0,0,0,0,3.19693094629156e-05,0,0,0,0,0,0,0,0,0,0,0,0,0,0,0,0,0,0,0,0,0,0,0,0,0,0,0,0,0,0,0,0,0,0,0,0,0,0,0,0,0,0,0,0,0,0,0,0,0,0,0,0,0,0,0,0,0,0,0,0,0,0,0,0,0,0,0,0,0,0,0,0,0,0,0,0,0.00147621284305173,0,0,0,0,0,0,0,0,0,0,0,0,0,0,0,0,0,0,0,0,0,0,0,0,0,0,0,0,0,0,0,0,0,0,0,0,0,0,0,0,0,0,0,0,0,0,0,0,0,0,0,0,0,0,0,0.00129210095615471,0,0,0,0,0,0,0,0,0,0,0,0,0,0,0,0,0,0,0,0,0,0,0,0,0,0,0,0,0,0,0,0,0,0,0,0,0,0,0,0,0,0,0,0,0,0,2.65380103922849e-06,0,0,0,0,0,0,0,0,0,0,0,0,0,0,0,0,0,0,0,0,0,0,0,0,0,0,0,0,0,0,0.000549752611324904,0,0,0,0,0,0,0,0,0.000577242225268778,0,0,0,0,0,0,0,0,0,0,0,0,0,0,0,0,0,0,0,0,0,0,0,0,0,0,0,0,0,0,0,0,0,0,0,0,0,0,0,0,0,0,0,0,0,0,0,0,0,0,0,0,0,0,0,0,0,0,0,0,0,0,0,0,0,0,0,0,0,0,0,0,0,0,0,0,0,0,0,0,0,6.23596906959342e-05,0,0,0,0,0,0,0.000100075056292219,0,0,0,0,0,0,0,0,0,0,0,0,0,0,8.8073135932078e-06,0,0,0,0,0,0,0,0,0,0,0,0,0,0,0,0,0,0,0,0,0,0,0,0,0,0,0,0,0,0,0,0,0,0,0,0,0.000552995391705069,0,0,0,0,0,0,0,0,0,0,0,0,0,0,0,0,0,0,0,0,0,0,0,0,0,0,0,0,0,0,0,0,0,0,0,0,0,0,8.97021887334051e-05,0,0,0,0,0,0,0,0,0,0,0,0,0,0,7.72158182119023e-05,0,0,0,0,0,0,0,0,0,8.30514428942431e-07,0,0,0,0,0,0,0,0,0,0,0,0,0,0,0,0,0,0,0,0,0,0,0,0,0,0,0,0,0,0,0,0,0,0,0,0,0,0,0,0,0.000203128173877717,0,0,0,0,0,0,0,0,0,0,0,0,0,0,0,0,0.00021362956633198,0,0,0,0,0,0,0,0,0,0,0,0,0,0,0,0,0,0,0,8.07906713704791e-05,0,0,0,0,0,0,0,0,0,0,0,0,0,0,0,0,0,0,0,0,0,0,0,0,0,0,0,0,0,0,0,0,0,0,0,0,0,0,0,0,0,0,0,0,0,0,0,0,0,0,0,0,0,0,0,0,0,0,0,0,0,0,0
0,0,0,4.33179843275533e-06,0,0,0,0,0,0,0,0,0,0,0,0,0,0,0,0,0,0,0,0,0,0,0,0,0,0,0,0,0,0,0,0,0,0,0,0.953636627064619,0,0,0,0,0,0,0,0,0,0,0,0,0,0,0,0,0,0,0,0,0,0,0,0,0,0,0,0,0,0,0,0,0,0.000103923868343305,0,1.28183764244421e-05,0,0,0,0,0,0,0,0,0,0,0,0,0,0,0,0,0,0,0,0,0,0,0,0,0,0,0,0,0,0,0,0,0,0,0,0,0,0,0,0,0,0,0,0,0,0.000110180696342001,0,0,0,0,0,0,0,0,0,0,0,0,0,0,0,0,0,0,0,0,0,0,0,0,0,0,0,0,0,0,0,0,0,0,0,0,0,0,0,0,0,0,0,0,0,0,0,0,0,0,0,0,0,0,0,0,0,0,0,0,0,0,0,0,0,0,0,0,0,0,0,0,0,0,0,0,0,0,0,0,0,0,0,0,0,0,0,0,0,0,0,0,0,0,0,0,0,0,0,0,0,0,0,0,0,0,0,0,7.00471417263819e-06,0,0,0,0,0,0,0,2.09762339269608e-05,0,0,0,0,0,0,0,0,0,0,0,0,0,0,0,0,0,0,0,0,5.50751776174478e-05,0,0,2.65380103922849e-06,0,0,0,0,0,3.26476696950373e-07,0,0,0,0,0,0,0,0,0,9.13876297704343e-06,0,0,0,0,0,0,0,0,0,0,0,0,0,0,0,0,0,0,0,0,0,0,0,0,0,0,0,0,0,0,0,0,0,0,0,0,0,0,0,0,0,0,0,0,0,0,0,0.00417917145822231,0,0,0,0,0,0,0,0,0,0,0,0,0,0,0,0,0,0,0,0,1.03372528750485e-05,0,0,0,0,0,0,0,0,0,0,0,0,0,0,0,0,0,0,0,0,0,0,0,0,0,0,0,0,0,0,0,0,0,0,6.8260783497273e-06,0,0,0,0,0,0,0,0,0,0,0,0,0,0,0,0,0,0,0,0,0,0,0,0,0,0,0,0,0,0,0,0,0,0,0,0,0,0,0,0,0,0,0,3.5405624537514e-06,0,0,0,0,0,5.74914194056537e-06,0,0,0,0,0,0,0,0,0,0,0,0,0,0,0,0,7.74713356058258e-05,0,2.7680894646515e-05,0,0,0,0,0,0,0,0,0,0,0,0,1.26778062324095e-05,0,0,0,0,0,0,0,0,0,0,0,0,0,0,0,0,0,0,0,0,0,0,0,0,0,0,0,0,0,0,0,0,0,0,0,0,0,0,0,0,0,0,1.66102885788486e-06,0,0,0,0,0,0,0,0,0,0,0,0,0,0,0,0,0,0,0,0,0,0,0,0,0.000109829763866008,0,0,0,0,0,0,0,0,0,0,0,0,0,0,0,0,0,0,0,0,0,0,0,0,0,0,0,0,0,0,0.000161995788109509,0,0,0,0,0,0,0,0,0,0,0,0,0,0,0,0,0,0,0,1.4719346225518e-06,0,0,0,0,0,0,0,0,0,0,0,0,0,0,0,0,0,0,0,5.8173356602676e-05,0,0,0,0,0,0,0,0,0,0,0,0,0,0,0,0,3.96852168598675e-06,0,0,0,0,0,0,0,0,0,0,6.23208276205908e-05,0,0,0,0,0,0,0,0,0,0,0,0,0,0,0,0,0
0,0,0,0,0,0,0,0,0,0,0,0,0,0,0,0,0,0,0,0,0,0,0,0,4.4992351300279e-05,0,0,0,0,0,0,0,7.44956643523347e-06,0,0,0,0,0,0,0,0.977874830957501,0,0,0,0,0,0,0,0,0,0,0,0,0,0,0,0,0,0,0,0,0,0,0,0,0,0,0,0,0,0,0,0,4.94875563539548e-06,0,0,0,0,0,0,0,0,0,0,0,1.78094390026714e-05,0,0,0,0,0,0,0,0,0,0,0,0,0,0,0,0,0,0,0,0,7.48036404438349e-05,0,0,0,0,0,0,0,0,0,0.000158856235107228,0,3.26675682915515e-06,0,0,0,0,0,0,0,0,0,0,1.10133371512902e-05,1.12384805574286e-05,0,0,0,2.58856114828573e-05,0,0,0,4.07697325505545e-05,0,0,0,0,0,0,0,0,0,0,0,0,0,0,0,0,0,0,0,0,0,0,3.71774853148933e-05,0,0,0.000458592884167081,0,0,0,0,0,0,0,0,0,0,0,0,0,0,0,0,0,0,0,0,0,0,0,0,0,0,0,0,0,0,3.85445575084798e-05,0,0,5.47725115022274e-05,0,0,0,0,0,0,0,0,0,0,0,7.53579502637528e-05,0,0,0,0,0,0.000396353547364249,0,0,0,0,0,0,0,0,0,0,0,5.03537349882928e-05,0,0,0,0,0,0,0,0,0,0,0,0,0,0,0,0.0033419724457782,0,0,0,0,8.19014234467395e-06,0,0,0,0,0,0,0,4.18616722900846e-06,0,0,0,0,0,0,0,0,0,0,2.4485752271278e-07,0,0,0.00108063069019598,0,1.13254451607789e-05,0,0,0,0,0,0,0,0,0,0,0,0,0,0,0,0,0,0,0,0,0,0,0,0,0,0,0,0,0,0,0,0,0,0,0,0,0,0,0,0,0,0,0,0,0,2.17074658487294e-06,0,0,0,8.11293201362973e-05,0,0,0,0,0,0,0,0,0,3.62884203650615e-05,0,0.000101337657073368,0,0,0,0,0,0,0,0,0,5.26731630234396e-05,0,0,0,0,0.000226834524214585,0,0,0,8.74299566824305e-05,0,0,0.000103434009102193,0,0,0,0,0,0,0,0,0,0,0,0,0,0,0,0,0,0,0,0.000270392068499324,0,0,0,0,6.8260783497273e-06,0,0,0,0,0,0,0,0,0,6.69030574697264e-05,0,0,0,4.17367496254127e-06,0,0,0,0,0,0,0,0,0,0,0,0,0,0,0,0,0,0,0,0,0,0,0,0,0,0,0,0,0.000681663258350375,0,0,0,0,0,0,0,0,0,0,0,0,0,0,0,0,0,0,0,0,1.66575050388953e-05,0.000261062524474612,0,0,0,0,0,0,0,0,0,0,0,0,0,0,0,0,0,0,0,0,0,0,0,0,0,0,0,0,0,0,0,0,0,0,0,0,0,0,0,0,0,0,6.81384573453257e-05,0,0,0,5.80677941496697e-05,0,0,0,0,6.00468365324953e-05,0,0,0,0,0,0,0,1.66102885788486e-06,0,0,0,0,0,0,0.0018536826495304,0,0,0,0,0,0,0,0,0,0,0,0,0,0,0,0,0,0,0,0,0.000223164472216023,0,0.00888265544647031,0,0,0,0,0,0,0,0.000113507377979569,0,0,0,0,0,0,0,0,0,0,0,0,0,0,0,0,0,0,0,0,0,0,2.84867821330902e-05,0,0,0,0,0,0.000680040802448147,0,0,0,0,0,0,0,0,0,0,0,0,0,0.000139560848529959,0,0,9.14299646470803e-05,0,0,0,0,0,0,0,0,0,0,0,0,0,0,0,0,0,0,0,0,0,0,0,0,0,0,0,0,3.96852168598675e-06,0,0,0,0,0,0,0,0,0,0,0,0,0,0,0,0,0,0,0,0,0,0,0,0,4.79156684235745e-08,0,0,0
0,0,0,0.000502488618199618,0,2.76571618220538e-05,1.71816877571884e-05,2.55304870487486e-05,0,0,0,0,0,0,0,0,0,0,0,2.52816800519117e-05,4.22911662211997e-06,0,1.64152399087313e-05,0,0,0,0,3.6759300102926e-05,0,3.3559299281831e-05,0.00159559036843632,0,2.97982657409339e-05,0,0,0,0,0,0,0,0,0.959107691593198,0,0,0,0,0,0,0,0,0,0,0.000734106592277199,0,0,0,0,0,0,0,0,0,6.47295276686366e-06,0,0,0,0,0,0,0,0,0,0,2.47437781769774e-05,5.20826551737608e-05,0,0,0,0,0,0,0,0,0,8.47199159578434e-06,1.78094390026714e-05,0,0,0,0,0,0.000137971814329358,0,0,1.93440434854098e-05,0.000100589454201621,0,2.04294265459969e-05,0,0,0,3.26583932070542e-05,0,0,0,0,0,0,0,0,0,0,0,0,4.155446959875e-06,0,0,0.000260924018925689,3.92010819498618e-05,0,0,0,0,0,3.92958189248664e-05,6.71959467404926e-06,0,0,0,3.30400114538706e-05,0,0,0,0,0,0,0,0,8.15394651011089e-05,0,0,0,0,0,0,0,0,0,0,0,6.69792364367046e-05,0,0,0,0,0,0,0,0,0,0,0,1.33738114025116e-05,0,0,0,0,0,0,0,0,6.31911532385466e-05,0,1.06086163181736e-05,0,0,0,0,0,0,0,0,0,0,0,5.08957654723127e-05,0,0,0.0126892592216238,0,0,0,3.65328832482117e-06,3.45227574016792e-06,0,0,0,0,0,0,0.00010972130787799,0,0,0,8.41396718552798e-06,0,0.000375633882176172,0,0,1.63942488974868e-05,0,8.55937208446388e-06,0,0,0,0,0,0,0,0,0,0,0,0,0,0,1.99642639674982e-05,0,0,0,4.20282850358291e-05,4.15213419697725e-05,0,0,0,0,0,0,6.29287017808823e-05,0,2.75444153697838e-05,0,0,0,0,0,0,0,0,8.19014234467395e-06,0,0,0,0,0,0,0,0,0,0,0,0,0,0,0,0,0,0,9.7126817342736e-06,0,0,1.42188248709997e-06,0,0,0,0,0.00019970709625882,0,0.000456938148852171,6.20628448366816e-06,0,0,0,0,0,0,0,0,0,0,4.01364639775236e-05,0,0,0,0,0,0,0,0,3.18025696476275e-05,0,0,0,0,2.19271798357654e-05,0,0,0,0,0,0,0,0,0,0,0,0,0,0,0,0,0,0,0,0,0.000168804861580014,8.41443917762881e-05,6.43852815246435e-05,0,0,5.37942906326209e-05,0,1.93775917528969e-05,0,6.57591898467811e-05,0,6.6554854511088e-06,0,0.00124112594946135,0,0,2.78251965502321e-06,1.20380402070543e-05,8.84642604387827e-05,0.00167740615730797,0,0,4.13490115001938e-05,0,0,0,0,0,0,0,0,0,0,0,0,0,0,0,0,0,0,0,0,0,0,0,0,0,9.72289742343218e-05,0,0.000102637791234733,3.55728413214125e-05,0,4.81394117363886e-05,0,0,0,0,0,0,0,0,0,0,0,0,0,0,0,0,0,7.09524743632015e-05,0,0,0,0,0,8.00403403315271e-06,0,0,0,0,0,0,0.000116329311662844,0,2.38397207891901e-06,0,0,0,0,0,0,0,0,0,0,0,0,5.94078228221092e-06,0,0.000254920496670101,0,0,0,0,0,2.29965677622615e-05,9.82163903512218e-06,0,0,0,0,0.000222074172773706,0,0,0,0,0,0,0,0,0.000130531262237306,0,0,0,0,0,0,0,0,0,0,0,0,0,0,0,0,0,0,0,0,0,0,0,0,0,0,2.63351943537343e-05,0,2.92860071457857e-05,0,0,5.3984020729864e-05,0,0,0,0,0,0,0,0,0,0,0,0,0,0,1.45169485374174e-05,0.000897929863514661,2.43872698451408e-05,1.10308311731289e-05,0,0,3.12052399838981e-06,0,0,0,0,0,0,0.00273654504336531,0,0,0,0,0,0,0,0.000151017180191315,1.12147352649593e-05,0,0,0,0,0,0,0,0.000264940495796755,0,0,0,0,0,0.000155400155400155,0,0,0,0,0,0,0,0,0,0,0,0,0,1.24710982298523e-05,0,0,0,0,0,0,0,0,0,0.000373227170938044,0,3.54400472533963e-05,5.14731618933888e-06,0,4.61562249746718e-06,0,0.000351335073278458,0,0,0,0,0,0,5.69735642661805e-05,0,0,0,0,0,0,0,0,0,7.07740797010503e-06,0,0,0,0,1.4719346225518e-05,0,2.69302237901597e-05,8.93974611121044e-05,0,0,0,0,0,0,0,0.000124662372740494,0,8.70080961033424e-06,0,1.09870791948668e-05,0,0,0.000209775540172016,0,0,0,0,0,0,0,0,0,0,0,0,0,0,0,0,0,0,0,0,0,0,0,0,0,0,0,0,0,0,0,0,0,0,0,2.88246739208763e-05,0,0,0,1.88331010584203e-05,2.46848566632656e-05,0,0,2.39578342117873e-07,0,0,0
0,0,0,0,0,0,0,0,0,0,0,0,0,0,0,0,0,0,0,0,0,0,0,0,0,0,0,0,0,0,0,0,0,0,0,0,0,0,0,0,0,0,0.998858378898035,0,0,0,0,0,0,0,0,0,0,0,0,0,0,0,0,0,0,0,0,0,0,0,0,0,0,0,0,0,0,0,0,0,0,0,0,0,0,0,0,0,0,0,0,0,0,0,0,0,0,0,0,0,0,0,0,0,0,0,0,0,0,0,0,0,0,0,0,0,0,0,0,0,0,0,0,0,0,0,0,0,0,0,0,0,0,0,0,0,0,0,0,0,0,0,0,0,0,0,0,0,0,0,0,0,0,0,0,0,0,0,0,0,0,0,0,0,0,0,0,0,0,0,0,0,0,0,0,0,0,0,0,0,0,0,0,0,0,0,0,0,0,0,0,0,0,0,0,0,0,0,0,0,0,0,0,0,0,0,0,0,0,0,0,0,0,0,0,0,0,0,0,0,0,0,0,0,0,0,0,0,0,0,0,0.000853697577633123,0,0,0,0,0,0,0,0,0,0,0,0,0,0,0,0,0,0,0,0,0,0,0,0,0,0,0,0,0,0,0,5.50751776174478e-05,0,0,0,0,0,0,0,0,0,0,0,0,0,0,0,0,0,0,0,0,0,0,0,0,0,0,0,0,0,0,0,0,0,0,0,0,0,0,0,0,0,0,0,0,0,0,0.000129600829445308,0,0,0,0,0,0,0,0,0,0,0,0,0,0,0,0,0,0,0,0,0,0,0,0,0,0,0,0,0,0,0,0,0,0,0,0,0,0,0,0,0,0,0,0,0,0,0,0,0,0,0,0,0,0,0,0,0,0,0,0,0,0,0,0,0,0,0,0,0,0,0,0,0,0,0,0,0,0,0,0,0,0,2.26244343891403e-05,0,0,0,0,0,0,0,0,0,0,0,0,0,0,0,0,0,0,0,0,0,0,0,0,0,0,0,0,0,0,0,0,4.37171847881684e-06,0,0,0,0,0,0,0,0,0,0,0,0,0,0,0,0,0,0,0,0,0,0,0,0,0,0,0,0,0,0,0,0,0,0,0,0,0,0,0,0,0,0,0,0,0,0,0,0,0,0,0,0,0,0,0,0,0,0,0,0,0,0,0,0,0,0,0,0,0,0,0,0,0,0,0,0,0,0,0,0,0,0,0,0,0,0,0,0,0,0,0,0,0,0,0,0,0,0,0,0,0,0,0,0,0,0,0,0,0,0,0,0,0,0,0,0,0,0,0,0,0,0,0,0,0,0,0,0,0,0,0,0,0,0,0,0,0,0,0,0,0,0,0,0,0,0,0,0,0,0,0,0,0,0,0,0,0,0,0,0,0,0,0,0,0,0,0,0,0,0,0,0,0,0,0,0,0,0,0,0,0,0,0,0,0,0,0,0,0,0,0,0,0,0,0,0,0,0,0,0,0,0,0,0,0,0,0,0,0,0,0,0,0,0,0,0,0,0,0,0,0,0,0,0,9.02527075812274e-08,1.90839694656489e-06
0,0,0,0,0,0,0,0,0,0,0,0,0,0,0,0,0,0,0,0,0,0,0,0,0,0,0,0,0,0,0,0,0,0,0,0,8.75886835420864e-05,0,0,0,2.21695080586162e-05,0,0,0.968782654127482,0,0,0,0,0,0,0,0,0,0,0,0,0,0,0,0,0,0,0,0,0,0,0,0,0,0,0,0,0,0,0,0,0,0,0,0,0,0,0,0,8.89559117557355e-05,0,0,0,0,0,0,0,0,0,0,0,0,0,0,0,0,0,0,0,0,0,0.00014960728088767,0,0,0,0,0,0,0,0,0,0,0,0,0,0,0,0,0,0,0,0,0,0,0,0,0,8.89732487098879e-05,0,3.88284172242859e-05,0,0,0,0,0,0,0,0,0,0,0,0,0,0,0,0,0,0,0,0,0,0,0,0,0,0,0,0,0,0,0,0.000395022713806044,0,0,0,0,0,0,0,0,0,0,0,0,0,0,0,0,0,0.000103939299449122,0,0,0,0,0,0,0,0,0,0,0,0,0,0,0,0,0,0,0,0,0,0,0,0,0,0,0,0,0,0,0,0,0,0,0,0,0,0,0,0,0,0,0,0,0,0,0,0,0,0,0,0,0,0,0,0,0,1.74895499938787e-05,0,0,0,0,0,0,0,0,0,0,0,0,0,0,0,0,0,0,0,0,0,0,0,0,0,0,0,0,5.68752994839988e-05,0,0,0,0,0,0,0,0,0,0,0,0,0,0,0,0,0,0,0,0,0,0,0,0,0,0,0,0,0,0,0,0,0,0,0,0,0,0,0,0,0,6.01178309486594e-05,0,0.00416705250486156,0,0,0,0,0,0,0,0,0,0,0,0,0,0,0,0,0,3.62884203650615e-05,0,0.000304012971220105,0,0,0,0,0,0,0,0,0,0,0,0,0,0,0.000340251786321878,0,0,0.00189155107187894,2.38445336406629e-05,0,0,0,0,0,0,0,0,0,0,0,0,0,0,0,0,0,0,0,0,0,0,2.25326723749437e-05,0,0,0,0,0,0,0,0,0,0,0,0,0,0,0.00073593363216699,0,0,0,0,0,0,0,0,0,0,0,0,0,0,0,0,0,0,0,0,0,0,0,0,0,0,0,0,2.43593491181916e-05,0,0,0,0,0,0,0,0,0,0,0,0,0,0,0,0,0,0,0,0,0,0,0,0,0,6.52656311186529e-05,0,0,0,0,0,0,1.2903891813771e-05,0,0,0,0,0,0,0,0,0,0,0,0,0,0,0,0,0,0,0,0,0,0,0,0,0,0,0,0,0,2.14192387602545e-05,0,0,0,0,0,0,0,0,0,0,0,0,0,0,0,0,0,0,0,0,0,0,0,0,0,0,0,0,0,0,0,0,0,0,0,0,0,0,0,0,0,0,0,0,0,0,0,0,0,0,0,0,0,0,0,0,0,0,0,0,0,0,0,0,0,0,0,0,0,0,0,0,0,0,0,0,0,0,0,0,0,0,0,0,0,0,0,0,0,0.000170010200612037,0,0,0,0,0,0,0,0,0,0,0,0,0,0.00172125046520283,0,0,6.09533097647202e-05,0,0,0,0,0,0,0,0,0,0,0,0,0,0,0,0,0,0,0,0,0,0,0,0,0,0,0,0,3.1748173487894e-05,0,0,0,0,0,0,0,0,0,0,0,0,0,0,0,0,0,0,0,0,0,0,0,0,0,0,0,0
0,0,0,0,0,0,4.2954219392971e-06,7.29442487107104e-06,0,0.000178890876565295,0,0,0,0,0,0,0,0,0,0,0,0,0,0,0,0,0,0,0,0,0,0,0,0,0,0,0,0,0,0,0,0,0,0,0.96816120906801,0,0,3.36620998417881e-05,0.00121225479391669,0,0,0,0,0,0,0,0,0,0,6.66666666666667e-05,0,0,0,0,0,0,0,0,0,0,0,0,0,4.94875563539548e-06,0,0,0,0,0.000701943844492441,0,0,0,3.19693094629156e-05,0,0,0,0,0,4.83161810890467e-05,0,0,0,0,3.076232107865e-06,0,0,0,8.17177061839874e-05,0,0,0,8.16459830176355e-06,0,0,0,7.17118331695913e-06,0,0,0,0,0,0,0,0,0,0,0,0,0,0,0,0,0,0,0,0,0,0,0,0,0,0,0,0,0,0,0,0,0,0,0,0,0,0,0,0,0,0,0,5.82648721086057e-05,0,0,0,0,0,0,0,0,0,6.71005837750788e-05,0,0,0,0,0,0,0,0,0,0,0,0,0,0,0,0,0,0,0,0,0,0,0,0,0,0,0.00630914826498423,0,1.27019611828066e-05,0.000329218106995885,0,0,0,3.45227574016792e-06,0,0,0,0,0,0,0,0,0,0,4.20698359276399e-06,0,0,0,0,9.83654933849206e-05,0,0,0,0,0,0,0,0,0,0,0,0,0,0,0,0,0,0,0,0,0,0,0,0,0,0,0,0,8.3904935707843e-05,0,0,0,0,0,0,0,0,0,0,0,0,0.000163880694854146,0,0,0,0.00138440239963083,0,8.37233445801693e-06,0,0,0,0,2.65380103922849e-06,0,0,0,0,0,1.2242876135639e-06,0,0,0,1.91596574253252e-05,0,0,0,0,0.0124378109452736,0,0,3.03591487294696e-05,0,0,0,0,0,0,0,0,0,0,0,0,0,0,0,0,0,0,0,0,0,0,0,0,0,0,0,0,0,0,0,0,0,0,0,0,0,0,0,0,0,0,0,0.000447027268663388,0,0,0,0,0,0,0,0,0,0,0,0,0,0,0,0,4.17377948253482e-06,0,0,0,0,0,0,0,0,0,0,0,0,0,4.24178154825026e-05,0,0,0,0,0,0,0,0,0,0,0,0,0,0,0,0,0,0,0,0,5.92880688690208e-06,0,0,0.000292740046838407,0,0,4.77825484480911e-05,0,0,0,4.95123038074962e-05,0,0,0,0,5.00375281461096e-05,0,0,6.1012440436605e-06,0,0,0,0,0,0,0,0,0,0,0,1.76146271864156e-05,0,1.46130465279401e-05,0,0,1.19198603945951e-06,0,0,0,0,0,0,0,0,0,0,0,0,5.94078228221092e-06,0,0,0,0,0,0,0,5.74914194056537e-06,0,0.000432900432900433,0,0,0,0,4.54256382302171e-05,0,0,0,3.68663594470046e-05,0,0,0,0,0.00238704177323103,0,0,5.53617892930299e-05,0.000148720999405116,0,0,0,0,0,0,0,0,0,0,0,0,0,0,0,0,0,0,2.47328848436882e-05,0,0,0,0,0,0,0,0,0,0,0,0,2.14192387602545e-05,0,0,0,0,0,0,0,0,0,0,0,0,0.000121339142904418,0,0,0,0,0,0,0,0,0,8.30514428942431e-07,0,0,0,0,0,0,0,3.97413632082408e-06,0,0,0,0,0,0,0,0,2.38685131348428e-06,4.47147200858523e-05,0,0,0,0,0.000777000777000777,0,0,0,0,0,0,0,0,0,0,0,0,0,0,0,0,0,0,0,0,0,0,0,0,0,0,0,0,2.30781124873359e-06,0,0,0,0,0,0,0,0,0,0,0,0,0,0,0,2.44176393026322e-05,0,0,0,0,0,0,0,7.35967311275902e-06,0,0,0,0,0,0,0,0,0,0,0,0.000172461935187162,0,0,0,0,0,0,0,0,0,0,0,0,0,0,4.78973081712808e-05,0,5.48787180331467e-05,0,0,0,0,0,0,0,0,0,0,0,0,0,0,0,0,0,0,0,0,0,0,0,0,0,0,0,0,7.53324042336811e-05,0,0,0,0,0,9.02527075812274e-08,0
0,0,0,0,0,0,0,0,0,0,0,0,0,0.000245218244237371,0,0,0,0,0,0,0,0,0,0,0,0,0,0,0,0,0,0,0,0,0,0,0,0,0,0,0,0,0,0,0,0.967387451258419,0,0,0,0,0,0,0,0,0,0,0,0,0,0,0,0,0,0,0,0,0,0,0,0,0,0,0,0,0,0,0,0,0,0,0,0,0,0,0,0,0,0,0,0,0,0,0,0,0,0,0,0,0,0,0,0,0,0,0,0,0,0,0,0,0.000714966634890372,0,0,0,0,0,0,0,0,0,0,0,0,0,0,0,0,0,0,0,0,0,0,0,0,0,0,0,0,0,0,0,0,0,0,0,0,0.00134498991257566,0,0,0,0,0,0,0,0,0,0,0,0,0,0,0,0,0,0,0,0,0,0,0,0,0,0,0,0,0,0,0,0,0,0,0,0,0,0,0,0,0,0,0,0,0,0,0,0,0,0,0,0,0.00054860653938995,0,0,0,0,0,0,0,0,0,0,0,0,0,0,0,0,0,0,0,0,0,0,0,0,0,0,0,0,0,0,0,0,0,8.08812824536146e-06,0,0,0.00011877895236964,0,0,0,0,0,0,0,0,0,0,0,0,0,0,0,0,0,0,0,0,0,0,0,0,0,0,0,0,0,0,0,0,0,0,0,0,0,0,0,0,0,0,0,0,0,0,0,0,0,0,0,0,0,0,0,0,0.000548847420417124,0,0,0,0,0,0,0,0,0,0,0,0,0,0,0,0,0,0,0,0,0,0,0,0,4.34149316974587e-06,0,0,0,0,0,0,0,0,0,0,0,0,0,0,0,0,0,0,0,0,0,0,0,0,0,0,0,0,0,0,0,0,0,0,0,0,0,0,0,0,0,0.000252334090335604,0,0,0,0,0.000172205958326158,0,0,0,0,0,0,0,0,0,0,0,0,0,0,0,0,0,0,0,0,0,0,0,0,0,0,0,0,0,0,0,0,0,0,0,0,0,6.18773590743147e-05,0,0,0.000407273912069562,0,0,0,0,0,0,0,0,0,0,0,0,0,0,0,0,0,0,0,0,0,0,0,0,0,0,0,0,0,0,0,0,0,0,0,0,0,0,0,0,0,0,0,0,0,0,0,0,0,0,0,0,0,0,0,0,0,0,0,0,0,0,0,0,0,0,0,0,0,0,0,0,0,0,0,0,0,0,0,0,0,0,0,0,0,0,0,0,0,0,0,0,0,0,0,0,0,0,0,0,0,0,0,0,0,0,0,0,0,0,0,0,0,0,0,0,0,0,0,0,0.000130215868973899,0,0,0,0,0,0,0,0,0,0,0,0,0,0,0,0,0,0,0,0,0,0,0,0,0,0,0,0,0,0,0,0,0,0,0,0,0,0,0,0,0,0,9.6515780330084e-05,0,0,0,0,0,0,0,0,0,0,0,0,0,0,0,0,0,0,0,0,0,0,0,0,0,0,0,0,0,0,0,0,0,0,0.0011154489682097,0,0,0,0,0,0,0,0,0,0,0,0,0,0,0,0,0,0,0,0,0,0,0,0,0,0.00387805666271679,0,0,0,0,0,0,0,0,0,0,0,0,0,0,0,0
0,0,0,0,0,0,0,0,0,0,0.000267809319764328,0,0.00650759219088937,0,0,0,0,0,7.63009308713566e-05,0,0,0,0,0,0,0,0,0,0,0,0,0,0,0,0,0,0,0,0,0,0,0,0,0,0,0,0.98791259879126,0,0,0,0,0,0,0,0,0,0,0,0,0,0,7.0876745339854e-05,0,0,0,0,0,0,0,0,0,0,0,0,0,0,0,0,0,0,0,0,0,0,0,0,0,0,0,0,0,0,0,0,0,0,0,0,0,0,0,0,0,0,0,0,0,0,0,0,0,0,0,0,0,0,0,0,0,0,0,0,0,0,0,0,0,0,0,0,0,0,0,0,0,0,0,0,0,0,0,0,0,0,0,0,0,0,0,0,0,0,0,0,0,0,0,0,0,0,0,0,0,0,0,0,0,0,0,0,0,0,0,0,0,0,0,0,0,0,0,0,0,0,0,0,0,0,0,0,0,0,0,0,0,0,0,0,0,0,0,0,0,0,0,0,0,0,0,0,0,0,0,0,0,0,0,0,0,0,0,0,0,0,0,0,0,0,0,0,0,0,0,0,0,0,0,0,0,0,0,0,0,0,0,0,0,0,0,0,0,0,0,0,0.000411776816965205,0,0,0,0,0,0,0,0,0,0,0,0,0,0,0,0,0,0,0,0,0,0,0,0,0,0,0,0,0,0,0,0,0,0,0,0,0,0,0,0,0,0,0,0,0,0,0,0,0,0,0,0.000302401935372386,0,0,0,0,0,0,0,0,0,0,0,0,0,0,0,0,0,0,0,0,0,0,0,0,0,0,0,0,0,0,0,0,0,0,0,0,0,0,0,0,0,0,0,0,0,0,0,0,0,0,0,0,0,0,0,0,0,0,0,0,0,0,0,0,0,0,0,0,0,0,0,0,0,0,0,0,0,0,0,0,0,0,0,0,0,0,0,0,0,0,0,0,0,0,0,0,0,0,0,0,0,0,0,0,0,0,0,0,0.000399607657935845,0,0,0,0,0,0,5.24606217458021e-05,0,0,0,0,0,0,0,0,0,0,0,0,0,0,0,0,0,0,0,0,0,0,0,0,0,0,0,0,0,0,0,0,0,0,0,0,0,0,0,0,0,0,0,0,0,0,0,0,0,0,0,0,0,0,0,0,0,0,0,0,0,0,0,0,0,0,0,0,0,0,0,0,0,0,0,0,0,0,0,0,0,0,0,0,0,0,0,0,0.000985815214414809,0,0,0,0,0,0,0,0,0,0,0,0,0,0,0,0,0,0,0,0,0,0,0,0,0,0,0,0,0,0,0,0,0,0,0,0,0,0,0,0,0,0,0,0,0,0,0,0,0,0,0,0,0,0,0,0,0,0,0,0,0,0,0,0,0,0,0,0,0,0,0,0,0,0,0,0,0,0,0,0,0,0,0,0,0,0,0,0,0,0,0,0,0,0,0,0,0,0,4.78973081712808e-05,0,0,0,0,0,0,0,0,0,0,0,0,0,0,0,0,0,0,0,0,0,0,0,0,0,0,0,0,0,0,0,0,0,0,0,0,1.08303249097473e-06,0
0,0,6.6795805223432e-05,0,0,0,0,0,0,0,0,0,0,0,0,0,0,0,0,0,0,0,0,0,0,0,0.00031640563202025,0,0,0,0,0,0,0,0,0,0,0,0,0,0,0,0,0,0,0,0,0.992829972733699,0,0,0,0,0,0,0,0,0,0,0,2e-04,0,0.0017010418881565,0,0,0,0,0,0,0,0,0,0,0,0,0,0,0,0,0,0,0,0,3.19693094629156e-05,0,0,0,0,0,0,0,0,0,0,0,0,0,0,0,0,0,0,0,0,0,0,0,0,0,0,0,0,0,0,0,0,0,0,0,0,0,0,0,0,0,0,0,0,0,0,0,0,0,0,0,0,0,0,0,0,0,0,0,0,0,0,0.000159108989657916,0,0,0,0,0,0,0,0,8.11095790412848e-05,0,7.63079177095415e-05,0,0,0,0,0,0,0,0,0,0,0,0,0,0.000190903450579869,0,0,0,0,6.0829100641747e-05,0,0,0,0,0,0,0,0,0,0,0,0,0,0,0,1.01514597799164e-05,0,0,0,0,0,0,0,0,0,0,0,0,0,0,0,0,0,0,0,0,0,0,0,0,0,0,0,0,0,0,0,0,0,0,0,0,0,0,0,0,0,0,0,0,0,0,4.19524678539215e-05,0,0,0,0,0,0,0,0,0,0,0,0,0,0,0,0,0,0,4.18616722900846e-06,0,0,0,0,0,0,0,0,0,0,0,0,0,0,5.74789722759757e-05,0,0,0,0,0,0,0,0,0,0,0,0,0,0,0,3.77643504531722e-05,4.93559054340852e-05,0,0,0,0,0,0,0,0,0,0,0,0,0,0,0,0,0,0,0.000318369945877109,0,0.000869203733796909,0,1.74956698217191e-05,0,0,0,0.000285673475217826,0,0,0,0,0,0,0,0,0,0,0,0,0,0,4.59833540258426e-05,0,0,0,0,0,0,0,0,0.00707495025425603,0,0,0,0,0,0,0,0,0,0,0,0,0,0,0,0,0,0,0,0,0,0,0,0,0,0,0,0,0,0,0.00134820443681824,0,0,0,0,0,0,0,0,0,0,0,0,0,0,0,0,0,9.04977375565611e-05,0,0,0,0,0,0,0,0,0,0,0,0,0,0,0,0,2.64219407796234e-05,0,0,0,0,0,0,0,0,3.63279689032586e-05,0,0,0,0,0,0,0.000222957642419659,0,0,0,0,0,0,0.000482392667631452,0,0,0,0,0,0,0,0,0,0,0,0,0,0,0,0,0,0,0,0,0,0,0,0,0,0,0,0,0,0,0.000170852554245686,0,0,0,0,0,0,0,0,0,0,2.47328848436882e-05,0,0,0,0,0,0,0,0,0,0.000614124872057318,0,0,0,0,0,0,0,0,0,0,0,0,0,0,0,0,0.000150060024009604,0,0,0,0,0,0,0,0,0,0,0,0,0,0,0,0,0,0,0,0,0.000364830353885443,0,0,0,0,0,0,0,0,0,0,0.000155400155400155,0,0,0,0,0,0,0,0,0,0,0,0,0,0,0,0,0,0,0,0,0,0,0,0,0,0,0,0,0,0,0,0.000377500943752359,0,0,0,0,0,0,0,0,0,0,0,0,0,0,0,0,0,0,0,0,0,0,0,0,0,0,0,0,0,0,0,0,0,0,0,0,0,0,0,0,0,0,0,0,0,0,0,0,0,0,0,0,0,0,0,0,0,0,0.000170241743275451,0,0,0,0,0,0,0,0,0,0,0,0,0,0.000419903422212891,0,0,0,0,4.50024751361325e-05,0,0,0,0.000525129641380216,0,0,0,7.63358778625954e-07
0,0,0,4.33179843275533e-06,0,0,2.86361462619806e-06,1.82360621776776e-05,0,0,0,0,0,0,0,0,1.96672304606065e-05,0,0,8.42722668397057e-06,0,0,0,0,0,0,0,0,0,0,0,0,0,0,0,0,0,0,0,0,0,7.74035744970703e-06,0,0,0.00251889168765743,0,0,0,0.969803835133348,0.000561088511712723,0,0,0,0,0,0,0,0,0,0,0,0,0,0,0,0,0,0,0,0,0,0,0,2.47437781769774e-06,0,1.28183764244421e-05,0,0,0.000215982721382289,0,0,0,0,0,0,0,0,0,0.000241580905445234,0,0,0,4.76054460630296e-05,0,0,0,0,0.00183864838913972,0,0,0,0,0,0,0,7.17118331695913e-06,0,0,0,0,0,0,0,0,0,4.10273241979158e-05,0,0,3.26675682915515e-06,0,0,0,0,0,0,0,0,0,0,0,0,0,0,0,0,0,0,0,0,0,0,0,0,0,0,0,0,0,0,0,0,0.000297000297000297,0,0,0,0,0,0,0,3.35502918875394e-05,0,0,0,0,0,0,0,0,0,0,0,6.31911532385466e-05,0,0,0,0,0,0,0,0,0,0,0,0,0,0,0.010515247108307,7.92769938163945e-05,0,0,0,0,0,3.45227574016792e-06,0,0,0,0,0,0,0,0,0,0,4.20698359276399e-06,0,2.08685490097873e-05,0,1.7028232809999e-05,0.000442644720232143,0,4.27968604223194e-06,0,0,0,0,0,0,0,0,0,0,0,0,0,0,9.98213198374909e-06,0,0,0,0,0,0,0,0,0,0,0,4.19524678539215e-05,0,0,0,0,0,0,0,0,0,0,0,0,0,0,0,0,0.00265343793262575,0,0,0,0,0,0,2.65380103922849e-06,0,0,0,0,0,2.12209853017742e-06,0,0,1.42188248709997e-06,0,2.83136129019471e-06,0,0,0,0,9.13876297704343e-06,0,0,0,0,0,0,0,0,0,0,0,0,0,0,0,0,0,0,0,0,0,0,0,0,0,0,0,0,0,0,0,0,0,0,0,0,0,0,0,0,0,0,0,0,0,0.000167635225748771,0,0,0,0,0,0,0,0,0,0,0,0,0,0,0,0,1.39125982751161e-06,4.0126800690181e-06,0,0,0,0,0,0,0,0,0,0,0,0,0,0,0,0,0,0,0,0,0,0,0,0,0,0.0002138986595684,0,0.00015271838729383,0,0,0,0,0,0,0,0,0,0,0,0,0,0,0,0,0,0,0,0,0,0,0,6.1012440436605e-05,0,0,0,0,0,0,0,0,0,0,0,0,0,1.46130465279401e-05,0,0,1.19198603945951e-06,0,0,0,0,0,0,0,0,0,0,0,0,0,0,0,0,0,0,0,0,2.29965677622615e-05,0,0,0,0,0,0,0,0,0,0,0,0,0,0,0,0.000341005967604433,0,0,0,0,0,0,0,0,0,0,0,0,0,0,0,0,0,0,0,0,0,0,0,0,0,0,0,0,0,0,0,0,0,0,0,0,1.76360622200275e-05,0,0,0,0,0,0,0,0,0,1.63259975184484e-05,0,1.10308311731289e-05,0,0,0,0,0,0,0,0,0,3.32205771576973e-06,0,0,0,0,2.73374922771584e-06,0,0,1.58965452832963e-05,0,0,0,0,0,0,0,0,0,4.47147200858523e-05,0,0,0,0,0.000155400155400155,0,0,0,2.6967189021118e-06,0,0,0,0,0,0,0,0,0,2.49421964597046e-06,0,0,0,0,0,0.000289771080846132,0,0,0,0,0,0,0,0,0,0,0,0,0,0,0,0,0,0,0,0,0,0,0,0,2.44176393026322e-05,0,0,2.35913599003501e-06,0,0,0,0,2.79667578284843e-05,0,5.38604475803194e-05,0,0,0,0,0,0,0,0,0,0.00172461935187162,7.25067467527853e-07,0,1.09870791948668e-05,0,0,0,0,0,0,0,0,0,0,0,0,0,5.48787180331467e-05,0,0,0,0,0,0,0,0,0,0,0,0,0,0,0,0,0,0,0,0,0,0,0,0,0,0,0,0,5.64993031752608e-05,0,7.7930174563591e-05,0,4.79156684235745e-08,0,9.02527075812274e-08,0
0,0,0,4.33179843275533e-06,0,2.76571618220538e-05,1.43180731309903e-06,0,0,0,0,0,0,0,0,0,0,0,0,8.42722668397057e-06,0,0,0,0,0,0,0,0,0,0,0,0,0,0,0,0,0,0,0,0,0,7.74035744970703e-06,0,0,0.000100755667506297,0,0,0,0.000991844831386379,0.986183195399074,0,0,0,0,0,0,0,0,0,0,0,0,0,0,0,0,0,0,0,0,0,0,0,7.42313345309322e-05,1.30206637934402e-05,1.28183764244421e-05,0,0,0,0,0,0,0,0,0,0,0,0,0,0,0,9.85512959495417e-06,0,0,0,0,0,0.0013074832989438,0,0,0,8.16459830176355e-06,0,0,0,0,0,0,0,0,0,0,0,0,0,0,0,0,3.26675682915515e-06,0,0,0.000110180696342001,0,0,0,0,0,0,0,0,0,0,0,0,0,0,0,0,0,0,0,0,0,0,0,0,0,0,0,0,0,0.0166320166320166,0,0,0,0,0,0.000724112961622013,0,0,0,0,0,0,0,0,0,0,0,0,0,0,0,0,0,0,0,0,0,0,0,0,0,0,0,0,0.000262881177707676,0,0,0,0,0,0,3.45227574016792e-06,0,0,0,0,0,0,0,0,0,0,0,0,0,0,0,4.91827466924603e-05,0,0,0,0,0,0,0,0,0,0,0,0,0,0,0,0,0,0,0,0,0,0,0,0,0,0,0,0,0,0,0,0,0,0,0,0,0,0,0,0,0,0,0,0,0,0.00438394093216428,0,0,0,0,0,0,0,0,0,0,0,0,5.71334219663153e-07,0,2.20157632865131e-05,0,0,0,0,0,0,0,9.13876297704343e-06,0,0,0,0,0,0,0,0,0,0,0,0,0,0,0,0,0,0,0,0,0,0,3.03665239440041e-05,0,0,0,0,0,0,0,0,0,0,0,0,0,0,0,0,0,0,0,0,0,0,0.00223513634331694,0,2.8048130592096e-05,0,0,0,7.17257208434945e-05,0,0,0,0,0,0,0,0,0,0,0,0,0,0,0,0,5.16862643752423e-06,0,0,0,0,0,0,0,0,0,0,0,0,0,0,0,0,0,0,0,0,0.00185378838292613,0,0,0,0,0,0,0,0,0,0,0,0,0,2.73043133989092e-05,0,0,0,0,0,0,0,0,0,0,0,6.1012440436605e-06,0,0,0,0,0,0,0,0,0,0,0,0,0,1.46130465279401e-05,0,0,0,0,0,0,0,0,0,0,0,0,0,0,0,0,0,0,0,0,0,0,0,1.14982838811307e-05,0,0,0,0,0,0,0,0,0,0,0,0,0,0,0,0.000341005967604433,0,0,0,0.000148720999405116,0,0,0,0,0,0,0,0,0,0,0,0,0,0,0,0,0,0,0,0,0,0,0,0,0,0,0,0,0,0,0,0,0,0,0,0,0,0,0,0,0,0,1.63259975184484e-05,0,0,0,0,0,0,0,0,0,0,0,0,0,0,0,0,0,0,0,3.97413632082408e-06,0,0,0,0,0,0,0,0,0,8.94294401717045e-05,1.30874635186954e-05,0,0,0,0,0,0,0,0,0,0,0,0,0,0,0,0,0,0,0,0,0,0,0,0,0,0,0,0,0,0,0,0,0,0,1.67302415846885e-05,0,0,8.51595321903032e-05,0,0,0,0,0,0,0,0,0,0,0,0,0,0,0,0,0,0,1.17754769804144e-05,0,2.69302237901597e-05,0,0,0,0,0,0,0,0,0,0.000123187096562259,7.25067467527853e-07,0,3.29612375846005e-05,0,0,0,0,0,0,0,0,0,0,0,0,0,0,0,0,0,0,0,0,0,0,0,0,0,0,0,0,0,0,0,0,0,0,0,0,0,0,0,0,0,0,0.000169497909525783,0,0,0,0,0,0,0
0,0,0,0,0,0,0,0,0,0,0,0,0,0,0,0,0,0,0,0,0,0,0,0,0,0,0,0,0,0,0,0,0,0,0.000620732464307883,0,0,0,0,0,0,0,0,0,0,0,0,0,0,0,0.97489539748954,0,0,0,0,0,0,0,0,0,0,0,0,0,0,0,0,0,0,0,0,0,0,0,0,0,0,0,0,0,0,0,0,0,0,0,0,0.00169579963475085,0,0,0,0,0,0,0,0,0,0,0,0,0,0,0,0,0,0,0,0,0,0,0,0,0,0,0,0,0,0,0,0,0,0,0,0,0,0,0,0,0,0,0,0,0,0,0,0,0,0,0,0,0,0,0,0,0,0,0,0,0,0,0,0,0,0,0,0,0,0,0,0,0,0,0,0,0,0.000932618325950105,0,0,0,0,0,0,0,0,0,0,0,0,0,0,0,0,0,0,0,0,0,0,0,0,0,0,0,0,0,0,0,0,0,0,0,0,0,0,0,0,0,0,0,0,0,0,0,0,0,0,0,0,0,0,0,0,0,0,0,0,0,0,0,0,0,0,0,0,0,0,0,0,0.000104881169634804,0,0,0,0,0,0,0,0,0,0,0,0,0,0,0,0,0,0,8.37233445801693e-06,0,0,0,0,0,0,0,0,0,0,0,0,0,0,3.83193148506505e-05,0,0,0,0,0,0,0,0,0,0,0,0,0,0,0,0,0,0,0,0,0,0,0,0,0,0,0,0,0,0,0,0,0,0,0,0,0,0,0,0,0,0,0,0,0,0,0,0,0,0,0,0,0,0,0,0,0,0,0,0,0,0,0,0,0,0,0,0,0,0,0,0,0,0,0,0,0,0,0,0,0,0,0,0,0,0,0,0,0,0,0,0,0,0,0,0,0,0,0,0,0,0,0,0,0,0,0,0,0,0,0,0,0,0,0,0,0,0,0,0,0,0,0,0,0,0,0,0,0,0,0,0,0,0.000290641348575857,0,0,0,0,0,0,0,0,0,0,0,0,0,0,0,0,0,0,0,0,0,0,0,0,0,0,0,0,0,0,0,0,0,0.000373692077727952,0,0,0,0,0,0,0,0,0,0,0,0,0,0,0,0,0,0,0,0,0,0,0,0,0,0,0,0,0,0,0,0,0,0,0.000902876305946085,0,0,0,0,0,0,0,0,0,0,0,0,0,0,0,0,0,0,0,0,0,1.10308311731289e-05,0,0,0,0,0,0,0,0.00382678751258812,0,0,0,0,0,0,0,0,0,0,0,0,0,0,0,0,0,0,0,0,0,0,0,0,0.000155400155400155,0,0,0,0,0,0,0,0,0,0,0,0,0,0,0,0,0,0,0,0,0,0,0,0,0,0,0,0,0,0,0,0,0,0,0,0,0,0,0,0,0,0,0,0,0,0.00278641088843639,0,0,0,0,9.22253988748501e-05,0,0,0,0,0,0,0,0,0,0,0,0,0,0,0,0,0,0,0,0,0,0,0,0,0,0,0,0,0,0,0,0,0,0,0,0.000654450261780105,0,0,0,0,0,0,0,0,0,0,0,0,0,0,0,0,0,0,0,0,0,0.000644226123369303,9.0004950272265e-05,1.88331010584203e-05,0,0,0,0,0,2.70758122743682e-07,0
0,0,0,0,0,0,0,0,0,0,0,0,0,0,0,0,0,0,0,0,0,0,0,0,0,0,0,0,0,0,0,0,0,0,0,0,0,0,0,0,0,0,0,0,0,0,0,0,0,0,0,0.977640959170447,0,0,0,0,0,0,0,0,0,0,0,0,0,0,0,0,0.000400962309542903,0,0,0,0,0,0,0,0,0,0,0,0,0,0,0,0,0,0,0,0,0,0,0,0,0,0,0,0,0,0,0,0,0,0,0,0,0,0,0,0,0,0,0,0,0,0,0,0,0,0,0,0,0,0,0,0,0,0,0,0,0,0,0,0,0,0,0,0,0,0,0,0,0,0,0,0,0,0,0,0,0,0,0,5e-04,0,0,0,0,0,0,0,0,0,0,0,0,0,0,0,0,0,0,0,0,0,0,0,0,2.11535003754746e-05,0,0,0,0,0,0,0,0,0,0,0,0,0,0,0,0,0,0,0,0,0,0.000521376433785193,0,0,0,0,0,0,0,0,0,0,0,0,0,0,0,0,0,0,0,0,0,0,0.00153964588144727,0,0,0,0,0,0,0,0,0,0,0,0,0,0,0,0,0,0,0,0,0,0,0,0,0,0,0,0,0,0,0,0,0,0,0,0,0,0,0,0,0,0,0,0,0,0,0,0,0,0,0,0,0,0,0,0,0,0,0,0,0,0,0,0,0,0,0,0,0,0,0,0,0,0,0,0,0,0,0,0,0,0,0,0,0,0,0,0,0,0,0,0,0,0,0,0,2.17074658487294e-06,0,0,0,0.000811293201362973,0,0,0,0,0,0,0,0,0,0,0,0,0,0,0,0,0,0,0,0,0,0,0,0,0,0,0,0,0,0,0,0,0,0,0,0,0,0,0,0,0,0,0,0,0,0,0,0,0,0,0,0,0,0,0,0,0,0,0,0,0,0,0,0,0,0,0,0,0,0,0,0,0,0,0,0,0.000239865675221876,0,0,0,0,0,0,4.07273912069562e-05,0,0,0,0,0,0,0,0,0,0,0.00162249864791779,0,0,0,0,0,0,0,0,0,0,0,0,0,0,0,0,0,0,0,0,0,0,0,0,0,0,0,0,0,0,0,0,0,0,0,0,0,0,0,0,0,0,0,0,0,0,0,0,0,0,0,0,0,0,0,0,0,0,0,0,0,0,0,0,0,0,0,0,0,0,0,0,0,0,0,0,0,0,0,0,0,0,0,0,0,0,0,0,0,0,0,0,0,0,0,0,0,0,0,0,0,0,0,0.000110277900308778,0,0,0,0,0,0.000361710747149719,0,0,0,0,0,0,0,0,0,0,0,0,0,0,0,0,0,0,0,0,0,0,0,0,0,0,0,0,0,0,0,0,0,0,0,0,0,0,0,0,0,0,0.000193031560660168,0,0,0,0,0,0,0,0,0,0,0,0,0,0,0,0,0,0,0,0,0,0,0,0,0,0,0,0,0.00015008254539997,0,0,0,0,0,0,0,0,0.000462748727441,0,0,0,0,0,0,0,0,0,0,0,0,0,0,0,0,0,0.000388048117966628,0,0,0,0,0,0,0,0,0,0,0,0,0,0,0,0,0,0,0,0,0
0,0,0,2.16589921637766e-05,0,0,0,0,0,0,0,0,0,0,0,0,0,0,0,8.42722668397057e-06,0,0,1.64152399087313e-05,0,0,0,0,0,0,0,0.00435161009573542,0,0,0,0,0,0,0,0,0,0,9.28842893964843e-05,0,0,0,0,0,0,0,0,0,0,0.976068125091763,0,0,0,0,0,0,0,0,0,6.47295276686366e-06,0,0,0,0,0,0,0,0,0,0,0,0,0,0,0,0,0,0,0,0,0,0,0,0,0,0,0,0,0,0,0,0,0,0,0,0,0,0,0,0,0,0,0,0,0,0,0,0,0,0,0,0,0,0,0,0,0,0,0,0,0,0,0,0,0,0,1.10133371512902e-05,0,0,0,0,0,0,0,0,0,0,0,0,0,0,0,0,0,0,0,0,0,0,0,0,0,0,0,0,0,0,0,0,1.33738114025116e-05,0,0,0,0,0,0,0,0,0,0,0,0,0,0,0,0,0,0,0,0,0,0,0,0,0,5.08078447312265e-05,0,0,0,7.30657664964234e-06,3.45227574016792e-06,0,0,0,0,0,0,0,0,0,0,0,0,2.08685490097873e-05,0,0,0,0,0,0,0,0,0,0,0,0,0,0,0,0,0,0,0,0,0,2.51768674941464e-05,0,7.00471417263819e-06,1.38404473232575e-05,0,0,0,0,0,0,0,0,0,0,0,0,0,0,0,0,0,0,0,0,0,0,0,0,0,0,0,0,0,0,0,0,0,0,0,0,1.2242876135639e-06,0,0,0,0,0,0,0,9.98535481294102e-05,0,9.13876297704343e-06,0,0,0,0,0,0,0,0,0,0,0,0,0,0,0,0,0,0,0,0,0,0,0,0,0,0,0,0,0,0,0,0,0,0,0,0,0,0,0,0,0,0,0,0,0,0,0,0,1.07308802541072e-05,0,0,0,0,0,0,6.57591898467811e-05,0,0,0,0.000628837147727085,0,0,0,0,0,6.13685179502915e-05,0,0,0,0,0,0,0,0,0,0,0,0,0,0,0,0,0,0,0,0,0,0,0,0,0,0,0,0,0,0,6.84251941564884e-05,0.000124504944624944,0,0,0,0,0,0,0,0,0,0,0,0,0,0,0,0,0,0,0,4.17367496254127e-06,0,0,0,0,0,0,0,0,0,0,0,0,0,0,0,0,0,0,0,0,0,0,0,0,0,0,0,0,0,3.5405624537514e-06,0,0,0,0,0,1.72474258216961e-05,0,0,0,0,0,0,0,0,0,0,0,0,0,0,0,0,0,0,0,0,0,0,0,0,0,0,0,0,0,0,0,0,0,0,0,0,0,0,0,0,0,0,0,0,0,0,0,0,0,0,0,0,0,0,0,0,0,0,0,0,0,0,1.63259975184484e-05,2.43872698451408e-05,0,0,0,0,0,0,0,0,0,0,2.40849184393305e-05,0,0,0,0,0,0,0,0,0,0,0,0,0,0,0,0,1.19342565674214e-05,0,0,0,0,0,0,0,0,0,0,0,0,0,0,0,0,0,0,0,2.49421964597046e-06,0,0,0,0,0,0,0,0,0,0.000248818113958696,0,1.18133490844654e-05,0,0,0,0,1.67302415846885e-05,0,0,0,0,0,0,0,0,0,0,0,0,0,0,0,0,0,0,0,0,0,0,0,0,0,0,0,0,0,0,0,0,0.000955744857677124,0,7.25067467527853e-07,0,1.09870791948668e-05,0,0,0,0,0,0,0,0,0,0,0,0,0,0,0,0,0,0,0,0,0,0,0,0,0,0,0,0,0,0,0,0,0,0,0,0,0,0,0,0,0,0,0,0,0,0,0,0,0,0
0,0,0,0,0,0,0,0,0,0,0,0,0,0,0,0,0,0,0,0,0,0,0,0,0,0,0,0,0,3.3559299281831e-05,0,8.19571364176536e-05,7.44956643523347e-06,0,0,0,0,0,0,0,0,0,0,0,0,0,0,0,0,0,0,0,0,0.959556103575832,0,0,0,0,0,0,0,0,0,0,0,0,0,0,0,0,0,0,0,4.94875563539548e-06,0,0,0,0,0,0,0,0,0,0,2.11799789894608e-05,0,0,0,0,0,0,0,0,0,9.67202174270488e-06,0,0,0,0,0,0,0,0,0,0,0,0,0,0,0,0,0,0,0,1.385148986625e-06,0,0,0,1.96005409749309e-05,0,0,0,0,0,0,0,0,0,0,0,0,0,0,0,1.29428057414286e-05,0,0,0,4.07697325505545e-05,0,0,0,0,0,0,0,0,0,0,0,0,0,0,0,0,0,0,0,0,0,0,3.71774853148933e-05,0,0,0,0,0,0,0,0,0,0,0,0,0,0,0,0,0,0,0,0,0,0,0,0,0,0,0,0,0,0,0,0,0,0,0,0,0,0,0,0,0,0,0,0,0,0,0,0,0,0,0,0,0,0,0,0,0,0,0,0,0,0,0,0,0,0,0,0,0,0,0,0,0,0,0,0,0,0,0,0,0,0,0,0,0.000600600600600601,0,0,8.19014234467395e-06,0,0,0,0,0,0,0,0,0,0.000715977309026822,0,0,0,0,0,0,0,0,8.16191742375933e-08,0,0,1.42188248709997e-06,0,0,0,0,0,0,9.13876297704343e-06,0,0,0,0,0,0,0,0,0,0,0,0,0,0,0,0,0,0,0,0,0,0,0,0,0,0,0,0,0,0,0,0,0,0,2.40471323794638e-05,0,0,0,0,0,2.17074658487294e-06,0,0,0,0,0,0,0,0,0.00119268486615425,0,0,0,0.000440840212378406,0,0,0,0,0,0,0,0,0,0,0,0,0,0,1.55058793125727e-05,0,0,0,0,0,0,0,0,0,0,0,0,0,0,0,0,0,0,0,0,0,0,0,0,0,0,0,0,0,0,0,0,0,0,0,0,0,0,0,0,0,0,0,0,0,0,0,0,0,0,0,0,0,0,0,0,0,0,0,0,0,0,0,0,0,0,0,0,0,0,0,0,0,0,0,0,0,0,0,0,0,0,0,0,0,0,0,0,0,0,0.000222074172773706,0,0,0,0,0,0,0,0,0,0,0,0,0,0,0,0,0,0,0,0,0,0,0,0,0,0,0,0,0,0,0,0,0,0,0,0,0,0,0,0,0,0,0,0,0,0,0,0,0,0,0,0,0,0,0,0,0,0,0,0,0,0,0,0,0,0,0,0,1.66102885788486e-06,0,0,0,0,0,0,0,0,0,4.1262636682484e-05,0,0,0,0,0,0,0,0,2.61749270373909e-05,0,0,0,0,0,0,0,0,0,0,0,0,0,0,0,0,0,0,0,0,0,0,0,0,0,0,0,0,0,0,0,0,2.30781124873359e-06,0,0,0,0,0,0,0,0,5.69735642661805e-05,0,0,0,0,0,0,0,0,0,0,0,0,0,0,0,0,2.69302237901597e-05,0,0,0,0,0,0,9.20047842487809e-05,0,0,0,0,0,0,0,0,0,0,0,0,0,0,0,0,0,0,0,0,0,0,0,0,0,0,0,3.96852168598675e-05,0,0,0,0,0,0,0,0,0,0,0,0,0,0,0,0,0,0,0,0,0,0,0,0,4.79156684235745e-08,0,0,0
0,0,0,0,0,0,0,0,0,0,0,0,0,0,0,0,0,0,0,0,0,0,0,0,0,0,0,0,0,0,0,0,0,0,0,0,0,0,0,0,0,0,0,0,0,0,0,0,0,0,0,0,0,0,0.972673691730666,0,0,0,0,0,0,0,0,0,0,0,0,0,0,0,0,0,0,0,0,0,0,0,0,0,0,0,0,0,3.81239621810295e-05,0,0,0,0,0,0,0,0,0,0,0,0,0,0,8.2060035121695e-06,0,0,0,0,0,0,0.000623363670365291,0,0,1.98027644659194e-05,0,0,0,0,0,0,0,0,0,0,0,0,0,0,0,0,0,0,0,0,0,0,0,0,7.76568344485718e-05,0,0,0,0,0,0,0,1.81996869653842e-05,0,0,0,0,0,0,0,0,0,0,0,0,0,0,0,0,0,0,0,0,0,0,0,4.93778392257555e-05,0,0,0,0,0,0,0,0,0,0,0,0,0,0,0,0,0,0,0,0,0,0,0,0,0,0,0,0,0,0,0,0,0,0,0,0,0,0,0,0,0,0,0,0,0,0,0,0,0,0,0,0,0,0,0,0,0,0,0,0,0,2.51768674941464e-05,0,0,0,0,0,0,0,0,0,0,0,0,0,0.000804519299718418,0,0,0,0,0.00167991936387053,0,0,0,0,0,0,0,0,0,0,0,0,0,0.000358037952022914,5.30760207845697e-06,0,0,0,0,0,0,0,0,2.84376497419994e-06,0,2.83136129019471e-06,0,0,0,0,0,0,0,0,0,0,0,0,0,0,0,0,0,0,0,0,0,0,0,0,0,0,0,0,0,0,0,0,0,0,0,0,0,0,0,0.000300589154743297,0,0,0,0,0,2.17074658487294e-06,0,0,0,0,0,0,0,0,0,0,0,0,0,0,0,0,0,0,0,0,0,0,0,0,0,0,0,0,0,0,0,0,0,0.000210172341319882,7.94817788022096e-06,0,0,0,0,0,0,0,0,0,0,0,0,0,0,0,0,0,0,0,0,0,0,0,0,0,0,0,0,0,0,0,0,0,0,0,0,0,0,0,0,0,0,0,0,0,0,0,0,0,0,0,0,0,0,0,0,0,0,0,0,0,0,0,0,0,0,0,0,0,0,0,0,0,0,0,0,0,0,0,0,0,0,0,0,0,0,0,0,0,0,0,0,0,0,0,0,0,0,0,0,0,0,0,0,0,0,0,0,0,0,0,0,0,0,0,0,0,0,0,0,0,0,0,0,0,0,0,0,0,0,0,0,0,0,0,0,0,0,0,0,1.63259975184484e-05,0,0,0,0,0,0,0,0,0,0,0,0,0,0,0,0,0,0,0,0,0,0,0,0,0,0,0,0,0,0,1.30874635186954e-05,0,0,0,0,0,0,0,0,0,0,0,0,0,0,0,0,0,0,0,0,0,0,0,0,0,0,0,0,0,0,0,0,0,0,0,0,0,0,0,0,0,0,0,0,0,0,0,0,0,0,0,0,0,0,0,0,0,0,0,0,0,9.30405656866394e-05,0,0,3.04766548823601e-05,0,0,0,0,0,0,0,0,0,0,0,0,0,0,0,0,0,0,0,0,0,0,0,0,0,0,0,0,0,0,0,0,0,0,0,0,0,0,0,6.23208276205908e-05,0,0,0,0,0,0,0,0,0,0,0,0,0,0,0,0,0
0,0,0,0,0,0,0,0,0,0,0,0,0,0,0,0,0,0,0,0,0,0,0,0,0,0,0,0,0,0,0,0,0,0,0,0,0,0,0,0,0,0,0,0,0,0,0,0,0,0,0,0,0,0,0,0.981086192920832,0,0,0,0,0,0,0,0,0,0,0,0,0,0,0,0,0,0,0,2.56367528488842e-05,0.000111982082866741,0,0,0,0,0,0,0,0,0,0,0,0,0,0,0,0,0,0,0,0,0,0,0,0,0,0,0,0,0,0,0,0,0,0,0,0,0,0,0,0,0,0,0,0,0,0,0,0,0,0,0,0,0,0,0,0,0,0,0.000351208969336755,0,0,0,0,0,0,0,0,0,0,0,0,0,0,0,0,0,0,8.11095790412848e-05,0,0,0,0.000293061762766503,0,0,0,0,0,0,0,0,0,0,0,0,0,0,0,0.000108260257659413,3.04145503208735e-05,0,0,0,0,0,0.000141502759303806,0,0,0,0,0,0,0,0,0,5.07572988995818e-06,0,0,0,0,0,0,3.65150076681516e-05,0,0,0,0,0,0,0,0,0,0,0,0,0,0,0,0,0,0,0,0,0,0,0,0,0,0,0,0,0,0,0.000349040139616056,0,0,0,0,3.23525129814458e-05,0,0,0,0,0,0,0,0,0,0,0,0,0,0,0,0,0,0,0,0,0,0,4.18616722900846e-06,0,0,0,0,0,0,0,0,0,0,0,0,0,0,0,0,0,0,0,0,0,0,0,0,0,0,0,0,0,0,0,0,0,0,0,0,0,0,0,0,0,0,0,0,0,0,0,0,0,0,0,0,0,0,0,0,0,0,0,0,0,1.51952260941105e-05,0,0,0,0,0,0,0,0,0,0,0,0,0,0,0,0,0,0,0,0,0,0,0,0,0,0,0,0,0,0,0,0,0,0,0,0,0,0,7.71783591880837e-05,0,0,0,6.6862797539449e-05,0,0.000100190361687206,0,0,0,0,0,0,0,0,0,0,0,0,0,0,0,0,0,0,0,0,0,0,0,0,0,0,0,0,0,0,0,0,0,0,0,0,0,0,0,0,0,0,0,0,0,0,0,0,0,0,0,0,0,0,0,0,0,0,0,0,0,0,0,0,0,0,0,0,0,0,0,0,0,0,0,0,0,0,0,0,0,0,0,0,0,0,0,0,0,0,0,0,0,0,0,0,0,0,0,0,0,0,0,0,0,0,0.000123664424218441,0.000207684319833853,0,0,0,0,0,0,0,0,0,0,0,0,0,0,0,0,0,0,0,0,0,0,0,0,0,0,0,0,0.000116658889407373,0,0,0,0,0,0,0,0,0,0,0,0,0,0,0,0,0,9.12075884713608e-05,0,0,0,0,0,0,0,0,0,0,0,0,0,0,0,0,0,0,0,0,0,0,0,0,0,0,0.000158503724837534,0,0,0,0,0,0,0,0,0,0,0,0,0,0,0,0,0,0,0,0,0,0,0,0,0,0,0,0,0,0,0,0,0,0,0,0,1.4719346225518e-06,0,0,0,0,0,0,0,0,0,0,0,0,0,0,0,0,0,0,0,0,0,0,0,0,0,0,0,0,0,0,0,0,0,0,0,0,0,0,0,0,0,0,0,0,0,0.000228545309107531,0,0,0,0,0.000788556468528711,0,0,0,0,0,0,0,0,0,0,0,0,0,0
0,0,0,0,0,0,0,0,0,0,0,0,0,0,0,3.03324435816549e-05,0,0,0,0,0,0,0,0,4.4992351300279e-05,0,0,0,0,0,0,0,0,0,0,0,0,0,0,0,0,0,0,0,0,0,0,0,0,0,0,0,0,0,0.00017860332202179,0,0.986246480398527,0,0,0,0,0,0,0,0,0,0.000628715134887974,0,0,0,0,0,0,0,0,0,0,0,0,0,0,0,0,0,8.47199159578434e-06,0,0,0,0,0,0,0,0,0,0,0,0,0,0,0,0,0,0,6.06207565470417e-05,0,0,0,0,0,0,0,0,0,0.000220642314292719,0,0,0,0,0,0,0,0,0,0,0,0,0,0,0,0,0,0,0,0,1.29428057414286e-05,0,0,0,0,0,0,0,0,0,0,0,0,0,0,0,0,0,0,0,0,0,0,0,0,0,0,0,0,0,0,0,0,0,0,0,0,0,0,0,0,0,0,0,0,0,0,0,0,0,0,0,0,0,0,0,0,0,0,0,0,0,0,0,0.000109545023004455,0,0,0.000263047138047138,0,0,0,0,0,0,0,0,0,0,0,0,0,0,0,0,0,0,0.000161030595813205,0,0,0,0,0,0,0,0.00027694554243561,0,0,0,0,0,0,0,0,0,0,0,0,0,0,0,0,0,0,0,0,0.000909105800258809,0,0,0,0,0,0,0,0,0,0,0,0,2.65380103922849e-06,0,0,0,0,0,8.16191742375933e-08,0,0,5.68752994839988e-06,9.57982871266262e-06,0,0,0,0,0,0,0,0,0,0,0,0,0,0,0,0,0,0,0,0,0,0,0,0,0,0,0,0,0,0,0,0,0,0,0,0,0,0,0,0,0,0,0,0,0.000213447171824973,0,4.34149316974587e-06,0,0,0,0,0,0,0,0,0,0,0,0,0,0,0,0,0,0,0,0,0,0,0,0,0,0,0,5.16862643752423e-06,0,0,0,0,0,0,0,0,0,0.000103434009102193,0,0,0,0,0,0,0,0,0,0,0,0,0,0,0,0,0,0,0,0,0,0,0,0,0,0,0,0,0,0,0,0,0,0,0.000133806114939453,0,0,0,0,0,0,0,0,0,0,0,0,0,0,0,0,0,0,0,0,0,0,0,0,0,0,0,0,0,0,0,0,0,0,0,0,0,0,0,0,0,0,0,0,0,0,0,0,0,0,0,0.000284575981787137,0,0,0,0,0,0,0,0,0,0.000270981728089192,0,0,0,0,0,0,0,0,0,0,0,0,0,0,0,0,0,0,0,0,0,0,0,0,0,0,0,0,0,0,0,0,0,0,0,0,0,0,0,0,0,0,0,0,0,3.12052399838981e-06,0,0,0,0,0,0,8.30514428942431e-07,0,0,0,0,0,0,0,0,0,0,0,0,0,0,0,0,0,0,0,0,0,2.3191094619666e-05,0,0,0,0,0,0,0,0,0,0,0,0,0.00562851782363977,0,0,0,0,0,0,0,0,0,0,0,0,0,0,0,0,0,0,0,0,0,0,0,0,0,0,0,0,0,0,0,0,0,0,5.29156524499947e-05,0,0,0,0,0,0,0,0,0,0,0,0.000268144440471934,0,3.04766548823601e-05,0,0,0,0,0,0,0,0,0,0,0,0,0,0,0,0,0,0,0,0,0,0,0,0,0,0,0,0,3.96852168598675e-06,0,0,0,0,0,0,0,0,0,0,0,0,0,0,0,0.000240384615384615,0,0,0,0,0,0,0,0,0,0,0,0
0,0.00250181052077161,0,0,0,0,0,0,0,0,0,0,0,0,0,0,0,0,0,0,0,0,0,0,0,0,0,0,0,0,0,0,0,0,0,0,0,0,0,0,0,0,0,0,0,0,0,0,0,0,0,0,0,0,0,0,0,0.982532751091703,0,0,0,0,0,0,0,0,0,0,0,0,0,0,0.000946969696969697,0,0,0,0,0,0,0,0,0,0,0,0,0,0,0,0,0,0,0,0,0,0,0,0,0,0,0,0,0,0,0,0,0,0,0,0,0,0,0,0,0,0,0,0,0,0,0,0,0,0,0,0,0,0,0,0,0,0,0,0,0,0,0,0,0,0,0,0,0,0,0,0,0,0,0,0,0,0,0,0,0,0,0,0,0,0,0,0,0,0,0,0,0,0,0,0,0,0,0,0,0,0,0,0,0,0,0,0,0,0,0,0,0,0,0,0,0,0,2.53786494497909e-05,0,0,0,0,0,0,0,0,0.00010972130787799,0,0,0,0,0,0,0,0,0,0,0,0,0,0,0,0,0,0,0,0,0,0,0,0,0,0,0,0,0,0,0,0,0,0,0,0,0,0,0,0,0,0,0,0,0,0,0,0,0,0,0,0,0,0,0,0,0,0,0,0,0,0,0,0,0,0,0,0,0,0,0,0,0,0,0,0,0,0,0,0,0,0,0,0,0,0,0,0,0,0,0,0,0,0,0,0,0,0,0,0,0,0,0,0,0,0,0,0,0,0,0,3.49913396434382e-05,0,0,0,0,0,0,4.34149316974587e-06,0,0,0,0,0,0,0,0,0,0,0,0,0,0,0,0,0,0,0,0.000311659978962951,0,0,0,0,0,0,0,0,0,0,0,0,0,0,0,0,0,0,0,0,0,0.000504668180671209,0,0,0,0,0,0,0,0,0,0,0,0,0,0,0,0,0,0,0,0,0,0,0,0,0,0,0,0,0,0,0,0,0,0.00090697071780254,0,0,0,3.38249222026789e-05,0,0,0,0,0,0,0,0,0,0,0,0,0,0,0,0,0,0,0,0,0,0,0,0,0,0,0,0,0,0,0,0,0,0,0,0,0,0,0,0,0,0,0,0,0,0,0,0,0,0,0,0,0,0,0,0,0,0,0,0,0,0,0,0,0,0,0,0,0,0,0,0,0,0,0,0,0,0,0,0,0,0,0,0,0,0,0,0,0,0,0,0,0,0,0,0,0,0,0,0,0,0,0,0,0,0,0,0,0,0,0,0,0,0,0,0,0,0,0,0,0,0,0,0,0,0,0,0,0,0,0,0,0,0,0,0,0,0,0,0,0,0,0,0,0,0,0,0,0,0,0,0,0,0,0,0,0,0,0,0,0.000475059382422803,0,0,0,0,0,0,0,0,0,0,0,0,0,0,0,0,0,0,0,0,0,0,0,0,0,0,0,0,0,0,0,0.000184009568497562,0,0,0,0,0,0,0,0,0,0,0,0,0,0.000557724484104852,0,0,0,0,0,0,0,0,0,0,0,0,0,0,0,0,0,0,0,0,0,0,0,0,0,0.00043089518474631,0,0,0,0,0,0,0,0,0,0,0,0,0,0,0,0
0,0,0,0,0,0,0,0,0,0,0,0,0,0,0,0,0,0,0,0,0,0,0,0,0,0,0,0,0,0,0,0,0,0,0,0,0.00122624156958921,0,0,0,0,0,0,0,0,0,0,0,0,0,0,0,0,0,0,0,5.41477149664284e-05,0,0.955841338704679,0,0,0,0,0,0,0,5.71559213534522e-05,0,0,0,0,0,0,0,0,0,0,0,0,0,0,0,0,0,0,0,0,0,0,0,0,0,0,0,0,0,0,0,0,0.000467742200193662,0,0,0,0,0,0,0,0,0,3.96055289318389e-05,0,0,0,0,0,0,0,0,0,0,0,0,0,0,0,0,0,0,0,0,0,0,0,0,0,0,0,0,0,0,0.0101694915254237,0,0,0,0,0,8.05996614814218e-05,0,0,0,0,0,0,0,0,0,0,0,0,0,0,0,0,0,0,0,0,7.24165399377218e-05,0,0,0,0,0,0,0,0,0,0,0,0,0,0,0,0,0,0,0,0,0,0,0,0,0,0,0,0,0,0,1.82575038340758e-05,0,0,0.000157828282828283,0,0,0,0,0,0,0,0,0,0,0,0,0,0,0,0,0,0,0,0,0,0,0,0,0,0,2.51768674941464e-05,0,0,0,0,0,0,0,0,0,0,0,0,0,0,0,0,0,0,0,0,0,0,0,0,0,0,0,0,0,0,0,0,0,0,0,0,0,0,0,0,0,0,2.84376497419994e-06,0,0,0,0,0,0,0,0,0,0,0,0,0,0,0,0,0,0,0,0,0,0,0,0,0,0,0,0,0,0,0,0.000343053173241852,0,0,0,0,0,0,0,0,0,0,0,0,0,0,0,6.51223975461881e-06,0,0,0,0,0,0,0,0,0,0,0,0,0,0,0,0,0,0,0,0,0,0,0,0,0,0,0,0,0,0,0,0,0,0,0,0,0,0.000930906081919735,0,0,0,0,0,0,0,0,0,0,0,0,0,0,0,0,0,0,0,0,0,0,0,0,0,0,0,0,0,0,0,0,0,0,0,0,0,0,0,0,0,0,0,0,0,0,0,0,0,0,0,0,0,0,0,0,0,0,0,0,0,0.00489396411092985,0,0,0,0,0,0,0,0,0,0,0,0,0,0,0,0,0,0,0,0,0,0,0,0,0.00104344526655284,0,0,0,0,0,0,2.7680894646515e-05,0,0,0,0,0,0,0,0,0,0,0,0,0,0,0,0,0,0,0,0,0,0,0,0,0,0,0,0,0,0,0,0,0,0,0,0.000256278831368529,0,0,0,0,0,0,0,0,0,0,0,0,0,0,0,0,0,0,0,0,0,0,0,0,0,0,0,0,0,0,0,0,0,0,0,0,0,0,0,0,1.44684298859888e-05,0,0,0,0,0,0,0,0,0,0,0,0,0.000293272332688134,0,0,0,0.000681044267877412,0,0,0,0,0,0,0,0,0,0,0,0,0,0,0,0,0,0,0,0,0,0,0,0,0,0,0,0,0,0,0,0,0,0,0.000711490572749911,0,0,0,0,0,0,0,0,0,0,0,0,0,0,0,0,0,0,0,0,0,0,0,0,0,0,0,0.000329924117452986,0,0,0,0,0,0,0,0,0,0,0,0,0,0,0,0,0,0,0,0,0,0.000129198966408269,0,0,0,0,0,0,0,0,0,0,0,0,0,0,0,0,0,0
0,0,6.6795805223432e-05,0,0,0,0,0,0,0,0,0,0,0,0,0,0,0,0,0,0,0,0,0,0,0,0,0,0,0,0,0,0,0,0,0,0,0,0,0,0,0,0,0,0,0,0,0,5.51024906325766e-05,0,0,0,0,0,0,0,0,0,0,0.984866666666667,0,7.0876745339854e-05,0,0,0,0,0,0,0,0,0,0,0,0,0,0,0,0,0,0,0,0,0.000735294117647059,0,0,0,0,0,4.83161810890467e-05,0,0,0,0,0,0,2.01178908403243e-05,0,0,0,0,0,0,0,0,0,0,0,0,0,0,0,0,0,0,0,0,0,0,0,0,0,0,0.000417710944026733,0,0,0,0,0,0,0,0,0,0,0,1.29428057414286e-05,0,0,0,0,0,0,0,0,0,0,0,0,0,0,5.82648721086057e-05,0,0,0,0,0,0,1.52615835419083e-05,0,0,0,0,0,0,0,0,0,0,0,0,0,0,0,0,0,0,3.04145503208735e-05,0,0,0,0,0,0,0,0,0,0,0,0,0,0,0,0,0,0,0,0,0.00028169014084507,0,0,0,0,0,0,0,0,0,0,0,0,0,0,0,0,0,0,0,0,0,0,0,0,0,0,0,0,0,0,0,0,0,0,1.38404473232575e-05,0,0,0,0,0,0,8.3904935707843e-05,0,0,0,0,0,0,0,0,0,0,0,0,0.000163880694854146,0,0,0,0,0,2.51170033740508e-05,0,0,0,0,5.30760207845697e-06,0,0,0,0,0,0,0,0,0,0.00108252064453088,0,0,0,0,0,0,0,0,0,0,0,0,0,0,0,0,0,0,0,0,0,0,0,0,0,0,0,0,0,0,0,0,0,0,0,0,0,0,0,0,0,0,0,0.000642765319240109,0,0,0,0,0,0,0,0,0,0,0,0,0,0,0,0,0,0,0,0,0,0,0,0,0,0,0,0,0,0,0,0,0,0,0,0,0,0,0,0,0,0,0,0,0,0,0,0,0,0,0,0,0,0,0.000122564039710749,0,0,0,0,0,0,0,0,0,0,0,0,0,0,0,0,0.000173460537727667,0,0,0,0,0,0,0,0,0,0,0,0,0,0,0,0,0,0,0,0,0,0,0,0,0,0,0,0,0,0,0,0,0,1.74868739152674e-05,0,0,0,0,0,0,0.00192957067052581,0,0,0,0,0.000216450216450216,0,0,0,0,9.08512764604343e-05,0.00448430493273543,0,0,0,0,0,0,0,0,0,0,0,0,0,0,0,0,5.62841222491135e-05,0,0,0,0,0,0,0,0,0,0,0,0,0,2.47328848436882e-05,0,0,0,0.000128982329420869,0,0,0,0,0,0,0,0,2.14192387602545e-05,0,0,0,0,0,0,0,0.000969932104752667,0,0,0,0,0,0,0,0,0,0.000321440051430408,0,0,0,0,0,0,0,0,0,0,0,0,0,0,0,0,0,0,0,0,0,0,4.47147200858523e-05,0,0,0,0,0,0,0,0,0,0,0,0,0,0,0,0,0,0,0,0,0,0,0,0,0,0,0.000166002656042497,0,0,0,0,0,0,0,0,0,0,0,0,0,0,0,0,0,0,0,0,0,0,0,0,0,0,0,0,0,0,0,0,0,0,0,0,0,0,0,0,0,0,0,0,0,0,0,0,0,0,0,0,0,0,0,0,0,0,0,0,0,0,0,0,0,0,0.000317662007623888,0,0,0,0,0,0,0,0,0,5.71363272768826e-05,0,0,0,0,0,0,0,0,0,0,4.50024751361325e-05,0,0,0,0,4.79156684235745e-08,0,5.41516245487365e-07,3.81679389312977e-07
0,0,0,2.5990790596532e-05,0,8.29714854661615e-05,0.000101658319230031,9.8474735759459e-05,0,0,0,0,0,0,0,0,0,0,0,8.42722668397057e-06,1.26873498663599e-05,0,8.20761995436563e-06,0,0,0,0,0,2.2265764161026e-05,3.3559299281831e-05,0,4.09785682088268e-05,7.44956643523347e-06,0,0,0,0,0,0,0,0,1.54807148994141e-05,0,0,0.000201511335012594,0,0,0,5.51024906325766e-05,0,0,0,0,0,0,0,0,0,0,0,0.964477810726665,0,1.29459055337273e-05,0,0,0,0,0,0,0,0,0,0,0,7.81239827606411e-05,0,0,0,0,0,0,0,0,0,0,0,0,0,0,0,0,3.94205183798167e-05,0,2.460985686292e-05,0,0,0,0,0,0,0,0,0,0,0,2.86847332678365e-05,0,0,0,0,0,0,0,0,6.92574493312501e-06,0,0,0,3.26675682915515e-06,0,0.000177935943060498,0,0,0,0,3.35979733702463e-06,0,0,0,0,0,0,0,0,0,0,0,0,0,0,0,0,0,8.58000858000858e-05,0,0,0,0,0.000140109986339276,0,0,0,0,0,0,1.62083748672939e-05,0,0,0,0,0,0,0,0,0,0,0,0,0,0,0,0.00688783570300158,0,1.06086163181736e-05,0,0,0,0,0,0,0,0,0,0,0,0.00055985342019544,0,0,1.27019611828066e-05,0.000164609053497942,0,0,0.00347793048522976,0.00155352408307556,0,0,0,0.000318945354029343,0,0,0,0,0,0,5.88977702986958e-05,0,0,0,2.55423492149985e-05,1.63942488974868e-05,0,2.13984302111597e-05,0,5.85788764571496e-05,0,0,0,0,0,0,0,7.71604938271605e-05,0,0,0,3.55101026241966e-05,1.99642639674982e-05,0,0,0,7.00471417263819e-06,0,0,0.000137741046831956,0,0,0,0,0,0,0,0,0,0,0,0,0,0,0,0,0,0,0,0,0,0,0,0,0,0,0,0,0,0,0,0,0,0,0.000296522460005176,0,0,1.42188248709997e-06,0,0,0,0,6.65690320862735e-05,0,9.13876297704343e-06,1.86188534510045e-05,0,0,0,0,0.000190124912067228,0,9.89119683481701e-05,0,0,0,0,0,0,0,0,0,0,0,0,0.00283042869863885,0,0,0,0,0,0,0,0,0,0,0,0,0,0,0,0,0,0,0,0,0,0,0,0,0,0,0,2.14617605082145e-05,0,0,0,0,0,3.62884203650615e-05,0,0,0,0,0,0,0,8.34755896506964e-06,0.000778459933389511,0,0,0,0,1.03372528750485e-05,0,0,0,0,0,0,0,0,0,0,0,0,0,0,0,0,0,0,0,0,0,0,0,0,0,0,0,0,1.18576137738042e-05,0,0,0,0,0,0,0,0,0,0,0,0,0,1.05983848061555e-05,0,0,0,6.1012440436605e-06,0,4.17367496254127e-06,0,0,0,0,0,6.40322722652217e-05,0,0,0,0,0,0,0,0,1.19198603945951e-05,0,0,0,0,0,0,0,0,0,0,0,0,0,0,0,0,8.95575855274942e-05,0,0,0,1.72474258216961e-05,3.92865561404887e-05,0,0,0,0,0,0,0,0,0.00026476039184538,0,0,0,0,0,0,0,0,0,0,0,0,0,0,0,9.33532486930545e-05,0,0,0,0,0,1.26778062324095e-05,0.00111229081348905,0,0,0,0,0,0,0,0,6.58379858843358e-06,0,2.92860071457857e-05,0,0,0,0,0,0,0,0,3.5272124440055e-05,0,0,0,0,0,0,0,0,0,1.63259975184484e-05,0,0,0,0,1.24820959935592e-05,0,0,0,0,0,0,5.81360100259702e-06,0,0,0,0,5.46749845543169e-06,0,0,3.97413632082408e-06,6.7288411589756e-06,0,0,0,0,0,0,0,7.16055394045283e-06,4.47147200858523e-05,1.30874635186954e-05,0,0,0,0.000155400155400155,0,0,0,5.3934378042236e-06,0,0,0,0,0,5.83464612871229e-05,0,0,0,8.97919072549367e-05,0,0,1.13737176133391e-05,0,0,0,0,0.000166002656042497,0,0,0,2.36266981689309e-05,2.05892647573555e-05,0,4.61562249746718e-06,0,0,0,0,0,0,0,0,0,0,0,0,0,0,0,0,0,0,1.88730879202801e-05,0,0,0,0,1.76632154706217e-05,0,5.38604475803194e-05,0,0,0,0,0,0,0,0,0,8.21247310415058e-06,1.45013493505571e-05,0,3.29612375846005e-05,0,0,0,0,0,0,0,0,0,0,0,0,0,5.48787180331467e-05,0,0,0,0,0,0,0,3.96852168598675e-06,0,0,3.83965596682537e-05,0,0,6.48151148847911e-05,0,0.000447777902160528,0,6.45994832041344e-05,0,0,0,0,0,0,0.00585140880593788,2.29524501740561e-05,0,0,0,8.22828555442188e-06,0,0,9.5831336847149e-08,1.21506682867558e-07,0,0
0,0,0,0,0,0,0,0,0,0,0,0,0,0,0,0,0,0,0,0,0,0,0,0,0,0,0,0,0,0,0,0,0,0,0,0,0,0,0,0,0,0,0,0,0,0,0,0.00104352509509543,0,0,0,0,0,0,0,0,0,0,0,6.66666666666667e-05,0,0.989793748671061,0,0,0,0,0,0,0,0,0,0,0,0,0,0,0,0,0,0,0,0,0,0,0,0,0,0,0,0,0,0,0,0,0,0,0,0,0,0,0,0,0,0,0,0,0,0,0,0,0,0,0,0,0,0,0,0,0,0,0,0,0,0,0,0,0,0,0,0,0,0,0,0,0,0,0.003584229390681,0,0,0,0,0,0,0,0,0,0,0,0,0,0,0,0,0,0,0,0.000244185336670533,0,0,0,0,0,0,0,0,0,2.46889196128777e-05,0,0,0,0.000334081038514771,0,0,0,0,3.04145503208735e-05,0,0,0,2.85160260066157e-05,0,0,0,0,0,0,0,0,0,0,0,5.07572988995818e-06,0,0,0,0,0,0,0,0,0,0,0,0,0,0,0,0.000150647785477553,0,0,0,0,0,0,0,0,0,0,0,0,0,0,0,0,0,0,0,0,0,0,0,0,0,0,0,0,0,0,0,0,0,0,0,0,0,0,0,0,0,0,0,0,0,0,0,0,0,1.25585016870254e-05,0,0,0,0,0,0,0,0,0,0,0,0,0,0,5.74789722759757e-05,0,0,0,0,0,0,0,3.03591487294696e-05,0,0,0,0,0,0,0,0,0,0,0,0,0,0,0,0,0,0,0,0,0,0,0,0,0,0,0,0,0,3.77914666868221e-05,0,0,0,0,0,0,0,0,2.17074658487294e-06,2.5306205081486e-05,0,0,0,0,0,0,0,0,0,0,0,0,0,0,0,0,0,0,0,0.00707495025425603,0,0,0,0,0,0,0,0,0,0,0,0,0,0,0,0,0,0,0,0,0,1.67156993848623e-05,0,0,0,0,0,0,0,0,0.000122564039710749,0,0,0,0,0,0,0,0,0,0,0,0,0,0,0,0,0,2.26244343891403e-05,0,0,0,0,0,0,0,0,0,0,0,0,0,0,0,0,0,0,0,0,0,0,0,0,0,0,0,0,0,0,0,0,3.06020293517179e-05,0,0,0,0,0,0,0,0,0,0,0,0,0,0,0,0,0,0,0,0,0,0,0,0,0,0,0,0,0,0,0,0,0,0,0,0,0,0,0,0,0,0,0,0,0,0,0,0,0,0,0,0,0,0,0,0,0,0,0,0,0,0,0,0,0,0,0,0,0,0,0,0,0,0,0,0,0,0,0,0,0,0,0,0,0,0,0,0,0,0,0,0,0,0,0,0,0,0,0,0,0,0,0,0,0,0,2.3191094619666e-05,0,0,0,0,0,0,0,0,0,0,0,0,0,0,0,0,0,0,0,0,0,0,0,0,0,0,0,0,0,0,0,0,0,0,0,0,0,0,0,0,0,0,0,0,0,0,0,0,0,0,0,0,0,0,0,0,0,0,0,0,0,0,0,0,0,0,0,0,0,0,0,0,0,0,0,0,0,0,0,0,0,0,0,0,0,0,0,0,0,0,0,0,0,0,0,0,0,0,0,0,0,0,0,0,1.57711293705742e-05,0.000314927566659668,0,0,0,0,0,0,0,0,0.000787694462070324,0,0,1.80505415162455e-07,0
0,0,0,8.66359686551065e-06,0,5.53143236441076e-05,0.000110249163108625,9.1180310888388e-05,0,0,0,0,0,0,0,0,0,0,0,3.37089067358823e-05,4.22911662211997e-06,0,0.000525287677079401,0,0,0,0,0,1.1132882080513e-05,0,0,0,0,0,0,0,0,0,0,0,0,1.54807148994141e-05,0,0,0,0,0,0,0,0,0,0,7.34106592277199e-05,0,0,0,0,0,0,0,1.70752391956424e-05,0,0.958624885914207,0,0,0,0,0,0,0,0,0,0,0,0.00369786851733701,0,0,0,0,0,0,0,0,0,8.47199159578434e-06,0,0,0,0,0,0,0.0134029762491377,0,2.1533624755055e-05,0,0.000100589454201621,0,0,3.17536929544906e-06,0,0,8.16459830176355e-06,0,0,0,0.000179279582923978,0,3.66260117935758e-05,0,0,0,0,0,0,1.385148986625e-06,0,0,1.73949345950459e-05,3.26675682915515e-06,0,0,0,0,0,3.92958189248664e-05,1.67989866851232e-05,0,0,0,6.60800229077413e-05,0,0,0,0,0,0,0,0,0,0,0,0,0,0,0,0,0,0,0,0,0,0,0,0,0,0,0,0,0,0,0,3.71774853148933e-05,0,0,0,0,0,0,0,0,0,0,0,0,0,0,0,1.05767501877373e-05,0,0,0,0,0,0,0,5.08957654723127e-05,0,0,5.08078447312265e-05,0,0,0,2.92263065985694e-05,4.1427308882015e-05,0,0,0,0,1.82575038340758e-05,0,0,0,0,0,3.36558687421119e-05,0,2.08685490097873e-05,0,4.25705820249974e-05,1.63942488974868e-05,0,8.55937208446388e-06,0,0,0,0,0,0,0,0,0,0,0,0,0,1.77550513120983e-05,0.002745086295531,0,0,0,0.000105070712589573,0,0,0,8.08812824536146e-06,0,0,0,0,0,2.75444153697838e-05,0,0,0,0,0,0,0,0,0,0,0,0,0,0,0,0,0,0,0,0,0,0,0,0,0,0,0,0.000151158710688023,0,0,0,0,0,0,0,0.000599121288776461,0,4.56938148852171e-05,3.10314224183408e-05,0,0,0,0,0,0,0,0,0,0,0,0,0,0,0,0,0,0,0,3.18025696476275e-05,0,0,0,0,1.09635899178827e-05,0,0,0,0,0,0,0,0,1.20235661897319e-05,0,0,0,0,0,0,0,0,0,0,0,0,2.8048130592096e-05,0,0,0,0,0,9.68879587644847e-06,0,0,0,0,0,7.44675569676811e-05,0,0,1.25213384476045e-05,2.00634003450905e-05,8.84642604387827e-05,0.000184105553850875,0,0,0,0,0,0,0,0,0,0,0,0,0,0,0,3.85104170678168e-05,0,0,0,0,0,0,0,0,0,0,0,0,0,0,3.42125970782442e-05,2.96440344345104e-05,0,0,0,0,0,0,0,0,0,0,0,0,0,0,0,0,0,6.1012440436605e-06,0,4.17367496254127e-06,0,0,0,0,0,1.60080680663054e-05,0,0,0,0,0,0,0,0,8.34390227621654e-06,0,0,0,0,0,0,0,0,0,0,0,0,0,0,7.08112490750281e-06,0,0,0,0,0,5.74914194056537e-06,2.94649171053665e-05,0,0,0,0,0,0,0,0,0,0,0,0,0,0,0,0,0,0,0,0,0,0,5.36826283014816e-05,0,0,0,0,0,0,0,2.53556124648191e-05,0,0,0,0,0,0,0,0,0,3.29189929421679e-05,0,0,0,1.74258529955041e-05,5.3984020729864e-05,0,0,0,0,2.14192387602545e-05,0,0,0,0,0,0,0,0,0,0,0.000179585972702932,4.87745396902817e-05,0,0,0,1.24820959935592e-05,0,0,0,0,0,0.000151469251741896,1.24577164341365e-05,0,0,0,0,2.73374922771584e-06,0,0,1.98706816041204e-05,1.34576823179512e-05,0,0,0,0,0,0,0,0.000790047784763296,8.94294401717045e-05,3.92623905560863e-05,0,0,0,0,0,0,0,3.23606268253416e-05,0,0,0,0,0,0,0,0,0,6.23554911492616e-05,0,0,0.0101794772639385,0,0,0,0,0,0,0,0,0.000779681039574719,1.54419485680166e-05,0,4.61562249746718e-06,0,3.3460483169377e-05,0,0,0,0,0,0,0,1.8067500180675e-05,0,0,0,0,0,0,0,0,9.43654396014004e-06,0,0,0,0,1.03035423578626e-05,0,0,0,0,0,0,0,0,0,0,0,1.64249462083012e-05,3.55283059088648e-05,0,0,0,0,0,0,0,0,0,0,0,0,0,0,0,0,0,0,0,0,0,0,0,0,0,0,0,0,0,0,0,0,0,0,0,0,0,0,0,0,0,0,0,0,0,1.64565711088438e-05,0,0,2.87494010541447e-07,6.07533414337789e-08,0,0
0,0,0,0,0,0,0,0,0,0,0,0,0,0,0,0,0,0,0,0,0,0,0,0,0,0,0,0,0,0,0,0,0,0,0,0,0,0,0,0,0,0,0,0,0,0,0,0,0,0,0,0,0,0,0,0,0,0,0,0,0,0,0,0.975965665236052,0,0.000313823944766986,0,0,0,0,0,0,0,0,0,0,0,0,0,0,0,0,0,0,0,0,0,0,0,0,0,0,0,0,0,0,0,0,0,0,0,0,0,0,0,0,0,0,0,0,0,0,0,0,0,0,0,0,0,0,0,0,0,0,0,0,0,0,0.000256191289496157,0,0,0,0,0,0,0,0,0,0,0,0,0,0,0,0,0,0,0,0,0,0,0,0,0,0,0,0,0,0,0,0,0,0,0,0,0,0,0,0,0,0,0,0,0,0,0,0,0,0,0,0,0,0,0,0.000415757197796487,0,0,0,0,0,0,0,0,0,0,0,0,0,0,0,0,0,0,0,0,0,0,0,0,0,0,0,0,0,0,0,0,0,0,0,0,0,0,0,0,0,0,0,0,0,0,0,0,0,0,0,0,0,0,0,0,0,0,0,0,0,0,0,0,0,0,0,0,0,0,0,0,0,0,0,0,0,0,0,0,0,0,0,0,0,0,0,0,0,0,0,0,0,0,0,0,0,0,0,0,0,0,0,0,0,0,0,0,0,0,0,0,0,0,0,0,0,0,0,0,0,0,0,0,0,0,0,0,0,0,0,0,0,0,0,0,0,0,0,0,0,0,0,0,0,0,0,0,0,0,0,0,0,0,0,0,0,0,0,0,0,0,0,0,0,0,0,0,0,0,0,0,0,0,0,0,0,0,0,0,0,0,0,0,0,0,0,0,0,0,0,0,0,0,0.0038056206088993,0,0,0,0,0,0,0,0,0,0,0,0,0,0,0,0,0,0,0,0,0,0,0,0,0,0,0,0,0,0,0,0,0,0,0,0,0,0,0,0,0,0,0,0,0,0,0,0,0,0,0,0,0,0,0,0,0.0003487358326068,0,0,0,0,0,0,0,0,0,0,0,0,0,0,0,0,0,0,0,0,0,0,0,0,0,0,0,0,0,0,0,0,0,0,0,0,0,0,0,0,0,0,0,0,0,0,0,0,0,0,0,0,0,0,0,0,0,0,0,0,0,0.000450180072028812,0,0,0,0,0,0,0,0,0,0,0,0,0,0,0,0,0,0,0,0,0,0,0,0,0,0,0,0,0,0,0,0,0,0,0,0,0,0,0,0,0,0,0,0,0,0,0,0,0,0,0,0,0,0,0,0,0,0,0,0,0,0,0,0,0,0,0,0,0,0,0,0,0,0,0,0,0,0,0,0,0,0,0,0,0,0,0,0,0,0,0,8.03535556448373e-05,0,0,0,0,0,0,0,0,0,0,0,0,0,0,0,0,0,0,0,0,0,0,0,0,0,0,0,0,0,0,0,0,0,0,0,0,0,0,0,0,0.000186962482861772,0,0,0,0,0,0,0,0,0,0,0,0,0,0,0,0,0
0,0,0,4.33179843275533e-06,0,2.76571618220538e-05,0,0,0,0,0,0,0,0,0,0,0,0,0,0,0,0.0105263157894737,8.20761995436563e-06,0,0,0,0,0,0,0,0,0,0,0,0,0,0,0,0,0,0,7.74035744970703e-06,0,0,0,0,0,0,0,0,0,0,0,0,0,0,0,0,0,0,0,0,0,0,0.972413793103448,0,0,0,0,0,0,0,0,0,1.30206637934402e-05,0,0,0,0,0,0,0,0,0,0,0,0,0,0,0,0,0,0,0,0,0,0,0,0,0,0,8.16459830176355e-06,0,0,0,0,0,0,0,0,0,0,0,0,1.385148986625e-06,0,0,8.69746729752296e-05,3.26675682915515e-06,0,0,0,0,0,0,0,0,0,0,0,0,0,0,0,0,0,0,0,4.07697325505545e-05,0,0,0,0,0.000128700128700129,0,0,0,0,0,0,6.69792364367046e-05,0,0,0,0,0,0,0,0,0,0,0,0.00041458815347786,0,0,0,0,0,0,0,0,0,0,0,0,0,0,0,0,0,0,0,0,0,0,0,0,0,0,0,0,0,0,0,0,0,0,0,0,0,0,0,0,0,0,0,2.08685490097873e-05,0,0,0,0,0,0,0,0,0,0,0,0,0,0,0,0,0,0,0,1.99642639674982e-05,0,0,0,0,0,0,0,0,0,0,0,0,0,0,0,0,0,0,0,0,0,0,0,0,0,0,0,0,0,0,0,0,0,0,0,0,0,0,0,0,0,1.06104926508871e-06,0,0,1.42188248709997e-06,0,0,0,0,0,0,0,0,0,0,0,0,0,0,0,0,0,0,0,3.5650623885918e-05,0,0,0,0,0,0,0,0,0,0,0,0,0,0,0,0,0,0,0,0,0,0,0,0,0,0,0,0,0,0,0,0,0,0,0,4.2923521016429e-05,0,0,0,0,4.84439793822424e-06,0,6.57591898467811e-05,0,0,0,0,0,0,2.78251965502321e-06,0,0,0,0,0,0,0,0,0,0,0,0,0,0,0,0,0,0,0,0,0,0,0,0,0,0,0,0,0,0,0,0,0,0.00126586609189504,4.74304550952166e-05,0,0,0,0,0,0,0,0,0,0,0,0,0,0,0,0,0,0,0,4.17367496254127e-06,0,0,0,0,0,0,0,0,0,0,0,0,0,0,1.19198603945951e-06,0,0,0,0,0,0,0,0,0,0,0,0,0,0,0,0,0,0,0,0,0,9.82163903512218e-06,0,0,0,0,0,0,0,0,0,0,0,0,0,0,0,0,0,0,0,0,0,0,0,0,0,0,0,0,0,0,0,0,0,0,0,0,0,0,0,0,5.26703887074687e-05,0,0,0,0,0,0,0,0,0,0,0,0,0,0,0,0,0,0,0,1.45169485374174e-05,1.63259975184484e-05,0.00112181441287648,0,0,0,0,0,0,0,0,0,0,1.57797741499062e-05,0,0,0,0,0,0,0,0,0,0,0,0,0,0,0,0,7.16055394045283e-06,0,2.61749270373909e-05,0,0,0,0,0,0,0,0,0,0,0,2.25580870742161e-05,0,0,0,0,0,0,0,0,0,0,0,0,0,0,0,0,0,0,0,0,0,0,0,0,0,0,0,0,0,0,0,0,0,0,0,0,0,0,0,0,0,0,0,0,1.4719346225518e-06,0,0,0,0,0,0,0,0,0,0,8.3108248493663e-05,0,2.17520240258356e-06,0,0,0,0,0.000104887770086008,0,0,0,0,0,0,0,0,0,0,0,0,0,0,0,0,0,0,3.96852168598675e-06,0,0,1.91982798341269e-05,0,0,0,0,0,0,0,0,0,0,0,0,0,0,0,0,0,0,0,0,0,9.7747963584092e-06,0,0,0
8.21827744904668e-05,0,0,0,0,0,0,0,0.000382628658886551,0,0,0,0,0,0,0,0,0,0,0,0,0,0,0,0,0,0,0,0,0,0,4.09785682088268e-05,0,0,0,0,0,0,0,0,0,0,0,0,0,0,0,0,0,0,0,0,0,0,0,0,0,0,0,0,0,0,0,0.00343347639484979,0,0.989526125843402,0,0,0,0,0,0,0,0,0,0.000115365387819979,0,0,0,0,0,0,0,0.000260756192959583,0,0,0,0,0,0,0,0,4.76054460630296e-05,0,0,0,0,0,0,0,0,0,0,0,0,0,0,0,0,0,0,0,0,0,0,0,0,0,0,0.00240607070146215,0,0,0,0,0,0,0,0,0.000683176771989752,0,0,0,0,0,0,0,0,0,0,0,0,0,0,0,0,0,0,0,0,0,0,0,0,0,8.11095790412848e-05,0,0,0,0,0,0,0,0,0,0,0,0,0,0,0,0,0,0,0,0,0,0,0,0,0,0,0,0,0,0.00218272528843156,0,0,0,0,0.000164609053497942,0,5.07572988995818e-06,0,0,0,0,0,0,1.82575038340758e-05,0,0,0.000105218855218855,0,0,0,2.68716074595582e-05,0,0,0,0,0,0,0,0,0,0,0,0,0,0,0,0,0,0,0,0,0,0,0,0,0,0,0,0,0,0,0,0,0,0,0,0,1.74895499938787e-05,0,0,0,0,0,0,0,0,0,0,0,0,0,0,2.09308361450423e-05,0,0,0,0,0.000172497067549852,0,0,0,0,0,8.16191742375933e-08,0,0,2.84376497419994e-06,0,0,0,0,0,0,0,0,0,0,0,0,0,0,0,0,0,0,0,0,0,0,0,0,0,0.00293111871030777,0,0,0,0,0,0,0,0,0,0,0,0,0,0,0,0,0,0,0,0,0,0,0,0,0,0,0,0,0,0,0,0,0,0,4.84439793822424e-06,0,0,0,6.6554854511088e-06,0,0,0,0,0,4.0126800690181e-06,0,0,0,0,0,0,0,0,0,0,0,0,0,0,0,0,0,0,0,0,0,0,0,0,0,0,0,0,0,0,0,0,0,0,0,0,0.00263466042154567,0.000116822429906542,0,6.8260783497273e-06,0,0,0,0,0,0.000173460537727667,0,0,0,0,0,0,0,0,0,0,3.38249222026789e-05,0,0,0,0,0,0,8.8073135932078e-06,0,0,0,0,0,0,0,0,0,0,0,0,0,0,0,0,0,0,0,0,0,0,0,0,0,0,0,0,0,0.003487358326068,0,0,0,0,0,0,0,0,0,0,0,0,0,0,0,0,0,0,0,0,0.000450272977992908,0,0,0,0,0,0,0,0,0,0,0,0,0,4.94657696873763e-05,0.000415368639667705,0,0,0,0,0,0,0,0,0,0,0,8.56769550410178e-05,0,0,0,0,0,0,0,0,0,0,0,0,1.10308311731289e-05,0.00210084033613445,0,0,0,0,0,0,0,0,8.30514428942431e-07,0,0,0,0,0,0,0,0,0,0,0,0,0,0.000165070980521624,0,0,0,0,0,0,0,0,0.000155400155400155,0,0,0,0,0,0,0,0,0,0,0,0,0,0,0,0,0,0,0,0,0,0,0,0,0,0,0,0,0,0,0,0,0,0,0,0,0,0,0,0,0,0,0,0,0,0,0,0,0,0,0,0,0,0,0,0,0,0,0,0.000160707111289675,0,0,0,0,0,7.25067467527853e-07,0,0,0,0,0,0,0,0.000207339829981339,0,0,0,0,0,0,0,0,0,0,0,0,0,0,0,3.96852168598675e-06,0,0,0,0,0,0,0,0,0,0,0.000186962482861772,0,0,0,0,0,0,0,0,0,0,0,0,0,0,0,0,7.63358778625954e-07
0,0,0,0,0,0,0,0,0,0,0,0,0,0,0,0,0,0,0,0,0,0,0,0,0,0,0,0,0,0,0,0,0,0,0,0,0.000175177367084173,0,0,0,0,0,0,0,0,0,0,0,0,0,0,0,0,0,0,0,0.000433181719731427,0,0.000154942671211652,0,0,0,0,0,0,0,0.976280292638317,0,0,0,0,0,0,0,0,0,0,0,0,0.000185459940652819,0,0,0,0,0,0,0,0,0,0,0,0,0,0,0,0,0,0,0,1.6412007024339e-05,0,0,0,0,0,0,0,0,0,0,0,0,0,2.4515812699191e-05,0,0,0,0,0,0,0,0,0,0,0,0,0,0,0,0,0,0,0,0,0,0,0,0.00012131505519835,0,0,0,0,0,0,0,0,0.000241798984444265,0,0,0,0,0,0,0,0,0,0,0,0,0,0,0,0,0,0,0,0,0,0,0,0,0,0,0,0,0,0,0,0,0,0,0,0,0,0,0,0,0,0,0,0,1.01514597799164e-05,0,0,0,1.92722787542399e-05,0,0,0.00388884831665815,0,0,0.000789141414141414,0,0,0,0,0,0,0,0,0,0,0,0,0,0,0,0,0,0,0,0,0,0,0,0,0,0,5.03537349882928e-05,0,0,0,0,0,0,0,0,0,0,0,0,0,1.74895499938787e-05,0,0,0,0,0,0,9.82817081360874e-05,0,0,0,0,0,0,0,0,0,0,0,0,5.30760207845697e-06,0,0,0,0,0,0,0,0,2.84376497419994e-06,0,0,0,0,3.32845160431367e-05,0,0,0,0,0,0,0,0,0,0,0,0,0,0,0,0,0,0,0,0,0,0,0,0,0,0,0,0,0,0,0,0,0,0,0,0,0,0,0,0,0,0,3.90734385277128e-05,0,0,0,0,0,0,0,0,0,0,0,0,0,0,0,0,0,0,0,0,0,0,0,0,0,0,0,0,0,0,0,0,0,0,2.38445336406629e-05,0,0,0,0,0,0,0,1.67156993848623e-05,0,0,0,0,0,0,0,0,0,0,0,0,0,0,2.25326723749437e-05,0,0,0,0,0,0,0,0,0,0,0,0,0,0,0,0,0,0,0,0,0,0,0,0,0,0,3.09386795371574e-05,0,0,0,0,0,0.000279668127155775,0,0,0,0,0,0,0,0,0.000815660685154976,0,0,0,0,0,0,0,0,0,0,0,0,0,0,0,0,0,0,0,0,0,0,0,0,0.00901157275659268,0,0,0,0,0,0,0,0,0,0.000167750593579023,0,0,0,0,0,0,0,0,0,0,0,0,0,0,0,0,0,0,0,0,0,0,0,0,0,0,0,0,0,0,0,0,0,0,0,0,0,0,0,0,0,0,0,0,0,0,0,0,0,0,0,0,0,0,0,0,0,0,0,0,0,0,0,0,0,0,0,0,0,0,0,0,0,0,0,0,0,0,0,0,0,0,0,0,0,0,0,0,0,0,0,0,0,0,0,0,0,0,0,0,0,0,0,0,0,0,0,0,0,0,0,0,0,0,0,0,0,0,0,0,0,0,5.29156524499947e-05,0,0,0,0,0,0,0,0,0,0,0,0.000446907400786557,0,0,0,0,0,0,0,0,0,0,0,0,0,0,0,0.000179662234998203,0,0,0,0,0,0,0,0,0,0,0,0,0,0,3.96852168598675e-06,0,0,0,0,0,0,0,0,0,0,0,0,0,0,0,0.000721153846153846,0,0,0,0,0,0,0,0,1.91662673694298e-07,0,0,0
0,0,0,0,0,0,0,0,0,0,0,0,0,0,0,0,0,0,0,0,0,0,0,0,0,0,0,0,0,0,0,0,0,0,0,0,0,0,0,0,0,0,0,0,0,0,0,0,0,0,0,0,0,0,0,0,0,0,0.000154942671211652,0,0,0,0,0,0,0,0,0.982767658236142,0,0,0,0.000284656988329063,0,0,0,0,0,0,0,0,0,5.76003686423593e-05,0,0,0,0,0,0,0,0,0,0,0,0,0,0,0,0,0,0.00066468628448573,0,0,0,0,0,0,7.48036404438349e-05,0,0,1.98027644659194e-05,0,0,0,0,0,0,0,0,0,0,0,0,0,0,0,0,0,0,8.5397096498719e-05,0,0,0,0,0,0,0,0,0.00012131505519835,0,0,0.000301318267419962,0,0,0,0.000172920629431091,0,8.05996614814218e-05,0,0,0,0,0,0,0,0,0,0,0,0,0,0,0,0,0,0,0,0,0.0010138315591281,0,0,0,0,0,0,0,0,0,0,0,0,0,0,0,0,0,0,0,0,0,0,0,0,0,0,0,0,0,0,0,0,0,0,0,0,0,2.68716074595582e-05,0,0,0,0,0,0,0,0,0,0,0,0,0,0,0,0,0,0,0,0,0,0,0,0,0,0,0.000821692686935086,0,0,0,0,0,0,0,0,0,0,0,0,0,0,0,0,0,0,0,0,0,0,0,0,0,0,0,0,0,0,0,0,0,0,0,0,0,0,0,0,0,0,0,0,0,0,0,0,0,0,0,0,0,0,0,0,0,0,0,0,0,0,0,0,0,0,0,0,0,0,0,0,0,0,0,0,0,0,0,0,0,0,0,0,0,0,1.73659726789835e-05,0,0,0,8.11293201362973e-05,0,0,0,0,0,0,0,0,0,0,0,0,0,0,0,0,0,0,0,0,0,0,0,0,0,0,0,0,0,0,0,0,0,0.000310302027306578,0,0,0,0,0,0,0,0,0,0,0,0,0,0,0,0,0,0,0,0,0,0,0,0,0,0,0,0,0,0,0,0,0,0,0,0,0,0,0,0,0,0,0,0,0,0,0,0,0,0,0,0,0,0,0,0,0,0,0,0,0,0,0,0.00116924875767319,0,0,0,0,0,0,0,0,0,0,0,0,0,0,0,0,0,0,0,0,0,0,0,0,3.33150100777905e-05,0,0,0,0,0,0,0,0,0,0,0,0,0,0,0,0,0,0,0,0,0,0,0,0,0,0,0,0,0,0,0,0,0,0,0,0,0,0,0,0,0,0,0,0,0,0,0,0,0,0,0,0,0,0,0,0,0.000315905860053704,0,0,0,0,0,0,0,0,0,0,0,0,0,0,0,0,0,0,0,0,0,0,0,0,0,0.00011595547309833,0,0,0,0,0,0,0,0,0,0,0,0.000821162531526776,0,0,0,0,0,0,0,0,0,0,0,0,0,0,0,0,0,0,0,0,0,0,0,0,0,6.83060109289617e-05,0,0,0,0,0,0,0,0,0,0,0,0,0,0,0,0,0,0,0,0,0,0,0,0,0,0,0,0,0,0,0,0,0,0,0,0,0,0,0,0,0.0092378752886836,0,0,0,0,0,0,0,0,0,0,0,7.93704337197351e-06,0,0,0,0,0,0,0,0,0,0.000516795865633075,0.000498566620964726,0,0,0,0,0,0,0,0,0,0,0,0,0,0,0,0,0
0,0,0,0,0,0,0,0,0,0,0,0,0,0,0,0,0,0,0,0,0,0,0,0,0,0,0,0,0,0,0,0,0,0,0,0,0,0,0,0,0,0,0,0,0,0,0,0,0,0,0,0,0,0,0,0,0,0,0,0,0,0,0,0,0,0,0,0,0.956295108259824,0,0,0,0,0,0,0,0,0,0,0,0,0,0,0,0,0,0,0,0,0,0,0,0,0,0,0,0,0,0,0,0,0,0,0,0,0,0,0,0,0,0,0,0,0,0,0,0,0,0,0,0,0,0,0,0,0,0,0,0,0,0,0,0,0,0,0,0,0,0,0,0,0,0,0,0,0,0,0,0,0,0,0,0,0,0,0,0,0,0,0,0,0,0,0,0,0,0,0,0,0,0,0,0,0,0,0,0,0.000126921002252848,0,0,0,0,0,0,0,0,0,0,0,0,0,0,0,0,0,0,0,0,0,0.000782064650677789,0,0,0,0,0,0,0,0,0,0,0,0,0,0,0,0,0,0,0,0,0,0,0,0,0,0,0,0,0,0,0,0,0,0,0,0,0,0,0,0,0,0,0,0,0,0,0,0,0,0,0,0,0,0,0,0,0,0,0,0,0,0,0,0,0,0,0,0,0,0,0,0,0,0,7.49456643933148e-05,0,0,0,0,0,0,0,0,0,0,0,0,0,0,0,0,0,0,0,0,0,0,0,0,0,0,0,0,0,0,0,0,0,0,0,0,0,0,0,0,0,0,0,0,0,0,0,0,0.000162258640272595,0,0,0,0,0,0,0,0,0,0,0,0,0,0,0,0,0,0,0,0,0,0,0,0,0,0,0,0,0,0,0,0,0,0,0,0,0,0,0,0,0,0,0,0,0,0,0,0,0,0,0,0,0,0,0,0,0,0,0,0,0,0,0,0,0,0,0,0,0,0,0,0,0,0,0,0,0,0,0,0,3.09386795371574e-05,0,0,0,0,0,0,0,0,0,0,0,0,0,0.00324499729583559,0,0.000579038795599305,0,0,0,0,0,0,0,0,0,0,0,0,0,0,0,0,0,0,0,0,0,0,0,0,0,0,0,0,0,0,0,0,0,0,0,0,0,0,0,0,0,0,0,0,0,0,0,0,0,0,0,0,0,0,0,0,0,0,0,0,0,0,0,0,0,0,0,0,0,0,0,0,0,0,0,0,0,0,0,0,0,0,0,0,0,0,0,0,0,0.000945626477541371,0,0,0,0,0,0,0,0,0,0,0,0,0,0,0,0,0,0.000680016204641472,0,0,0,0,0,0,0,0,0,0,0,0,0,0,0,0,0,0,0,0,0,0,0,0,0,0,0,0,0,0,0,0,0,0,0,0,0,0,0,0,0,0,9.6515780330084e-05,0,0,0,0,0,0,0,0,0,0,0.000400320256204964,0,0,0,0,0,0,0,0,0,0,0,0,0,0,0,0,0,0.000375206363499925,0,0,0,0,0,0.000557724484104852,0,0,0.002313743637205,0,0,0,0,0,0,0,0,0,0,0,0,0,0,0,0,0,0,0,0,0,0,0,0.000271812992661049,0,0,0,0,0,0,0,0,0,0,0,0,0,0,0
0,0,0,0,0,0,0,0,0,0,0,0,0,0,0,0,0,0,0,0,0,0,0,0,0,0,0,0,0,0,0,0,0,0,0,0,0,0.00396253602305476,0,0,0,0,0,0,0,0,0,0,0,0,0,0,0,0,0,0,0,0,0,0,0,0,0,0,0,0,0,0,0,0.978466517301469,0,0,0,0,0,1.28183764244421e-05,0,0,0,0,0,0,0,0,0,0,0,0,0,0,0,0,0,0,0,0,0,0,0,0,0,0,0.000628009210801758,0,0,0,0,0,0,0,0,0,0,0,0,0,0,0,0,0,0,0,0,0,0,0,0,0,0,0,0,0,0,0,0,0,0,0,0,0,0,0,0,0,0,0,0,0,0,0,0,0,0,0,0,0,0,0,0,0,0,0,0,0,0,0,0,0,0,0,0,0,0,0,0,0,0,0,0,0,0,0,0,0,0,0,0,0,0,0,0,0.000309619523287449,0,0,0,0,0,0,1.82575038340758e-05,0,0,0,0,0,0,0,0,0,0,0,0,0,0,0,0,0,0,0,0,0,0,0,0,0,0,0,0,0,0,0.000349040139616056,0,0,0,0,0.000436758925249519,0,0,0,0,0,0,0,0,0,0,0,0,0,0,0,0,0,0,0,0,0,0,0,0,0,0,0,0,0,0,0,0,0,0,0,0,0,0,0,0,0,0,0,0,0,6.07182974589393e-05,0,0,0,0,0,0,0,0,0,0,0,0,0,0,0,0,0,0,0,0,0,0,0,0,0,0,0,0,0,0,0,0,0,0,0,0,0,0,2.17074658487294e-06,0,0,0,0,0,0,0,0,0,0,0,0,0,0,0,0,0,0,0,0,0,1.39125982751161e-06,0,0,0,0,0,0,0,0,0,0,0,0,0,0,0,0,0,0,0,0,0,0,0.000100190361687206,0,0,0,0,0,0,0,0,0,0,0,0,0,0,0,0,0,0,0,0,0,0,0,0,0,0,0,0,0,0,0,0,0,0,0,0,0,0,0,0,0,0,0,0,0,0,0,0,0.000527611677805135,0,0,0,0,0,0,0,0,4.37171847881684e-06,0,0,0,0,0,0,0,0,0,0,0,0,0,0,0,0,0,0,0,0,0,0,0,0,0,0,0,0,0,0,0,0,0,0,0,0,0,0,0,0,0,0,0,0,0,0,0,0,0,0,0,0,0,0,0,0,0,0,0,0,0,0,0,0,0,0.000928397354067541,0,0,0,0,0,0,0,0,0,0,0,0,0,0,0,0,0,0,0,0,0,0,0,0,0,0,0,0,0,0,0,0,0.000330141961043249,0,0,0,0,0,0,0,0,0,0,0,0,0,0,0.00100334448160535,0,0,0,0,0,0,0,0,0,0,0,0,0,0,0.000243961941937058,0,0,0,0,0,0,0,0,0.000118764845605701,0,0,0,0,0,0,0,0,0,0,0,0,0,0,0,0,0,0,0,0,0,0,0,0,0,0,0,0,0,0,0,0,0,0,0,0,0,0,0,0,0,0,0,0,0,0,0,0,0,0,0,0,0,0,0,0,0,0,0,0,0,0,0,0,0,0,0,0,0,0,0,0,0,0,0,0,0,0,0,0,0,0,0,0,0,0,0,0
0,0,0,4.33179843275533e-06,0,0,0,0,0,0,0,0,0,0,0,0,0,0,0,0,0,0,0,0,0,0,0,0,0,0,0,0,0,0,0,0,0,0,0,0,0,0,0,0,0,0,0,0,0,0,0,0,0,0,0,0,0,0,0,0,0,0,0,0,0,0,0,0,0,0,0.980517299294592,0,0,0,0,0,0,0,0,0,0,0,0,0,0,0,0,0,0,0,0,0,0,0,0,0,0,0,0,0,0,0,0,0,0,0,0,0,0,0,0,0,0,0,1.385148986625e-06,0,0,0,3.26675682915515e-06,0,0,0,0,0,0,0,0,0,0,0,0,0,0,0,0,0,0,0,0,0,0,0,0,0,0,0,0,0,0,0,0,0,0,0,0,0,0,0,0,0,0,0,1.33738114025116e-05,0,0,0,0,0,0,0,0,0,0,0,0,0,0,0,0,0,0,0,0,0,0,0,0,0,0,0,0,0,0,0,0,0,0,0,0,0,0,0,0,0,0,0,0,0,0,0,0,0,0,0,0,0,0,0,0,0,0,0,0,0,0,0,0,0,0,0,0,0,0,0,0,0,0,0,0,0,0,0,0,0,0,0,0,0,0,0,0,0,0,0,0,0,0,0,0,0,0,0,0,0,0,0,0,0,8.16191742375933e-08,0,0,0,0,0,0,0,0,0,0,0,0,0,0,0,0,0,0,0,0,0,0,0,0,0,0,0,0,0,0,0,0,0,0,0,0.000383725647125895,0,0,0,0,0,0,0,0,0,0,0,0,0,0,0,0,0,0,0,0,0,0,1.07308802541072e-05,0,0,0,0,0,0,0,0,0,0,0,0,0,0,0,0,0,0,0,0,8.20883270398949e-05,0,0,0,0,0,0,0,0,0,0,2.33399463181235e-05,0,0,0,0,0,0,0,0,0,0,0,0,0,0,0,0,0,0,0,0,0,0,0,0,0,0,0,0,0,0,0,0,0,0,0,0,0,0,0,0,0,0,0,0,0,0,0,0,0,0,0,0,0,0,0,0,0,0,0,0,0,0,0,0,0,0,0,0,0,0,0,0,0,0,0,0,0,0,0,0,0,0,0,0,0,0,0,0,0,0,0,0,0,0,0,0,0,0,0,0,0,0,0,0,0,0,0,0,0,0,0,0,0,0,1.97513957653007e-05,0,0,0,0,0,0,0,0,0,0,0,0,0,0,0,0,0,0,0,0,0,0,0,0,0,0,0,0,0,0,0,0,8.30514428942431e-07,0,0,0,0,0,0,0,0,0,0,0,0,0,0,0,0,0,0,0,0,0,0,0,0,0,0,0,0,0,0,0.00119557861493345,0,0,0,0,0,0,0,0,0,0,0,0,0,0,0,0,0,0,0,0,0,0,0,0,0,0,0,0,0,0,0,0,0,0,0,0,0,0,0,0,0,0,0,0,0,0,0,0,0,0,0,0,0,0,0,0,0,0,0,0,0,0,0,0,0,0,0,0,0,0,0,0,0,0,0,0,0,0,0,0,0,0,0,0,0,0,0,0,0,0,0,0,0,0,0,0,0,0,0,0,0,0,0,0,0,0,2.0603737422137e-06,0,0,0
0,0,0,0,0,0,0,0,0,0,0,0,0,0,0,0,0,0,0,0,0,0,0,0,0,0,0,0,0,0,0,0,0,0,0,0,0,0,0,0,0,0,0,0,0,0,0,0,0,0,0,0,0,0,0,0,0,0,0,0,0,0,0,0,0,0,0,0,0,0,0,0.895530885283234,0,0,0,0,0.000111982082866741,0,0,0,0,0,0,0,0,0,0,0,0,0,0,0,0,0,0,0,0,0,0,8.2060035121695e-06,0,0,0,0,0,0,0,0,0,0,0,0,0,0,0,0,0,0,0,0,0,0,0,0,0,0,0,0,0,0,0,0,0,0,0,0,0,0,0,0,0,0,0,0,0,0,0,0,0,0,0,0,0,0,0,0,0,0,0,0,0,0,0,0,0,0,0,0,0,0.000996532068401961,0,0,0,0,0,0,0,0.000581721260325552,0,0,0,0,0,0,0,0,0,0,0,0,0,0,0,0,0,0,0,0,0,0.000260688216892596,0,0,0.00265604249667995,0,0,0,0,0,0,0,0,0,0,0,0,0,0,0,0,0,0,0,0,0,0,0,0,0,0,0,0,0,0,0,8.08812824536146e-06,0,0,0,0,0,0,0,0,0,0,0,0,0,0,8.19014234467395e-06,0,0,0,0,0,0,0,0,0,0,0,0,0,0,0,0,0,0,0,0,0,0,0,0,0,0,0,0,0,0,0,0,0,0,0,0,0,0,0,0,0,0,0,0,0,0,0,0,0,0,0,0,0,0,0,0,0,0,0,0,0,0,0,0,0,0,0,0,0,2.38782124336023e-05,0,0,0,8.11293201362973e-05,0,0,0,0,0,0,0,0,0,0,0,0,0,0,0,0,0,0,0,0,0,0,0,0,0,0,0,0,0,0,0,0,0,0,0,0,0.000423614587745985,0,0.000117009895694036,0,0,0,0,0.00136855070480361,0,0,0,0,0,0,0,0,0,0,0,0,0,0,0,0,0,0,0,0,0,0,0,0,0,0,0,0,0,0,0.0020935960591133,0,0,0,0,0,0,0,8.8073135932078e-06,2.03636956034781e-05,0,0,0,0,0,0.000175870559268378,0,0,0.000207986688851913,0,0,0,0,0,0,0,0,0,0,0,0,0,0,0,0,0,0,0,0,0,0,0,0,0,0,0,0,0,0,0,0,0,0,0,0,0,0,0,0,0,0,0.00445663352759685,0,0,0,0,0,0,0,0,0.000436871996505024,0,0.000320615581917281,0,0,0,0,0,0,0.000542299349240781,0,0,0,0,0,0,0,0,0,0,0,0,0,0,0,0,0,0,0,0,0,0,0,5.83294447036864e-05,0,0,0,0,0,0,0,0,0,0,0,0,0,0,0,0,0,0,0,0,0.000110277900308778,0,0,0,0,0,1.44684298859888e-05,0,0,0,0,0,0,0,0,0,0,0,0,0,0,0,0,0,0,0,0,0,0,0,0,0,0,0,0,0,0.000243842965130456,0,0,0,0,0,0,0,0,0,0,0,0,0,0.00235232618923157,0,0,0,0,0,0,0,0,0,0,0,0.00132034989272157,0,0,0,0,0,0,0,0.000276014352746343,0,0,0,0,0,0,0,0.00030016509079994,0,0,0,0,0,0,0,0,0.000462748727441,0,0,0,0,0,0,0,0,0,0,0,0,0,0,0,0,0,0.000388048117966628,0,0,0,0,0,0,0,0,0,0,0,0,0,0,0,0,0,0,0,0,0
0,0,0,0,0,0,0,0,0,0,0,0,0,0,0,0,0,0,0,0,0,0,0,0,0,0,0,0,0,0,0,0,0,0,0,0,0,0,0,0,0,0,0,0,0,0,0,0,0,0,0,0,0,0,0,0,0,0,0,0,0,0,0,0,0,0,0,0,0,0,0,0,0.970643939393939,0,0,0,0,0,0,0,0,0,0,0,0,0,0,0,0,0,0,0,0,0,0,0,0,0,0,0,0,0,0,0,0,0,0,0,0,0,0.00285986653956149,0,0,0,0,0,0,0,0,0,0,0,0,0,0,0,0,0,0,0,0,0,2.96577495699626e-05,0,0,0,0,0,0,0,0,0,0,0,0,0,0,0.00134498991257566,0,0,0,0,0,0,0,0,0,0,0,0,0,0,0,0,0,0,0,0,0,0,0,0,0,0,0,0,0,0,0,0,0,0,0,0,0,0,0,0,0,0,0,0,0,0,0,0,0,0,0,0,0.00010972130787799,0,0,0,0,0,0,0,0,0,0,0,0,0,0,0,0,0,0,0,0,0,0,0,0,0,0,0,0,0,0,0,0,0,0,0.000216076058772688,0,0,0,0,0,0,0,0,0,0,0,0,0,0,0,0,0,0,0,0,0,0,0,0,0,0,0,0,0,0,0,0,0,0,0,0,0,0,0,0,0,0,0,0,0,0,0,0,0,0,0,0,0,0,0,0,0,0,0,0,0,0,0,0,0,0,0,0,0,0,0,0,0,0,0,0,0,0,0,0,0,0,0,0,0,0,0,0,0,0,0,0,0,0,0,0,0,0,0,0,0,0,0,0,0,0,0,0,0,0,0,0,0,0,0,0,0,0,0,0,0,0,0,0,0,0,0,0,0,0,0.000172205958326158,0,0,0,0,0,0,0,0,0,0,0,0,0,0,0,0,0,0,0,0,0,0,0,0,0,0,0,0,0.000259134490800726,0,0,0,3.38249222026789e-05,0,0,0,0,0.000123754718148629,0,0,0.000122182173620869,0,0,0,0,0,0,0,0,0,0,0,0,0,0,0,0,0,0,0,0,0,0,0,0,0,0,0,0,0,0,0,0,0,0,0,0,0,0,0,0,0,0,0,0,0,0,0,0,0,0,0,0,0,0,0,0,0,0,0,0,0,0,0,0,0,0,0,0,0,0,0,0,0,0,0,0,0,0,0,0,0,0,0,0,0,0,0,0,0,0,0,0,0,0,0,0,0,0,0,0,0,0,0,0,0,0,0,0,0,0,0,0,0,0,0,0,0,0,0,0,2.89368597719775e-05,0,0,0,0,0,0,0,0,0,0,0,0,0,0,0,0,0,0,0,0,0,0,0,0,0,0,0,0,0,0,0,0,0,0,0,0,0,0,0,0,0,0,0,8.7123192193762e-05,0,0,0,0,0,0,0,0,0,0,0,0,0,0,0,0,0,0,0,0,0,0,0,0,0,0,0,0,0,0,0,0,0,0,0,0,0,0,0,0,0,0,0,0,0,0,0,0,0,0,0,0,0,0,0,0,0,0,0,0.00118496175805235,0,0,0,0,0,0,0,0,0,0,0,0,0,0,0,0
0,0,0,0.000164608340444702,0,2.76571618220538e-05,5.72722925239613e-06,2.55304870487486e-05,0,0,0,0,0,0,0,0,0,0,0,0.000109553946891617,6.34367493317996e-06,0,8.20761995436563e-06,0,0,0,0,5.51389501543891e-05,0,0,0.000145053669857847,0.000491742818505921,0.000260734825233171,0,0,0,0,0,0,0.00695450594030716,0,9.28842893964843e-05,0,0,0.000201511335012594,0,0,0,0.000220409962530306,0.00129751718333567,0,0,0,0.000986436498150432,0,0,0,0.000189861401177141,0,6.66666666666667e-05,1.13834927970949e-05,0,0,0,0.000106923282544774,0,5.71559213534522e-05,0,0,0.000124470998257406,0,0,0,0.990810160785071,0,0,0,0,0,0,0,0,0,0,3.81239621810295e-05,3.56188780053428e-05,4.7431579945928e-05,0,0.000193264724356187,0,0,0.000177392332709175,0,6.15246421573001e-06,0.000174096391368688,6.03536725209729e-05,0,0.000510735663649921,6.35073859089812e-06,8.2060035121695e-06,0,4.08229915088178e-05,0,0,0,2.15135499508774e-05,0,0,0,0,0,0,0,0,9.69604290637501e-06,0,0,6.95797383801837e-05,0.000859157046067805,0,0,0.00187307183781402,0,0,0,0,0,0,0,5.50666857564511e-05,0,0,0,0,1.29428057414286e-05,0,0,0,0.000611545988258317,0,0,0,0,4.29000429000429e-05,0,0,0,0,0,5.82648721086057e-05,0.000133958472873409,0.000594000594000594,0,0,8.11095790412848e-05,8.10418743364697e-06,0,0.0226888727974897,0,0,0,0.000408952338463826,0,0,0,0,0,0,0,0,0,0,0,2.12172326363472e-05,0,0,0,1.05767501877373e-05,0,0,0,0,0,0,0,0.000101791530944625,0.000262881177707676,0,3.81058835484199e-05,0,0,0,3.65328832482117e-06,3.45227574016792e-06,0,0,0,5.31575590048905e-05,1.82575038340758e-05,0,0,0,0,0,0,0,6.2605647029362e-05,0,1.7028232809999e-05,9.83654933849206e-05,3.76789751318764e-05,0,0,1.46447191142874e-05,0,4.30700318718236e-05,0,0,0,0.00343544231319782,0,0,0,0,0,0,0,0,0,0,4.90329992084673e-05,6.92022366162874e-05,0,0,8.08812824536146e-06,0,0,0,2.09762339269608e-05,0,0,0,0,0,0,0,0.0004004004004004,0,0,0,0,0,0,0,0,0.000346100599907707,0,0,0,0.000440601420939583,0,0,1.85766072745994e-05,0,0,0,0,0,1.10185885220751e-05,0,2.20157632865131e-05,1.70625898451997e-05,0,2.83136129019471e-06,0,0,6.65690320862735e-05,0,0.000155358970609738,1.24125689673363e-05,0,0,0,0,1.90124912067228e-05,8.21031544031922e-06,0,0,0,0,0,0,0,0,0,0,0,0,0.000142938822184105,3.18025696476275e-05,0,0,0,0,3.28907697536481e-05,0,0,0,0,0,0,0,0,1.20235661897319e-05,0,0,0,0,0.000122249388753056,0,0,0,0,0,0.000558784085829236,0.000562682871933378,0.00833029478585252,2.14617605082145e-05,0.000795123244102836,0,0.00105795438244154,0,0.00104154555671821,7.2576840730123e-05,0,0,3.99329127066528e-05,0,1.6548345992818e-05,0,0,5.56503931004643e-06,2.80887604831267e-05,0,2.04561726500972e-05,0,0,0.00154025067838222,0,0,0,0,0,0,0,2.12089077412513e-05,0,0,0,0,3.85104170678168e-05,0,0,0,0,0,0,0,0.000736762049624489,0,0.00015271838729383,0,0,0,0.000256180350967081,3.42125970782442e-05,3.55728413214125e-05,0,9.62788234727772e-05,0,0,0,0.000109217253595637,0,0,0,4.95123038074962e-05,0,0,0,1.05983848061555e-05,0,6.69030574697264e-05,0,5.49111963929445e-05,0,0.000755435168219969,0,0,3.38249222026789e-05,0,0,4.00201701657635e-05,0,0,0,0,0,5.84521861117606e-05,0.00064812045069299,0,5.95993019729753e-06,0,0,0,0,0,8.98553329140084e-05,0,0,0,0,4.37171847881684e-06,4.65116279069767e-05,5.94078228221092e-06,0,0.000272623308938858,0,8.95575855274942e-05,0,0,0,6.32405613462191e-05,0,0.000108225108225108,0,0,0,0.000666222518321119,0,0,0,0,0,0,0,0,0,0,0,0,8.30426839395449e-05,0.00356930398572278,0,0,0,5.36826283014816e-05,0,0,0,0,0,0,0,1.26778062324095e-05,0,0,0,0,0,0.000320615581917281,0,0,0.000376931775348662,5.26703887074687e-05,0,5.85720142915715e-05,0,0,0,0,0,0,0,2.14192387602545e-05,0,0,0,0,8.10569830590905e-05,0,0,0,0,0,0.000114281982629139,2.43872698451408e-05,2.20616623462578e-05,0,0,2.49641919871185e-05,0,0,0,6.6010957818998e-05,0,0,0.000191018318656759,0,0,0,0,8.20124768314753e-06,0,0,7.94827264164815e-05,6.7288411589756e-06,0.00416752630493088,0.0010989010989011,0,0,0,0,0,6.68318367775598e-05,0,0.00014396209870565,0,0,2.3191094619666e-05,0.000310800310800311,0,7.32198425773385e-05,6.58327847267939e-05,2.6967189021118e-06,0,0,0,2.25580870742161e-05,0,0,0,0,0,4.98843929194093e-06,0,0,0,0,0,0,0,0,0,0,0,1.18133490844654e-05,1.54419485680166e-05,0,9.23124499493435e-06,0,0.000117111691092819,0,0.00421189049084724,0.0148461451118429,0,0,0,2.84867821330902e-05,0,0,0,0,0,0,4.88352786052644e-05,0,0,4.71827198007002e-06,0,0,0,0,5.00457771667614e-05,0,0,0,0,0,0,0,3.04766548823601e-05,0,0,1.38513747489438e-05,0.000114974623458108,3.62533733763927e-06,0,3.29612375846005e-05,0,0,0,0,0.0134962187318208,0,0.000179662234998203,0,0,0,0,0,0,5.48787180331467e-05,0,0,0,0,0,0,0,0.000138898259009536,0,0,0,0,0,3.24075574423956e-05,0,0,0,0,0,0,0,0,0,0,0,7.65081672468536e-06,0,0,0.000131831707408942,8.22828555442188e-06,0,0,2.87494010541447e-07,0,9.02527075812274e-08,3.81679389312977e-07
0,0,0,8.66359686551065e-06,0,2.76571618220538e-05,0.000300679535750797,0.000948275233239235,0,0,0,0,0,0,0,0,0,0,0,3.37089067358823e-05,1.05727915552999e-05,0,0.000336512418128991,0,0,0,0,0,4.4531528322052e-05,0,0,0,1.48991328704669e-05,0,0,0,0,0,0,0,0,8.51439319467773e-05,0,0,0,0,0,0,0,0,0,0,0,0,0,0,0,0,0,0,6.26092103840221e-05,0,0.00156645456958101,0,0.000160384923817161,0,0,0,0,0,0,0,0,7.42313345309322e-06,0.935860210153514,0,0,4.30904468479338e-05,0,0,0,0,3.19693094629156e-05,0,1.69439831915687e-05,0,0,0,0,0,0,0.00229624519562432,0,9.22869632359501e-06,9.67202174270488e-06,0.000201178908403243,0,0,0,0,0,0,0,0,0,0.0126858232877007,0,3.66260117935758e-05,0,0,0,0,0,0,4.155446959875e-06,0,0,6.95797383801837e-05,2.94008114623964e-05,0,0,0,0,0,3.92958189248664e-05,1.34391893480985e-05,0,0,0,0,0,0,2.96577495699626e-05,0,0,0,0,0,8.15394651011089e-05,0,0,0,0,4.29000429000429e-05,0,0,0,0,3.50274965848191e-05,0,6.69792364367046e-05,0,0,0,0,0,0,0,0,0,0,0,4.01214342075348e-05,0,0,0,0,0,0,0,0,0.000126382306477093,0,2.12172326363472e-05,0,0,0,2.11535003754746e-05,0,0,0,0,0,0,0,0.000101791530944625,0.000262881177707676,0,0.000190529417742099,0,0,0,6.21059015219599e-05,2.76182059213434e-05,0,0,0,0,1.82575038340758e-05,0,0,0,0,0,0.00012620950778292,0,2.08685490097873e-05,0,8.51411640499949e-06,1.63942488974868e-05,0,1.28390581266958e-05,0,0,0,0,0,0,0,0,0,0,0,0,0,0,9.98213198374909e-05,0,0,0,2.80188566905527e-05,1.38404473232575e-05,0,0,0,0,0,0,0,0,0,0,0,0,0,0,0,0,0,8.19014234467395e-06,0,0,0,0,0,0,0,0,0,5.50751776174478e-05,0,0,2.65380103922849e-06,0,0,0,0,0,7.77014538741888e-05,0,4.40315265730263e-05,8.53129492259983e-06,0,0,0,0,0.000399414192517641,0,0,1.86188534510045e-05,0,0,0,0,3.80249824134456e-05,0,0,0,0,0,0,0,0,0,0,0,0,0,0,0,0,0,0,0,0,0.00248743053717915,0,0,0,0,0,0,0,1.20235661897319e-05,0,0,0,0,0,4.34149316974587e-06,0,0,0,0,0,0.000112536574386676,2.8048130592096e-05,0,0,0,0,0,0,0.000108865261095185,6.57591898467811e-05,0,0,0,0.000148935113935362,0,0,1.25213384476045e-05,6.01902010352715e-05,0,0.000368211107701749,0,0,1.55058793125727e-05,0,0,0,0,0,0,0,0,0,0,0,0,0,0,0,0,0,0,0,0,0,0,0,0,0,0,0,3.42125970782442e-05,1.77864206607062e-05,2.25326723749437e-05,0,0,0,0,0,0,0,0,0,0,0,0,0,0,0,0,6.1012440436605e-06,0,2.08683748127063e-05,0,0,0,0,0,0.000104052442430985,0,0,0,0,0,0,3.32369461893841e-05,0,1.31118464340546e-05,0,0,0,0,0,0,0,0,0,0,0,0,0,0,2.83244996300112e-05,0,0,0,0,0,2.29965677622615e-05,0,0,0,0,0,0.000444148345547413,0,0,0,0,0,0,0,0,6.52656311186529e-05,0,0,0,0,0,0,0,0,0,0,0,0,0,0,0,0,3.80334186972286e-05,0.000101117346680823,0,0,0,0,0,0,0,0,1.31675971768672e-05,0,0,0,0,5.3984020729864e-05,0,0,0,0,0,3.5272124440055e-05,0,0,0,0,2.27128191151086e-05,0,0,0,0,0.000440801932998106,2.43872698451408e-05,1.10308311731289e-05,0,0,9.36157199516943e-06,0,0,0,0,0,0.000151469251741896,3.23900627287548e-05,0,0,0,0,0,0,0,6.35861811331852e-05,8.97178821196747e-06,0,0,0,0,0,0,0,0.00119103880542865,0.000134144160257557,2.61749270373909e-05,0,0,0,0,0,0,0,2.6967189021118e-06,0,0,0,2.25580870742161e-05,0,0,0,0,0,0.000249421964597046,0,0,0.000591433315893633,0,0,0,0,0,0,0,0,0.000626107501476669,0,0,2.30781124873359e-06,0,1.67302415846885e-05,0,0,0,0,0,0,0,1.8067500180675e-05,0,0,0,0,2.83350334353395e-05,0,0,0,4.71827198007002e-06,0,0,0,0,1.17754769804144e-05,0,0,0,0,0,0,0,0,0,0,1.38513747489438e-05,8.21247310415058e-06,2.10269565583078e-05,0,5.49353959743342e-05,0,0,0.000104887770086008,0,5.8173356602676e-05,0,0,0,0.000144320969836917,0,0,0,0,5.48787180331467e-05,0,0,0,0,0,0,0,1.5874086743947e-05,0,0,0,0,0,0,0,5.5972237770066e-05,0,6.45994832041344e-05,0,0,0,0,0,0,0,0,0,0,3.76662021168406e-05,0,0,0,2.87494010541447e-07,0,0,0
0.0221071663379356,0,6.6795805223432e-05,0,0,0,2.86361462619806e-06,3.64721243553552e-06,0,0.00948121645796064,0,0,0,0,0,0,0,0,0,8.42722668397057e-06,0,0,0,0,0,0,0,0,0,0,0,4.09785682088268e-05,0,0,0,0,0,0,0,0,0,0,0,0,0,0,0,0,0,0,0,0,0,0,0,0,0,0,0,6.66666666666667e-05,0,0,0,0,0,0.000470735917150479,5.71559213534522e-05,0,0,0,0,0,0,0,0,0.988835194134311,0.000111982082866741,0,0,0,0,0,0,0,0,0,0,0.000130446125750065,0,0,0,0,9.52108921260592e-05,0,0,0,0,0,0,0,0,0,0,0,0,0,0,0,0.000111794298490777,0,0,0,0,0,0,0,0,0,0,0,0,0,0,0,0,0,0,0,0.000170794192997438,0,0,0,0,0.000628140703517588,0,8.10482236930974e-05,0,0,0,0,0,0,0,0,0,0,0,0,0,0,0,0,0,0,0,0,7.63079177095415e-05,0,0.000659388966224632,0,0,0,0,0.000671140939597315,0,0,0,0,0,0,0,0,0,0,0.000108260257659413,0,0,1.05767501877373e-05,0,0,0,0,0,0,0.000103939299449122,0,0,0,0,0,0.000561482313307131,6.59844885694563e-05,0,0,0,0,0,0,0,0,0,0,0,0,0,0,0,0.000150647785477553,0,0,0,0,0,0,0,0,0,0,0,0,0,0,0,0,0,0,0,0,0,0,7.00471417263819e-06,0,0,0,6.47050259628917e-05,0,0,0,2.09762339269608e-05,0,0,0.000364298724954463,0,0,0,0,0,0,0,1.63802846893479e-05,0,0,0,0,0,0,0,0.000146515853015296,0,0,0,0,0.00012207484780451,0,0,0,0,0,0,0,0,2.84376497419994e-06,9.57982871266262e-06,0,0,0,0,0,0,0,0,0,0,0,0,0,0,0,0,0,0,0,0,0,0,0,0,0,0,0,0,0,0,0,0,0,0,0,0,0,0,0,1.74956698217191e-05,0,0,0,0,0,0,3.4731945357967e-05,0,0,0,0,0,0,0,0,0,0,0,0,0,0,0,0,1.99664563533264e-05,0,0,0,0,1.39125982751161e-06,0,0,0,0,0,0,0,0,0,0,0,0,7.94817788022096e-06,0,0,0,0,0,0,0,3.34313987697245e-05,8.34724540901503e-05,0,0,0,0,0,0,0.00015271838729383,0,0,0,0,0,0,0,0,0.00263466042154567,0.000116822429906542,0,0,0,0,0,0,0,0.00398959236773634,0,1.05983848061555e-05,0,0,0,0,0,0,0,0,3.38249222026789e-05,0,0,0,0,3.09386795371574e-05,0,2.64219407796234e-05,0,1.46130465279401e-05,0,0,1.19198603945951e-06,0,0,0,0,0,0,0,0,0,4.87186982363831e-05,4.37171847881684e-06,0,0,0,0,0,0,0,0,7.33352889410384e-05,0,0,0.000108225108225108,0,0,0,0,4.54256382302171e-05,0,0,0,0,0,0,1.66575050388953e-05,0,8.52514919011083e-05,0,0,2.7680894646515e-05,0,0,0,0,0,0.00506557100242022,0,0,0,0,0,0.00525900604785695,0,0,0,0,0,0,0,0.00321527502967946,0,0.000376931775348662,0,0,0,0,0,0,0,0,0,0,6.42577162807634e-05,0,0,0,0,0,2.27128191151086e-05,0,0,0.000125109470786939,0,0,0,0,0.00285114045618247,0,0,0,0,0.000315905860053704,0,0.000201409869083585,0,1.66102885788486e-06,0,0,0,0,0,0,0,0,0,0,0,0,0,0.000825354902608122,0,0,0,0,0,0,1.44684298859888e-05,0,0.000466200466200466,0,0,0,0,0,0,0,0,0,0,0,0,0,0,0,0.000158503724837534,0,0.000101564086938858,0,0,0.000731885825811174,0,0,0,0,0,0,0,0,0,0,0,0,0,0,0,0,0,0,0,0,0,0,0,0,0,0,0,0,0,0,0,0,0,0,0,0,4.65202828433197e-05,0,0,0,0,0,0,0,7.25067467527853e-07,0,2.19741583897337e-05,0,0,0,0,0,0,0,0,0,0,0,0,0,0,0,0,0,0,0,0.000112637981527371,0,0,0,0,0,0,0,0,0,0,5.71363272768826e-05,0,6.23208276205908e-05,0,0,0.00052044726922895,0.000104975855553223,0,0,7.65081672468536e-06,0,0,0,8.22828555442188e-06,0,0,4.79156684235745e-08,0,0,0
0,0,0,0,0,0,0,0,0,0,0,0,0,0,0,0,0,0,0,0,0,0,0,0,0,0,0,0,0,0,0,0,0,0,0,0,0,0,0,0,0,0,0,0,0,0,0,0,0,0,0,0,0,0,0,0.000135098621994056,0,0,0,0,0,0,0,0,0,0,0,0,0,0,0,0.000569313976658127,0,0,0,0,0.968868980963046,0,0,0,0,0,0,0,0,0,0,0,0,0,0,0,0,0,0,0,0,0,0,0,0,0,0,0,0,0,0,0,0,0,0,0,0,0,0,0,0,0,0,0,0,0,0,0,0,0,0,0,0,0,0,0,0,0,0,0.000567337565851682,0,0,0,0,0,0,0,0,0,0,0,0,0,0,0,0,0,0,0,0,0,0,0,0,0,0,0,0,0,0,0,7.24165399377218e-05,0,0.00135528361302667,0,0,0,0,0,0,0,0,0,0,0,0.0065091269279751,0,0,0,0,0,0,0,0,0,5.07572988995818e-06,0,0,0,0,0,0,1.82575038340758e-05,0,0,0,0,0,0,0,0,0,0,0,0,0,0,0,0,0,0,0,0,0,0,0,0,0,0,0,0,0,0,0,0,0,0,0,0,0,0,0,0,0,0,0.000364298724954463,0,0,0,0,0,0,0,8.19014234467395e-06,0,0,0,0,0,0,0,0,0,0,0,0,0,0,0,0,0,0,0,0,0,0,0,0,0,0,0,0,0,0,0,0,0,0,0,0,0,0,0,0,0,0,0,0,0,0,0,0,0,0,0,0,0,0,0,0,0,0,0,0,0,0,0,1.20235661897319e-05,0,0,0,0,0,0.000151952260941105,0,0,0,0,0,0,0,0,0,0,0,0,0,0,0,0,0,0,0,0,0,0,0,0,0,0,0,0,0,0,0,0,0,0,0,0,0,0,7.71783591880837e-05,0,0.000115531251203451,0,0.00128710885263439,0,0,0,0,0,0,0,0,0,0.000959140610013428,0,0,0,0,0,0,0,0,0,0,0,0,0,0,0,0,0,0,0,0,0,0,0,0,0,0,0,0,0,0,0,0,0,0,2.03636956034781e-05,0,0,0.000139834063577888,0,0,0,0,0,0,0,0,0,0,2.43593491181916e-05,0,0,0,0,0,0,0,0,0,0,0,0,0,0,0,0,0,0,0,0,0,0,0,0,0,0,0,0,0,0,0,0,0,0,0,0,0,0.000342817963661296,0,0,0,0,0,0,0,0,0,0.000228258388495777,0,0,0,0,0,0,0,0,0,0,0,0,0,0,0,0,0,0,0,0,0,0,0,0,0,0,0,0,0,0,0,0,0,0.000157952930026852,0,0,0,0,0,0,0,0,0,0,0,0,0,0,0,0,0,0,0.000441111601235112,0,0,0,0,0,0,0,0,0,0,0,0,0,0,0,0,0,0,0,0,0,0,0,0.000158503724837534,0,0,0,0,0,0,0,0,0,0,0,0,0,0,0,0,0,0,0,0,0,2.84867821330902e-05,0,0,0,0.000261369576581286,0,0,0,0,0,0,0,0,0,0,0,0.000165043736590196,0,0,0,0,0,0,0,0,0,0,0,0,0,0,0,0,0,0,0,0,0,0,0,0,0,0,0,0,0,0,0,0,0,0,0,3.96852168598675e-06,0,0,0,0,0,0,0,0,0.000285681636384413,0,0,0,0,0,0,0,0,0,0,0,0,0,0,0,4.79156684235745e-08,0,0,0
0,0,0,0,0,0,1.43180731309903e-06,0,0,0,0,0,0,0,0,0,0,0,0,0,0,0,0,0,0,0,0,0,0,0,0,0,0,0,0,0,0,0,0,0,0,7.74035744970703e-06,0,0,0,0,0,0,0,0,0,0,0,0,0,0,0,0,0,0,0,0,0,0,0,0,0,0,0,0,0,0,0,0,1.30206637934402e-05,0,0,0.991080277502478,0,0,0,0,0,0,4.23599579789217e-06,0.000231522707034728,0,0,0,0,0,0,0,0,0,0,0,0,0,0,0,0,0,0,0,1.43423666339183e-05,0,0,0,0,0,0,0,0,0,0,0,1.73949345950459e-05,0,0,0,0,0,0,0,0,0,0,0,0,0,0,2.96577495699626e-05,0,0,0,0,0,0.000122309197651663,0,0,0,3.63993739307684e-05,4.29000429000429e-05,0,0,0,0,0,0,0,0,0,0,0,0,0,0,0,0,0,0,0,0,7.64321473611801e-05,0,0,0,0,0,0,0,0,0,0,0,0,0,0,0,0,0,0,0,0,5.08957654723127e-05,0,0,0,0,0,0,0,0,0,0,0,0,0,0,0,0,0,0,0,0,0,0,0,0,0.000414468726450641,0,0,0,0,0,0,0.000112701453848755,0,0,0,7.71604938271605e-05,0,0,0,0,0,0,0,0,0,0,0,0,0,0,0,0,0,0,0,0,0,0,0,0,0,0,0,0,0,0,0,0,0,0,0,0,0,0,0.00160065190186549,0,0,0,0,0,0,0,1.63238348475187e-07,0,0,1.27969423838997e-05,0,0,0,0,0,0,0,0,0,0,0,0,0,0,0,0,0,0,0,0,0,0,0,0,0,0,0,0,0,0,0,0,0,0,0,0,0,0,0,0,0,0,0,0,0,0,0.000122249388753056,0,0,0,0,0,0,0,0,0,0,0,0,0,9.68879587644847e-06,0.000689479986936169,0,0,0,0,0,0,0,0,0,0,0,0,0,0,0.00016417665407979,0,0,0,0,0,0,0,0,0,0,4.66798926362469e-05,0,0,0,0,0,0,0,0,0,0,0,0,0,0,0,0,0,0,0,0,0,0,0,0,0,0,0,0,0,0,0,0,0,0,0,0,0,0,0,0,0,0,0,0,0,0,0,0,0,1.66184730946921e-05,0,0,0,0,0,0,0,0,0,0,0,0,0,0,0,4.00978387264926e-05,0,0,0,0,0,0,0,0,0,0,0,0,0,0,0,0,0,0,0,0,0,0.000130531262237306,0,0,0,0,0,0,0,0,0,0,0,0,0,0,0,0,0,0,0,0,0,0,0,0,0,0,0,0,0,0,0,0,0,0,0,0,0,0,0,0,0,0,0,0,0,0,0.000145169485374174,0,0,0,0,0,0,0,0,0,0,0,0,8.30514428942431e-07,0,0,0,0,0,0,0,0,0,0,0,0,0,0,0,0,0,0,0.000117787171668259,0,0,0,0,0,0,0.000493745885450955,0,0.000223164472216023,0,0,0,0,0,0,0,0,0,0,0,0,0,0,0,0,0,0,0,0,0,0,0,0,0,0,0,0,0,0,0,0,0,0,0.000255069506440505,0,0,0,2.83350334353395e-05,0,0,0,0,0,0,0,0,0,0,0,0,0,0,0,0,0,0,0,0,0,0,0,0,0,0,0,0,0,0,0,0,0,0,0,0,0,0,0,0,0,0,0,0,0,7.93704337197351e-06,0,0,0,0,0,0,0,0,0,0,0,0,0,0,0,0,0,0,0,0,0,0,0,0,4.79156684235745e-08,0,0,0
0,0,0,0,0,0,0,3.64721243553552e-06,0,0,0,0,0,0,0,0,0,0,0,0,2.11455831105999e-06,0,0,0,0,0,0,0,1.1132882080513e-05,0,0,0,0,0,0,0,0,0,0,0,0,0,0,0,0.00100755667506297,0,0,0,5.51024906325766e-05,3.50680319820452e-05,0,0,0,0,0,0,0,0,0,0,0,0,0,0,0,0,0,0,0,0,0,0,0,0,0,0,0,0,0.993952483801296,0,0,0,0,0,0,0,0,0,4.83161810890467e-05,0,0,0,0,0,0,0,0,2.04294265459969e-05,0,0,0,8.16459830176355e-06,0,0,0,0,0,0,0,0,0,0,0,0,0,0,0,0,0,0,0,0,0,0,0,0,0,0,0,0,0,0,0,0,0,0,0,0,0,0,0,0,0,0,0,0,0,0,0,0,0,0,0,0,0,0,0,0,0,0,0,0,0,0,0,0,0,0,0,0,0,0,0,0,0,0,0,0,0,0,0,0,0,0,0,0,0.0010515247108307,0.000475661962898367,0,0,0,0,0,3.45227574016792e-06,0,0,0,0,0,0,0,0,0,0,0,0,0,0,0,1.63942488974868e-05,0,0,0,0,0,0,0,0,0,0,0,0,0,0,0,0,0,0,0,0,0,1.38404473232575e-05,0,0,0,0,2.12143069285926e-05,0,0,0,0,0,0,0,0,0,0,0,0,0,0,0,0,0,0,0,0,0,0,0,0,0,0,0,0,0,0,0,8.16191742375933e-08,0,0,0,0,0,0,0,0,0.000829187396351575,0,0,0,0,0,0,0,0,0,0,0,0,0,0,0,0,0,0,0,0,0,0,0,0,0,0,0,0,0,0,0,0,0,0,1.74956698217191e-05,0,0,0,0,0,0,0,0,0,0,0,0,0,0,0,0,0,0,0,0,0,0,0,0,0,0,0,0,0,0,0,0,0,0,0,0,0,0,0,0,0,0,0,0,0,0,0,0,0,0,0,0,0,0,0,2.37665177298222e-05,0,0,0,0,0,0,0,0,0,0,0,0,0,1.36521566994546e-05,0,0,0,0,0,0,0,0,0,0,0,0.00035997339857597,0,4.17367496254127e-06,0,0,0,0,0,0,0,0,0,0,0,0,0,0,0,0,0,0,0,0,0,0,0,0,0,0,0,0,0,0,0,0,0,0,0,0,0,0,0,0,0,0,0,0,0,0,0,0,0,0,0,0.000170502983802217,0,0,0,0,0,0,0,0,0,0,0,0,0,5.03068719187041e-05,0,0,0,0,0,0,0,0,0,0,0,0,0,0,0,0,0,0,0,0,0,0,0,0,0,0,0,0,0,0,0,0,0,0,0,0,0,0,0,0,0,0,0,0,8.30514428942431e-07,0,0,0,0,0,0,0,0,0,0,0,0,0,0,0,0,0,0,0,0,0,0,0,0,0,0,0,0,0,0,0,0,0,0,0,0,0,0,0,0,0,0,0,0,0,0,0,0,0,0,0,0,0,0,0,0,0,0,0,0,0,0,0,0,0,0,0,4.88352786052644e-05,0,0,0,0,0,0,0,4.41580386765541e-06,0,0,0,0,0,0,0,0,0,0,0,8.21247310415058e-05,0,0,0,0,0,0,0,0,0,0,0,0,0,0,0,0,0,0,0,0,0,0,0,0,0,0,0,0,0,0,0,0,0,0,0,0,0,0,0,0,0,0,0,0,0,5.64993031752608e-05,0,0,0,0,0,0,0
0,0,0,0,0,0,0,0,0,0,0,0,0,0,0,0,0,0,0,0,0,0,0,0,0,0,0,0,0,0,0,0,0,0,0,0,0,0,0,0,0,0,0,0,0,0,0,0,0,0,0,0,0,0,0,0,0,0,0,0,0,0,0,0,0,0,0,0,0,0,0,0,0,0,0,0,0,0,0,0.891135014836795,0,0,0,0,0,0,0,0,0,0,0,0,0,0,0,0,0,0,0,8.2060035121695e-06,0,0,0,0,0,0,0,0,0.000223588596981554,0,0,0,0,0,0,0,0,0,0,0,0,0,0,0,0,0,0,0,0,0,0,0,0,0,0,0,0,0.00036394516559505,0,0,0,0,0,0,0,0,0,0,0,0,0,0,0,0,0,0,0,0,0,0,0,0,0,0,0,0,0,0,0,3.98612827360784e-05,0,0,0,0,0.000216520515318826,0,0,2.11535003754746e-05,0,0,0,0,0,0,0,0,0,0,0,0,0,0,0,0,0,0,0,0,0,0,0,0,0,0,0,0,0,0,0,0,0,0,0,0,0,0,0,0,0,0,0,0,0,0,0,0,0,0,0,0,0,0,0,0,8.08812824536146e-06,0,0,0,0,0,0,0,0,0,0,0,0,0,0,8.19014234467395e-06,0,0,0,0,0,0,0,0,0,0,0,0,0,0,0,0,0,0,0,0,0,0,0,0,0,0,0,0,0,0,0,0,0,0,0,0,0,0,0,0,0,0,0,0,0,0,0,0,0,0,0,0,0,0,0,0,0,0,0,0,0,0,0,0,0,0,0,0,0,0.000890006099797903,0,0,0,0,0,0,0,0,0,0,0,0,0,0,0,0,0,0,0,0,0,0,0,0,0,0,0,0,0,0,0,0,0,0,0,0,0,0,0.000154356718376167,0,7.70208341356337e-05,0,0.000100294196309174,0,0,0,0,0,0,0,0,0,0,0,0,0,0,0,0,0,0,0,0,0,0,0,0,0,0,0,0,0,0,0,0,0,0,0,0,0,0,0,0,0,0,0,0,0,0,0,0.00018644541810385,0,0,0,0,0,0,0,0,0,0,0,0,0.00111627906976744,0,0,0,0,0,0,0,0,0,0,0,0,0,0,0,0,0,0,0,0,0,0,0,0,0,0,0,0,0,0,1.2903891813771e-05,0,0,0,0,0,0,0,0,0,0,0,0,0,0,0.00547820132389865,0,0,0,0,0,0,0,0,0,0,0.00698008622459454,0,0,0,0,0,0,0,0,0,0,0,0,0,0,0,0,0,0,0,0,0,0,0.000157952930026852,0,0,0,0,0.00015976993129893,0,0,0,0,0,0,0,0,0,0,0,0,0,0.000110277900308778,0,0,0,0,0.000141522785168412,0,0,0,0,0,0,0,0,0,0,0,0,0,0,0,0,0,0,0,0,0,0,0,0,0,0,0,0,0,0,0,0,0,0,0,0,0,0,0,0,0,0,0,0,0,0,0,0,0,0,0,0,0,0,0,0,0,0,0,0,0,8.93814801573114e-05,0,0,9.20047842487809e-05,0,0,0,0,0,0,0,0,0,0,0,0,0,0,0,0,0,0,0,0,0,0,0,0,0,0,0,3.96852168598675e-06,0,0,0,0,0,0,0,0,5.71363272768826e-05,0,0,0,0,0,0,0,0,0,0,0,0,0,0,0,1.43747005270724e-07,0,0,0
0,0,0,0,0,0,0,0,0,0,0,0,0,0,0,0,0,0,0,0,0,0,0,0,0,0,0,0,0,0,0,0,0,0,0,0,0,0,0,0,0,0,0,0,0,0,0,0,0,0,0,0,0,0,0,0,0,0,0,0,0,0,0,0,0,0,0,0,0,0,0,0,0,0,0,0,0,0,0,0,0.994734710409072,0,0,0,0,0,0,0,0,0,0,0,0,0,0,0,0,0,0,0,0,0,0,0,0,0,0,0,0,0,0,0,0,0,0,0,0,0,0,0,0,0,0,0,0,0,0,0,0,0,0,0,0,0,0,0,0,0,0,0.00120569086086327,0,0,0,0,0,0,0,0,0,0,0,0,0,0.000182731841023298,0,0,0,0,0,0,0,0,0,0,0,0,0,0,0,0,0,0,0,0,0,0,0,0,0,0,0,0,0,0,0,0,0,0,0,0,0,0,0,0,0,0,0,0,0,0,0,0,0,0,0,0,0,0,0,0,0,0,0,0,0,0,0,0,0,0,0,0,0,0,0,0,0,0,0,0,0,0,0,0,0,0,0,0,0,0,0,0,0,0,0,0,0,0,0,0,0,0,0,0,0,0,0,0,0,0,0,0,0,0,0,0,0,0,0,0,0,0,0,0,0,0,0,0,0,0,0,0,0,0,0,0,0,0,0,0,0,0,0,0,0,0,0,0,0,0,0,0,0,0,0,0,0,0,0,0,0,0,0,0,0,0,0,0,0,0,0,0,0,0,0,0,0,0,0,0,0,0,0,0,0,0,0,0,0,0,0,0,0,0,0,0,0,0,0,0,0,0,0,0,0,0,0,0,0,0,0,0,0,0,0,0,0,0,0,0,0,0,0,0,0,0,0,0,0,0,0,0,0,0,0,0,0,0,0,0,0,0,0,0,0,0,0,0,0,0,0,0,0,0,0,0,0,0,0,0,0,0,0,0,0,0,0,0,0,0,0,0,0,0,0,0,0,0,0,0,0,0,0,0,0,0,0,0,0,0,0,0,0,0,0,0,0,0,0,0,0,0,0,0,0,0,0,0,0,0,0,0,0,0,0,0,0,0,0,0,0,0,0,0,0,0,0,0,0,0,0,0,0,0,0,0,0,0,0,0,0,0,0,0,0,0,0,0,0,0,0,0,0,0,0,0,0,0,0,0,0,0,0,0,0,0,0,0,0,0,0,0,0,0,0,0,0,0,0,0,0,0,0,0,0,0,0,0,0,0,0,0,0,0,0,0,0,0,0,0,0,0,0,0,0,0,0,0,0,0,0,0,0,0,0,0,0,0,0,0,0,0,0,0,0,0,0,0,0,0,0,0,0,0,0,0,0,0,0,0,0,0,0,0,0,0,0,0,0,0,0,0,0,0,0,0,0,0,0,0,0,0,0,0,0,0,0,0,0,0,0,0,0,0,0,0,0,0,0,0,0,0,0,0,0,0,0,0,0,0,0,0,0,0,0,0,3.03766707168894e-07,0,0
0,0,0,0,0,0,0,0,0,0,0,0,0,0,0,0,0,0,0,0,0,0,0,0,0,0,0,0,0,0,0,0,0,0,0,0,0,0,0,0,0,0,0,0,0,0,0,0,0,0,0,0,0,0,0,0,0,0,0,0,0,0,0,0,0,0,0,6.55222120298781e-05,0,0,0,0,0,0,0,0,0,0,0,0.000185459940652819,0,0.978111859915903,0,0,0,0,0,0,0,0,0,0,0,0,0,0,0,0,0,4.10300175608475e-05,0,0,0,0,0.00458912949949806,0,0,0,0,0,0,0,0,0,0,0,0,0,0,0,0,0,0,0,0,0,0,0,0,0,0,0,0,0,0,5.40321491287316e-05,0,0,0,0,0,0,0,0,0,0,0.000161199322962844,0,0,0,0,0,0,0,0,0,0,0,0,0,0,0,0,0,0,0,0,0.00137591425881671,0,0,0,0,0,0,0.00194868463786944,0,0,1.05767501877373e-05,0,0,0,0.000424508277911419,0,0,0,0,0,0,0,0,0.000280741156653565,0,0,0,0,0,0,0,3.65150076681516e-05,0,0,0,0,0,0,0,0,0,0,0,0,0,0,0,0,0,0,0,0,0,0,0,0,0,0,0,0,0,0,0,0,0,0.00136948781155848,0,0,0,0,0,0,0,0,0.00309653916211293,0,0,0,0,0,0,0,8.19014234467395e-06,0,0,0,0,0,0,0,0,0,0,0,0,0,0,0,0,0,0,0,0,0,1.42188248709997e-06,0,0,0,0,0,0,0,0,0,0,0,0,0,0,0.000791295746785361,0,0,0,0,0,0,0,0,0,0,0,0,0,0,0,0,0,0,0,0,0,0,0,0,0,0,0,0,0,0,0,0,0.000334294974070432,0,0,0,0,0,0,0,0,0,0,0,0,0,0,0,0,0,0,0,0,0,0,0,0,0,0,0,0,0,0,0,0,0,0,0,0,0,0,0,0,0,0,0.000167156993848623,0,0,0,0,0,0,0,0,0,0,0,0,0,0,0,0,0,0,0,0,0,0,0,0,0,0,0,0,0,0,0,0,0,0,0,0,0,0,0,0,0,0,0,0,0,0,0,0.000139834063577888,0,0.00298555636246268,0,0,0,0,0,0,0,0,0,0,0,0,0,0,0,0,0,0,0,0,0,0,0,0,0,0,0,0,0,0,0,0,0,0,0,0,0,0,0,0,0,0,0,0,0,0,0,0,0,0,0,0,0,0,0,0,0,0,2.47328848436882e-05,0,0,0,0,0,0,0,0,0,0,0,0,0,0,0,0.000512557662737058,0,0,0,0,0,0.000500437883147754,0,0,0,0,0,0,0,0,0,0.000473858790080556,0,0,0,0,7.98849656494648e-05,0,0,0,0,0,0,0,0,0,0,0,0,0,0.000220555800617556,0,0,0,0,0,0,0,0,0,0,0,0,0,0,0,0,0,0,0,0,0,0,0,0,0,0,0,0,0,0,0,0,0,0,0,0,0,0,0,0,0,0,0,0,0,0,0,0,0,8.7123192193762e-05,0,0,0,0,0,0,0,0,0,0,0,0,0,0,0,0,0,0,0,0,0,0,0,0,0,0,0,7.5041272699985e-05,0,0,0,0,0,0,0,0,0,0,0,5.48787180331467e-05,0,0,0,0,0,0,0,0,0,0,0,0,0,0,0,0,0.00217118043652154,6.45994832041344e-05,0,0,0,0,0,0,0,0,0,0,0,0,0,0,4.79156684235745e-08,0,0,0
0,0,0,0,0,0,0,0,0,0,0,0,0,0,0,0,0,0,7.63009308713566e-05,0,0,0,0,0,0,0,0,0,0,0,0,0,0,0,0,0,0,0,0,0,0,0,0,0,0,0,0,3.36620998417881e-05,0,0,0.000220215811495265,0,0,0,0,0,0,0,0,0.00166666666666667,0,7.0876745339854e-05,0,0,0,0,0,0,0,0,0,0,0,0,0,0,0,0,0,0,0,0,0.985326086956522,0,0,0,0,0,4.83161810890467e-05,0,0,0,0,0,0,0,0,0,0,0,0,0,0,0,0,0,0,0,0,0,0,0,0,0,0,0,0,0,0,0,0,0,0,0,0,0,0,0,0,0,0,0,0,0,0,0,0,0,0,0,0,0,0,0,0,0,0,0,0,0,0,0,0,0,0,0,4.57847506257249e-05,0,0,0,0,0,0,0,0,0,2.46889196128777e-05,0,0,0,0,0,0,0,0,0,0,0,0,0,0,0.000141502759303806,0,0,0,0,0,0,0,0.000164609053497942,0,0,0,0,0,0,0.00197183098591549,0,0,0,0,0,0,0,0,0,0,0,0,0,0,0,0,0,0,0,0,0,0,0,0,0,0,0,0.000170881749829118,0,0,0,0,0,0,0,0,0,0,0,0,0,6.29287017808823e-05,0,0,0,0,0,0,0,0,0,0,0,0,0.000327761389708292,0,0,0,0,0,2.09308361450423e-05,0,0,0,0,0,0,0,0,0,0,0,0,0,0,0.00316134347517866,0,0,0,0,0,0,0,0,0,0,0,0,0,0,0,0,0,0,0,0,0,0,0,0,0,0,0,0,0,0,0,0,0,0,0,0,0,3.77914666868221e-05,0,3.49913396434382e-05,0,0,0,0.000357091844022283,0,0,0,2.5306205081486e-05,0,0.00013575889220744,0,0,0,0,0,0,0,0,0,0,0,0,0,6.6554854511088e-06,0,0,0,0.000221092195445501,0,0,0,0,0,0,0,0,0,0,0,0,0,0,2.12089077412513e-05,0,0,0,0,0,0,0,0,0,0,0,0,0,0,0,0.000122564039710749,0,0,0,0,0,0,0,0,0,0,0,0,0,0,4.95123038074962e-05,0,0,2.26244343891403e-05,0,0,0,2.13707178424123e-05,0,0,0,0,0,0,0,0,0,0,3.09386795371574e-05,0,1.76146271864156e-05,0,0,0,0,0,0,0,0,0,0,0,0,0,0,0,2.18585923940842e-05,0,0,0,0,0,0,0.00144717800289436,0,0,0,0,0.000216450216450216,0,0,0,0,0,0.00186846038863976,0,0,0,0,0,0,0,0,0,0,0,0,0,0,0,0,0,0,0,0,0,0,0,0,0,0,0,0,0,0,0,0,0,0,0.000128982329420869,0,0,0,0,0,0.000409416581371546,0,0,0,0,0,0,0,0,0,0,0,0,0,0,0,2.20616623462578e-05,0,0,0,0,0,0,0,0,0,0,0,0,0,0,0,0,0,0,0,0,0,0,0,0,0,0,0,4.47147200858523e-05,0,0,0,0,0,0,0,0,0,0,0,0,0,0,0,0,0,0,0,0,0,0,0,0,0,0,0,0,0,0,0,0,0,0,0,0,0.000377500943752359,0,0,0,0,0,0,0,0,0,0,0,0,0,0.000214339299110492,0,0,0,0,9.22253988748501e-05,0,0,0,0,0,0,0,0,0,0,0,0,0,0,0,0,1.09870791948668e-05,0,0,0,0,0,0,0,0,0,0,0,0,0,0,0,0,0,0,0,0,0,0,0,0,0,0,0,0,0,0,0,0,0,0,0,0,0,0,0,0,0,0.0018000990054453,0,0,0,0.00015316281206923,0,0,1.62454873646209e-06,7.63358778625954e-07
0,0,0,0,0,0,0,0,0,0,0,0,0,0,0,0,0,0,0,0,0,0,0,0,0,0,0,0,0,0,0,4.09785682088268e-05,0,0,0,0,0,0,0,0,0,0,0,0,0,0,0,0,0,0,0,0,0,0,0,0,0,0,0,0,0,0,0,0,0,7.84559861917464e-05,0,0,0,0,0,0,0,2.47437781769774e-06,0,0,0,0,0,0,0,0,0,0.965319426336375,4.23599579789217e-06,0,0,0,0,0,0,0,0,0,0,0,0,0,0,0,0,0,0,0,0,0,0,0,0,0,0,0,0,0,0,0,0,0,0,0,0,0,0,0,0,0,0,0,0.000426985482493595,0,0,0,0,0,0,0,0,0,0,0,0,0,0,0,0,0,0,0,0,0,0,0,0,0,0.00016221915808257,0,0,0,0,0,0,0,0,0,0,0,0,0,0,0,0,0,0,0,0,0,0,0,0,0,0,0,0,0,0.000207878598898243,0,0,0,0,0,0,0,0,0,0,0,0,0,0,0,0,0,0,0,0,0,0,0,0,0,0,0,0,0,0,0,0,0,0,0,0,0,0,0,0,0,0,0,0,0,0,0,0,0,0,0,0,0,0,0,0,0,0,0,0,0,0,0,0,0,0,0,0,0,0,0,0,0,0,0,0,0,2.12304083138279e-05,0,0,0,0,0,0,0,0,0,0,0,0,0,0,0,0,0,0,0,0,0,0,0,0,0,0,0,0,0,0,0,0,0,0,0,0.000142938822184105,0,0,0,0,0,0,0,0,0,0,0,0,0,0,0,0,0,0,0,0,0,0,0,0,0,0,0,0,0,0,0,0,0,0,0,0,0,8.65213108644144e-05,0,0,0,0,0,0,0,0,0,0,0,0,0,0,0,0,0,0,0,0,0,0,0,0,0,0,0,0,0,0,0,0,0,0,0,0,0,0,0,0,0,0,0,0.00292056074766355,0,0,0.00172980943738657,0,0,0,0,0,0,0,0,0,0,0,0,1.25210248876238e-05,0,0,0,0,0,0,0,0,0,0,0,1.46130465279401e-05,1.66184730946921e-05,0,0,0,0,0,0,0,0,0,0,0,0,0,0,0,0,0,0,0,0,0,0,5.74914194056537e-06,0,0,0,0,0,0,0,0,0,0,0,0,0,0.000233205070544534,0,0,0,0,0,0,0,0,0,0,5.62841222491135e-05,0,0,0,0,0,0,0,0,0,0,0,0,0,0,0,0,0,0,0,0,0,0,0,0,0,0,2.14192387602545e-05,0,0,0,0,0,0,0,0,0,0,0,0,0,0,0,0,0,0,0,0,0,0,0,0,0,0,0,0,0,0,0,0,0,0,0,0,0,0,0,0,0,0,0,0,0,0,0,0,0,0,0,0,0,0,0,0,0,0,0,0,0,0,0,0,0,0,0,0,0,0,0,0,0,0,0,0,0,0,0,0,0,0,0,0,0,0,0,0,0,0,0,0,0,0,0,0,0,0,0,0,0,8.93974611121044e-05,0,0,0,0,0,0,0,0,0,0,0,0,0,0,0,0,0,0.000207339829981339,0,0,0,0,0,0,0,0,0,0,0,0,0,0,0,0,0,0,0,0,0,0,0,0,0,0,0,0,0,0,0,0,0,0,0,0,0,0,0,0,0,0,0,0
0,6.5837118967674e-05,0,1.2995395298266e-05,0,2.76571618220538e-05,2.86361462619806e-06,7.29442487107104e-06,0,0,0,0,0,0,0,3.03324435816549e-05,0,0,0,0,2.11455831105999e-06,0,0,0,0,0,0,0,1.1132882080513e-05,0,0,8.19571364176536e-05,5.21469650466343e-05,0,0,0,0,0,0,0,2.21695080586162e-05,1.54807148994141e-05,0,0.0026123301985371,0,0,0,3.36620998417881e-05,0,0,0,0,0,0.000493218249075216,0.00125022325415253,0,0.000108295429932857,0.000189861401177141,0.000154942671211652,6.66666666666667e-05,5.69174639854747e-06,0,6.47295276686366e-06,0,0,0,0,6.55222120298781e-05,0,0,0,0,0,2.22694003592797e-05,0,0,0,0,0,0,0,0,0,0.000260756192959583,0.987461452438239,5.34283170080143e-05,0,0,0,0,0,5.9130777569725e-05,0,9.22869632359501e-06,0,2.01178908403243e-05,0,0,3.17536929544906e-06,7.38540316095255e-05,0,0,0,0.000666828322017459,0,0,0.000548560029921456,0,0,0.000118816586795517,0,0,0,2.4515812699191e-05,9.69604290637501e-06,8.20546483958316e-05,0,0,7.18686502414133e-05,0.000185082361650935,0,0,0,0,3.92958189248664e-05,3.35979733702463e-06,0,0,0,2.20266743025804e-05,0,0.000115861429730043,0.000177946497419776,0,0.000336512949277144,0,0,0.00012131505519835,0.000326157860404436,0,0,0,0,4.29000429000429e-05,0.000691682517724365,0,8.05996614814218e-05,0,0,0,0,0,0,9.13659205116492e-05,0.0010544245275367,0,0,0,0,0,0.00290023201856148,7.43549706297866e-05,1.33738114025116e-05,0,0,0,0.0216768714201067,0,0,3.98612827360784e-05,4.77258626449673e-05,0,0,1.06086163181736e-05,0,0,0,2.11535003754746e-05,0,0,0,0,0,0.0144080183754437,0,0,0,0,5.08078447312265e-05,0,0,2.03029195598327e-05,0,0,0,0,0,0,0.000547725115022274,0,0,0,0,0,0,0,0,0,0,3.27884977949735e-05,0.000113036925395629,8.55937208446388e-06,0,0,0,0,0,0.00157782035388257,0,0,0,0,0,0,0,0,0,0,2.51768674941464e-05,0,7.00471417263819e-06,0,0.000273897562311695,0,0,0,0,0,2.09762339269608e-05,0,0,0,0.000594644699791874,2.39097169089518e-05,0,0,0,0.00111994624258036,0,0.000106471850480761,0,0,5.97228858098423e-05,0,0,0,0,1.67446689160339e-05,0,0.00049567659855703,5.82055237041995e-05,0.000358037952022914,8.22678322160831e-05,0,0,0,0,0,2.85667109831576e-06,0,0,0.000210438608090796,0,3.11449741921418e-05,0,0,3.32845160431367e-05,0,0,0,0,0,0,0,0,8.21031544031922e-06,0,0,0,0,0,3.5650623885918e-05,0,0,0,1.12731945978851e-05,0.00428868190042217,0,7.14694110920526e-05,3.18025696476275e-05,0,0,0,0,4.38543596715308e-05,0,0,0,0,0,0,0,0,0.00269327882649994,0,0.00731549217520141,0,0,0,5.64394112066963e-05,0,0,0,8.11293201362973e-05,0,0,5.60962611841921e-05,0,0,0,0,0,0.000101732356702709,3.62884203650615e-05,0,0.000101337657073368,0.000193009078082155,0,0,0.000116872492111107,0,4.17377948253482e-06,0,8.84642604387827e-05,0,5.26731630234396e-05,0,6.7192143687815e-05,0,0,0.0115685607349439,0,0,0.00735603194619588,5.56372451615467e-05,0,0,0,0,0,0.000115531251203451,0,5.01470981545868e-05,0,0,0,0,0,0,0,0,0,0,0,0,0,0,2.25326723749437e-05,0,0,0.000233644859813084,0,2.73043133989092e-05,2.83575317604356e-05,0,0,0,0,0,0,0,0,0.000468321402288085,2.13707178424123e-05,0,0,1.25210248876238e-05,0,0,0,0,0,0,0,9.28160386114721e-05,0,8.8073135932078e-06,2.03636956034781e-05,2.92260930558803e-05,0.000116329311662844,0,0,0,0,0,0,0,0,0,0,0,0.000121796745590958,4.37171847881684e-06,0,0,0,2.47839371762598e-05,0,8.95575855274942e-05,0,0,0,2.29965677622615e-05,0,0,0,0,0,0.000222074172773706,0,0,0,0,0,9.48586605957124e-05,0,0.000416437625972382,0,0,0,0,0.000138404473232575,0,0,0.000154846701765252,0,0,0,0,0,0,0,0,0,0,5.05586733404116e-05,0,0,0,0,0.000320615581917281,0,0,0,0,0,2.92860071457857e-05,0,0,0,0,0,0,0,4.28384775205089e-05,0,0,0,0,4.05284915295453e-05,2.27128191151086e-05,0,0,0,0,4.89779925553451e-05,0,2.20616623462578e-05,0,2.00156121774984e-05,3.12052399838981e-05,0,0,0.000157952930026852,0,0,0,1.91018318656759e-05,0,0,0,0,5.46749845543169e-06,0,0,3.97413632082408e-06,0,4.1262636682484e-05,0,0,0,0,0,0,1.43211078809057e-05,0,3.92623905560863e-05,0,1.44684298859888e-05,0.000394248608534323,0,0,0.000146439685154677,0,0,0,0,0,0,0,0,5.86544665376268e-05,0,0,2.49421964597046e-06,0,0,0,0,0,0,0,0,0,0,0.0001900779319521,0,0,0,4.61562249746718e-06,0,3.3460483169377e-05,0,0,2.83865107301011e-05,0,0,0,0.00219348222424795,0,0,9.6515780330084e-05,0,0,8.50051003060184e-05,0,0,0,0,0,0,0,0,1.4719346225518e-06,0,0,0.00223493652780261,0,4.65202828433197e-05,0,0,9.14299646470803e-05,0,0,0,0,2.90026987011141e-06,0,1.09870791948668e-05,0,0.00015008254539997,0,0.00423632649973523,0,0,0.000179662234998203,0,0.000144320969836917,0,0,0,0,0,3.19959045242209e-05,0,0,0,0,0,0.000635324015247776,0.0013492973732355,0,0,1.91982798341269e-05,0,0,0,0,0,0,0.000581395348837209,0.000249283310482363,0,0.000271812992661049,0,0,0,0,0,0,0,0,0,0,2.18804017241757e-05,5.2707235265932e-07,0,9.02527075812274e-08,3.81679389312977e-07
0,0,0,0,0,0,0,7.29442487107104e-06,0,0,0,0,0,0,0,0,0,0,0,0,0,0,0,0,0,0,0,0,0,0,0,0,0.000119193062963736,0,0,0,0,0,0,0,0,2.32210723491211e-05,0,0,0,0,0,0,0,0,0,0,0,0,0,0,0,0,0,0,0,0,0,0,5.34616412723871e-05,0,0,0,0,0,0,0,0,9.89751127079096e-06,0,0,0,0.000646356702719007,0,0,0,0,0,0,1.27079873936765e-05,0.990454140694568,0,0,0,0,0,0,0,3.076232107865e-06,0.000106392239169754,0,0,0,0,0,0,0,0,0,0,0,0,0,0,1.98027644659194e-05,0,0,0,0,0,0,0,0,1.30670273166206e-05,0,0,0,0,0,0,0,0,0,0,1.10133371512902e-05,0,0,0.00228364671688712,0,0,0,0,0,0.000163078930202218,0,0,0,3.63993739307684e-05,0,0,0,0,0,0,0,0,0,0,0,8.11095790412848e-05,8.10418743364697e-06,0,0,0,0,0,0,0,0,0,0,0,0,0,0,0,0,0,0,0,0,0,0,0,0,0,0,0,0,0,0,0,0,1.27019611828066e-05,0,0,0,0,0,0,0,0,0,3.65150076681516e-05,0,0,0,0,0,0,0,0,0,0,0,3.76789751318764e-05,0,0,0,0,0,0.000396353547364249,0,0,0,0,0,0,0,0,0,0,0,0,0,0,0,0,0,0,0,0,0,0,0,0,0,0,0,0,0,0,0,0,0,0,0,0,0,0,0,0,0,0,0,0.000931288379267192,0,0,0,7.45156482861401e-05,0,0,0,7.34572568138339e-07,0,0,4.26564746129991e-05,0,0,0,0,3.32845160431367e-05,0,2.74162889311303e-05,0,0,0,0,0,0,8.21031544031922e-06,0,0,0,0,0,0,0,0,0,0,0,0,0,0,0,0,0,0,7.6745129425179e-05,0,0,0,0,0,0,0,0,0,0,9.26011667747014e-05,0,0,0.000122249388753056,2.17074658487294e-06,0,0,0,0,0,0,2.8048130592096e-05,1.07308802541072e-05,0,0,0,0,0,0.0033022462532206,0,0,6.6554854511088e-06,0,1.6548345992818e-05,0,0,0,0,0,0,0,0,1.03372528750485e-05,0,0,0,0,0,0,7.94817788022096e-06,0,0,0,0,4.66798926362469e-05,0,0,0,0,0,0,0,0,0,0,0,0,0,0,0,0,5.92880688690208e-06,0,0,0,0,0,0,0,0,0,0,0,0,0,0,0,0.000334515287348632,0,0,0,1.66946998501651e-05,0,0,0,0,0,0,0,0,0,0,0,0,6.64738923787682e-05,0,0,0,0,0,0,0,0,0,0,0,0,0,0,0,0,3.5405624537514e-06,0,0,0,0,0,1.14982838811307e-05,0,0,0,0,0,0.000444148345547413,0,0,0,0,0,0,0,0,0.000195796893355959,0,0,0,0,0,0,0,0,0,0,0,0,0,0,0,0,0,0,0,0,0,0,0,0,0,0,1.31675971768672e-05,0,0,0,0,0,0,0,0,0,0,0,0,0,0,0,0,0,0,0,2.90338970748349e-05,3.26519950368968e-05,0,0,0,0,3.12052399838981e-06,0,0,0,0,0,0,4.15257214471216e-06,0,0,0,0,0,0,0,0,0,4.1262636682484e-05,0,0,0,0,0,0,4.77370262696856e-06,0,0.00107317200853303,0,0,0,0,0,0,9.87491770901909e-05,0,0,0,0,0,0,0,0,0,0,0,0,0,0,0,0,0,0,0,0,0,0,0,0,0,0,0,0,0,0,0,0,0,0,5.69735642661805e-05,0,0.000127534753220253,0,0,0,8.50051003060184e-05,2.44176393026322e-05,0,0,4.71827198007002e-06,0,0,0,0,1.4719346225518e-06,0,0,0,0,0,0,0,3.04766548823601e-05,0,0,0,0,7.25067467527853e-07,0,0,0,0,0,0,0,0,0,0,0,0,0,0,0,0,0,0,0,0,0,0,0,0.000103181563835656,0,0,0,0,0,0,0,0,0,0,6.23208276205908e-05,0,0,0,0,0,0,0,0,0,0,0,0,0,1.91662673694298e-07,0,0,0
0,0,0,4.33179843275533e-06,0,0,2.86361462619806e-06,1.09416373066066e-05,0,0,0,0,0,0,0,0,0,0,0,0,0,0,0,0,0,0,0,1.8379650051463e-05,4.4531528322052e-05,6.7118598563662e-05,0,0,0,0,0,0,0,0,0,0,0,0,0,0,0,0,0,0,0,0,0,0,0,0,0,0,0,0,0,0,5.69174639854747e-06,0,0,0,0,0,0,0,0,0,0,0,0,4.94875563539548e-06,0,0,0,0,0,0,0,0,0,0,0,1.78094390026714e-05,0.976094483707252,0,0,0,0,0,0,5.537217794157e-05,0,0,0,0,3.17536929544906e-06,0,0,0,0,0,0,7.17118331695913e-06,0,0,0,0,0,0,0,0,5.54059594650001e-06,0,0,0,0,0,0,0,0,0,0,5.71165547294187e-05,0,0,0,0,0.00182063385030344,0,0,0,0,0,0,0,0,0,0,0,0,0,0,0,0,0,3.50274965848191e-05,0,6.69792364367046e-05,0,0,0,0,8.10418743364697e-06,0,0,0,0,0,0,0,0,0,0,0,0,0,0,0,6.31911532385466e-05,0,0,0,0,0,0,0,0,0,0,0,0,0,0,0,0,1.27019611828066e-05,0,0,0,0,3.45227574016792e-06,0,0,0,0,0,0,0,0,0,0,4.20698359276399e-06,0,0,0,9.36552804549944e-05,0,0,1.71187441689278e-05,0,1.46447191142874e-05,0,0,0,0,0,0,0,0,0,0,0,1.77550513120983e-05,0,0,0,0,7.00471417263819e-06,0,0,0,0,0,0,0,0,0,0,0,0,0,0,0,0,0,0,0,0,0,0,0,0,0,0,0,0,0,0,0,5.30760207845697e-06,0,0,0,0,0,1.34671637492029e-05,0,0,1.42188248709997e-06,0,2.83136129019471e-06,0,0,0,0,0,6.20628448366816e-06,0,0,0,0,0,0,0,0,0,0,0,0,0,0,0,0,0,0,0,0,0,0,0,0,0,0,0,0,0,0,0,0,0,0,0,0,0,0,0,0,0,0,0,0,0,0,0,0,0,0,0,0,0,0,0,0,0,0,1.6548345992818e-05,0,0,8.34755896506964e-06,0,0,0,0,0,0,0,0,0,0,0,0,0,0,0,0,0,0,0,0,0,0,0,0,0,0,0,0,0,0,0,0,0,0,5.92880688690208e-06,0,0,0,0,0,0,0,0,0,0,0,0,0,0,0,0,0,0,0,0,0,0,0,0,0,8.00403403315271e-06,0,0,0,0,0,0,0,0,1.54958185129736e-05,0,0,0,0,0,0,0,0,0,0,0,0,0,0,0,0,0,0,0,0,5.74914194056537e-06,1.96432780702444e-05,0,0,0,0,0,0,0,0,0,0,0,0,0,0,0,0,0,0,0,0,0,0,0,0,0,0,0,0,0,0,0,0,0,0,0,0,0,0,0,0,0,0,0,0,0,0,0,0,0,0,0,0,0,0,0,0,0,0,0,0,0,1.63259975184484e-05,0,0,0,0,0.00106409868345093,0,0,0,0,0,0,8.30514428942431e-07,0,0,0,0,3.00712415048743e-05,0,0,0,0.000257938911094065,0,0,0,0,0,0,0,1.19342565674214e-05,0,0,0,0,0,0,0,0,0,2.96639079232298e-05,0,0,0,0,0,0,0,0,0,2.49421964597046e-06,0,0,0,0,0,0,0,0,0,0,0,1.18133490844654e-05,7.20624266507443e-05,0,0.000240012369868293,0,0,0,0,0,0,0,0,0,0,0,0,0,0,0,0,0,0,7.07740797010503e-06,0,0,0,0,4.41580386765541e-06,0,0,0,0,0,0,0,0,0,0,0,0,1.66765517531406e-05,0,0,0,0,0,0,0,0,0,0,0,0,0,0,0,0,0,0,0.00138045278851463,0,0,0,0,0,0,0,3.83965596682537e-05,0,0,0,0,0,0,0,0,0,0,0,0,0,1.44123369604381e-05,2.29524501740561e-05,0,0,0,2.46848566632656e-05,0,0,0,0,0,0
0,0,0,0,0,0,0,0,0,0,0,0,0,0,0,0,0,0,0,0,0,0,0,0,0,0,0,0,0,0,0,0,0,0,0.000620732464307883,0,0,0,0,0,0,0,0,0,0,0,0,0,0,0,0.00352345298392425,0,0,0,0,0,0,0,0,0,0,0,0,0,0,0,0,0,0,0,0,0,0,0,0,0,0,0,0,0,0,0,0,0,0,0,0,0.978867727628489,0,0,0,0,0,0,0,0,0,0,0,0,0,0,0,0,0,0,0,0,0,0,0,0,0,0,0,0,0,0,0,0,0,0,0,0,0,0,0,0,0,0,0,0,0,0,0,0,0,0,0,0,0,0,0,0,0,0,0,0,0,0,0,0,0,0,0,0,0,0,0,0,0,0,0,0,0,0,0,0,0,0,0,0,0,0,0,0,0,0,0,0,0,0,0,0,0,0,0,0,0,0.000164609053497942,0,0,0,0,0,0,0,0,0,0,0,0,0,0,0,5.37432149191165e-05,0,0,0,0,0,0,0,0,0,0,0,0,0,0,0,0,0,0,0,0,0,0,0,0,0,0,0,0,0,0,0,0,0.00102783546242108,0,0,0,0,0,0,0,0,0,0,0,0,0,0,0,0,0,0,4.18616722900846e-06,0,0,0,0,5.30760207845697e-06,0,0,0,0,0,0,0,0,0,0,0,0,0,0,0,0,0,0,0,0,0,0,0,0,0,0,0,0,0,0,0,0,0,0,0,0,0,0,0,0,0,0,0,0,0,0,0,0,0,0,0,0,0,0,0,0,0,0,0,0,0,0,0,0,0,0,0,0,0,0,0,0,0,0,0,0,0,0,0,0,0,0,0,0,0,0,0,0,0,0,0,0,0,0,0,0,0,0,0,0,0,0,0,0,0,0,0,0,0,0,0,0,0,0,0,0,0,0,0,0,0,0,0,0,0,0,0,0,5.00375281461096e-05,0,0,0,0,0,0,0,0,0,0,0,0,0,0,0.000308255975762273,0,0,0,0,0,0,0,0,0,0,0,0,0,0,0,0,0,0,0,0,0,0,0,0,0,0,0,0,0,0,0,0,0,0,0,0,0,0,0,0,0,0,0,0,0,0,0,0,0,0,0,0,0,0,0.000191717791411043,0,0,0,0,0,0,0,0,0,0,0,0,0,0.000128982329420869,0,0,0,0,0,0,8.97021887334051e-05,0,0,0,0,0,0,0,0,0,0,0,0,0,0,1.10308311731289e-05,0,0,0,0,0,0,0,0.00281973816717019,0,0,0,0,0,0,0,0,0,0,0,0,0,0,0.00230125523012552,0,0,0,0,0,0,0,0,0,0,0,0,0,0,0,0,0,0,0,0,0,0,0,0,0,0,0,0,0,0,0,0,0,0,0,0,0,0,0,0,0,0,0,0,0,0,0,0,0,0,0,0,0,0,0,0.000107169649555246,0,0,0,0,0,0,0,0,0,0,0,0,0,0,0,0,0,0,0,0,0.000828328846552081,0,0,0,0,0,0,0,0,0,0,0,0,0,0,0,0,0,0,0,0.000218150087260035,0,0,0,0,0,0,0,0,0,0,0,0,0,0,0,0,0,0,0,0,0,0,0,0,0,0,0,0,0,1.80505415162455e-07,0
0,0,0,0,0,0,1.43180731309903e-06,0,0,0,0,0,0,0,0,0,0,0,0,8.42722668397057e-06,0,0,0,0,0,0,0,0,0,0,0,0,0,0,0,0,0,0,0,0,0,0,0,0,0.000201511335012594,0,0,0,5.51024906325766e-05,0,0,0,0,0,0,0,0,0,0,0,0,0,0,0,0,0,0,0,0,0,0,0,0,0,0,0,0,0,0,0,0,0,0,0,0,0,0,0,0.983475866067546,0,0,0,0,0,9.67202174270488e-06,0,0,2.04294265459969e-05,0,0,0,0,0,0,0,0,0,0,0,0,0,0,0,0,0,0,0,0,0,0,0,0.000110180696342001,0,0,0,0,0,0,0,0,0,0,0,0,0,0,0,0,0,0,0,0,0,0,0,0,0,0,0,0,0,0,0,0,0,0,0,0,0,3.35502918875394e-05,0,0,1.33738114025116e-05,0,0,0,0,0,0,0,0,0,0,0,0,3.04145503208735e-05,0,0,0,0,0,0,0,0,0,0,0.000262881177707676,0,0,0.000329218106995885,0,0,0,0,0,0,0,0,0,0,0,0,0,0,0,2.68716074595582e-05,0,0,0,8.19712444874338e-05,0,0,0,0,0,4.30700318718236e-05,0,0,0,0,0,0,0,0,0,0,0,0,0,0,0,0,0,0,0,0,0,0,8.3904935707843e-05,0,0,0,0,0,0,0,0,0,0,0,0,0,0,0,0,0,0,0,0,0,0,0,1.85766072745994e-05,0,0,0,0,0,1.06104926508871e-06,0,2.20157632865131e-05,0,2.87394861379879e-05,0,0,0,0,0,0,0,0,0,0,0,0,0,0,0,0,4.93559054340852e-05,0,0,0,0,0,0,0,0,0,0,0,0,0,0,0,0,0,0,0,0,0,0,0,0,0,0,0,0,0,0,0,0,0,0,5.58784085829236e-05,0,0,0,0,0,0,0,0,0,0,0,0,0,0,0,0,0,0,0,0,0,0,0,0,0,0,0,0,0,0,2.12089077412513e-05,0,0,0,0,0,0,0,0,0,0,0,0,0,0,0,0,0,0,0,0,0,0,0,0,0,0,0.000723564305071094,0,0,0,0.000247561519037481,0,0,0,0,0.000100075056292219,0,0,1.2202488087321e-05,0,0,0,0,0,0,0,8.00403403315271e-06,0,0,0,4.4036567966039e-05,0,8.76782791676409e-05,0,0,0,0,0,0,0,0,8.98553329140084e-05,0,0,0,0,0,0,0,0,0,0,0,0,0,0,1.14982838811307e-05,0,0.000216450216450216,0,0,0,0,0,0,0,0,7.37327188940092e-05,0,0,0,0,0.000852514919011083,0,0,2.7680894646515e-05,0,0,0,0,0,0,0,0,0,0,0,8.76501007976159e-05,0,0,0,0,0,0,0,0,0,0,0,0,0,0,0,0,0,0,0,0,0,0,0,0,0,0,0,0,0,0,0,0,0,0.000551541558656445,0,0,0,0,0,0,0,0,0,0,0,0,0,0,0,0,0,3.97413632082408e-06,0,0,0,0,0,0,0,0,0,0.000134144160257557,0,0,0,0,0.00481740481740482,0,0,0,0,0,0,0,0,0,0,0,0,0,0,0,0,0,0.000101564086938858,0,0,0,0,0,0,0.0011404675917126,0,0,0,0,0,0,0,0,0,0,0,0,0,0,0,0,0,0,0,0.000122088196513161,0,0,0,0,0,0,0,2.94386924510361e-06,0,0,8.93974611121044e-05,0,0,0,8.03535556448373e-05,0,0,0,0,3.28498924166023e-05,0,0,2.19741583897337e-05,0,0,0,0,0,0,0,0,0,0,0,0,0.00047192071731949,0,0,0,0,0,0,0,0,0,0,0,0,0,0,0,0,0,0,0,0,0,0,1.57711293705742e-05,0,0,0,0,0,4.50024751361325e-05,5.64993031752608e-05,0,0,0,0,0,0,7.63358778625954e-07
0,0,0,0,0,0,1.43180731309903e-06,0,0,0,0,0,0,0,0,0,0,0,0,8.42722668397057e-06,0,0,0,0,0,6.45369474023879e-05,0.00031640563202025,0,0,0,0,0,0,0,0,0,0,0,0,0,0,0,0,0,0,0,0,0,0,0,0,0,0,0,0,0,0,0,0,0,0,7.0876745339854e-05,0,0,0,0,0,0,0,0,0,0,0,0,0,0,0,0,0,0,0,0,0,0,0,0,0,0,0,0.98760301472142,0,0,0,0,0,0,0,0,0,0,0,0,0.000209336403600586,0,0,0,0,0,0,0,0,0,0,0,0,0,0,0,0,0,0,0,0,0,0,0,0,0,0,0,0,0,0,0,0,0,0,0,0,0,0,0,0,0,0,0,0,0,0,0,0,0,0,0,0,0,3.05231670838166e-05,0,0,0,0,0,0,0,0,0,0,0,0,0,0,0,0,0,0,9.12436509626205e-05,0,0,0,0.000684384624158777,0.00111223946999371,0,0,0,0,0,0,0,0,0,0,5.07572988995818e-06,0,0,0.000340251786321878,0,0,0,0,0,0,0,0,0,0,0,0,0,0,0,0,0,0,0,0,0,0,0,0,0,0,0,0,0,0,0,0,0,0,0,0,0,0,0,0,0,0,0,2.09762339269608e-05,0,0,0,0,0,0,0,0,0,0,0,0,0,0,0,0,0,0.000251952632905014,0,0,0,0,0,2.65380103922849e-06,0,0,0,0,0,8.16191742375933e-08,0,0,0,9.57982871266262e-06,0,0,0,0,0,0,0,0,0,0,0,0,0,0,0,3.77643504531722e-05,4.93559054340852e-05,0,0,0,0,0,0,0,0,0,0,0,0,0,0,0,0,0,0,0,0,0,0,1.74956698217191e-05,0,0.000240038406144983,0,0,0,0,0,2.5306205081486e-05,0,0,0,0,0,0,0,0,0,0,0.000275900124155056,0,0,0,0,0,0,0,0,0,0,0,0,0,0,0,0,0,0,0,0,0,0,0,0,0,0,0,0,0,0,0,0,0,0,0,0,0,0,0,0,0,0,0,0,0,0,0,0,0,0,0,0,0,0.00204918032786885,0,0.000489715964740451,0,0,0,0,0,0.00036330220332101,0,0,0,0.000270855904658722,0,0.000169124611013395,0,0,0,0,0,0,0,0,0,0,0,0,0,0,0,0,0,0,0,0,0,0,3.93454663093515e-05,0,0,0,0,0.0026525198938992,0,0,0,0,0,0,0,0,0,0,0,9.08512764604343e-05,0,0,0,0,0,0,0,0,0,0,0,0,0,0,0,0,0,0,0,0,0,0,0,0,0,0,0,0,0,0,0,0,0,0,0,0,0,0,0,0,0,0,0,0,0,0,0,0,0,0,0,0,0,0,0,0,0,0,0,0,0,0,0,0,0,0,0,0,0,0,0,0,0,0,0,0,0,0,0,9.12075884713608e-05,0,0,0,0,0,0,0,0,0,0,0,0,0,0,0,0,0,0,0,0,0,0,0,0,0,0,0,0,0,0,0,0,0,0,0,0,0,0,0,0,0,0,0,0,0,0,0,0.00211748633879781,0,0,0,0,0,0,0,0,0,0,0,0.000311138767890479,0,0,0,0,0,0,0,0,0,0,0,0,0,0,0,0,0,0,0,0,0,0,0,0,0,0,0,0,0,0,4.78973081712808e-05,0,0,0,0,0,0,0,0,0,0,0,0,0,0,0,0,0,0,0,0,0,0,0,0,0,0,0,0,0,0,0,0,0,0,0,0,0,0
0,0,0,0,0,0,0,0,0,0,0,0,0,0,0,0,0,0,0,0,0,0,0,0,0,0,0,0,0,0,0,0,0,0,0,0,0,0,0,0,0,0,0,0,0,0,0,0,0,0,0,0,0,0,0,0,0,0,0,0,0,0,0,0,0,0,0,0,0,0,0,0,0,0,0,0,0,0,0,0,0,0,0,0,0,0,0,0,0,0,0.992814371257485,0,0,0,0,0,0,0,0,0,0,0,0,0,0,0,0,0,0,0,0,0,0,0,0,0.000369245917781242,0,0,0,0,0,0,0,0,0,0,0,0,0,0,0,0,0,0,0,0,0,0,0,0,0,0,0,0,0,0,0,0,0,0,0,0,0,0,0,0,0,0,0,0,0,0,0,0,0,0,0,0,0,0,0,0,0,0,0,0,0,0,0,0,0,0,0,0,0,0,0,0,0,0,0,0,0,0,0,0,0,0,0,0,0,0,0,0,0,0,0,0,0,0,0,0,0,0,0,0,0,0,0,0,0,0,0,0,0,0,0,0,0,0,0,0,0,0,0,0,0,0,0,0,0,0,0,0,0,0,0,0,0,0,0,0,0,0,0,0,0,0,0,0,0,0,0,0,0,0,0,0,0,0,0,0,0,0,0,0,0,0,0,0,0,0,0,0,0,0,0,0,0,0,0,0,0,0,0,0,0,0,0,0,0,0,0,0,0,0,0,0,0,0,0,0,0,0,0,0,0,0,0,0,0,0,0,0,0,0,0,0,0,0,0,0,0,0,0,0,0,0,0,0,0,0,0,0,0,0,0,0,0,0,0,0,0,0,0,0,0,0,0,0,0,0,0,0,0,0,0,0,0,0,0,0,0,0,0,0,0,0,0,0,0,0,0,0,0,0,0,0,0,0,0,0,0,0,6.1012440436605e-06,0,0,0,0,0,0,0,0,0,0,0,0,0,0,0,0,0,0,0,0,0,0,0,0,0,0,0,0,0,0,0,0,0,0,0,0,0,0,0,0,0,0,0,0,0,0,0,0,0,0,0,0,0,0,0,0,0,0,0,0,0,0,0,0,0,0,0,0,0,0,0,0,0,0,0,0,0,0,0,0,0,0,0,0,0,0,0,0,0,0,0,0,0,0,0,0,0.000235793444942231,0,0,0,0,0,0,0,0,0,0,0,0,0,0,0,0,0,0,0,0,0,0,0,0,0,0,0,0,0,0,0,0,0,0,0,0,0,0,0,0,0,0,0,0,0,0,0,0,0,0,0,0,0,0,0,0,0,0,0,0,0,0,0,0,0,0,0,0,0,0,0,0,0,0,0,0,0,0,0,0,0,0,0,0,0,0,0,0,0,0,0,0,0,0,0,0,0,0,0,0,0,0,0,0,0,0,0,0,0,0,0,0,0,0,0,0,0,0,0,0,0,0,0,0,0,0,0,0,0,0,0,0,0,0,0,0,0,0,0,0,0,0,0,0,0,0,0,0,0,0,0,0,0,0,0,1.44404332129964e-06,0
0,0,0,8.66359686551065e-06,0,2.76571618220538e-05,9.73628972907342e-05,0.000131299647679279,0,0,0,0,0,0,0,0,3.93344609212131e-05,0,0,2.52816800519117e-05,1.48019081774199e-05,0,0.000205190498859141,0,0,0,0,1.8379650051463e-05,2.2265764161026e-05,6.7118598563662e-05,0,4.09785682088268e-05,7.44956643523347e-06,0,0,0,0,0,0,0,0,1.54807148994141e-05,0,0,0,0,0,0,0,0,0,0,0,0,0,0,0,0,0,0,1.13834927970949e-05,0,0.00856371651056062,0,5.34616412723871e-05,0,0,0,0,0,0.000167954316425932,0,0,2.47437781769774e-06,0.00302079400007812,0,0,0,0,0,0,0,3.19693094629156e-05,0,8.47199159578434e-06,1.78094390026714e-05,7.90526332432133e-05,0,0,0,0,0.951966098354193,0,7.99820348044901e-05,1.93440434854098e-05,4.02357816806486e-05,0,0,6.35073859089812e-06,0,0,1.63291966035271e-05,0,0,0,0.000136252483022223,0,0,0,0,0,0,0,0,2.77029797325e-06,0,0,5.21848037851378e-05,1.63337841457758e-05,0,0,0,0,0,3.92958189248664e-05,1.67989866851232e-05,0,0,0,0,1.12384805574286e-05,0,0,0,0,0,0,0,0,0,0,0,0,4.29000429000429e-05,0,0,0,0,7.00549931696382e-05,0,6.69792364367046e-05,0,0,0,0,1.62083748672939e-05,0,0.000120685493603669,0,0,0,0,0,0,0,0,0,0,0,0,0,6.31911532385466e-05,0,0,0,0,0,0,0,0,0,0,0,0,0,0.000152687296416938,0,0,5.08078447312265e-05,0,0,0,2.55730182737482e-05,3.45227574016792e-05,0,0,0,0,0,0,0,0,0,0,2.10349179638199e-05,0,0,0,1.7028232809999e-05,1.63942488974868e-05,0,0,0,7.32235955714369e-05,0,0,0,0,0,0,0,0,0,9.49036727721363e-05,0,5.32651539362949e-05,0.0010581059902774,0,0,0,7.705185589902e-05,0,0,0,0,0,0,0,0,0,0,0,0,0,0,0,0,0,0,8.19014234467395e-06,0,0,0,0,0,0,0,4.18616722900846e-06,0,5.50751776174478e-05,0,0,0,0,0,0,0,0,0.000181276185981695,0,2.20157632865131e-05,0,0,0,0,0,0.000166422580215684,0,2.74162889311303e-05,2.48251379346726e-05,0,0,0,0,5.70374736201685e-05,0,0,0,0,0,0,0,0,0,0,0,0,0,0,9.54077089428826e-05,0,0,0,0,0,5.29240539825351e-05,0,0,0,0,0,0,0,1.20235661897319e-05,0,0,0,0,0,2.17074658487294e-06,0,0,0,0,0,0,2.8048130592096e-05,0,0,0,0,0,0,0,0,0,0,0,4.1370864982045e-05,0,0,3.06077162052553e-05,2.00634003450905e-05,0,6.13685179502915e-05,0,0,1.03372528750485e-05,0,0,0,0,0,0,0,0,0,0,0,0,0,0,0,0,0,0,0,0,0,0,0,0,0,0,0,0,1.77864206607062e-05,0,0,0,0,0,0,0,0,0,0,0,0,0,0,0,0,0,0,0,2.08683748127063e-05,0,0,0,0,0,3.20161361326108e-05,0,0,0,0,0,0,1.66184730946921e-05,0,3.09916370259472e-05,0,0,0,0,0,0,0,0,0,0,4.37171847881684e-06,0,0,0,1.7702812268757e-05,0,0,0,0,0,5.74914194056537e-06,5.89298342107331e-05,0,0,0,0,0,0,0,0,0,0,0,0,0,0,0,0,0,0,0,0,0,0,0,0,0,0,0,0,0,0,0,0.000151676020021235,0,0,0,0,0,0,0,0,1.97513957653007e-05,0,0,0,1.74258529955041e-05,0.000107968041459728,0,0,0,0,0,5.29081866600825e-05,0,0,0,0,0,0,0,0,0,0.000228563965258277,0,0,0,0,0.000102977291946864,0,0,0,0,0,0.000151469251741896,2.98985194419275e-05,0,0,0,0,2.18699938217267e-05,0,0,1.19224089624722e-05,8.97178821196747e-06,0,0,0,0,0,0,0,0.000334159183887799,0,1.30874635186954e-05,0,0,2.3191094619666e-05,0,0,0,0,2.6967189021118e-06,0,0,0,2.25580870742161e-05,0,0,0,0,0,6.23554911492616e-05,0,0,0.00136484611360069,0,0,0,0,0,0,0,0,0.000295333727111636,5.14731618933888e-06,0,3.46171687310038e-05,0,0,0,0,0,0,0,0,0,0,0,0,0,0,0,0,0,0,1.41548159402101e-05,0,0,0,0,1.03035423578626e-05,0,2.69302237901597e-05,0,0,0,0,0,0,0,0,2.77027494978877e-05,0,2.75525637660584e-05,0,4.39483167794673e-05,0,0,0.000104887770086008,0,0,0,0,0,0,0,0,0,0,0,0,0,0,0,0,0,0,3.96852168598675e-06,0,0,1.91982798341269e-05,0,0,0,0,0.000223888951080264,0,0,0,0,0,0,0,0,2.88246739208763e-05,3.06032668987414e-05,0,0,0,0,0,0,1.91662673694298e-07,0,0,0
0,0,0,0,0,0,0,0,0,0,0,0,0,0,0,0,0,0,0,0,0,0,0,0,0,0.000193610842207164,0,0,0,0,0,0,0,0,0,0,0,0,0,0,0,0,6.00853211560416e-05,0,0,0,0,0,0,0,0,0,0,0,0,0,0,0,0,0,0,0,0,0,0,0,0,0,0,0,0,0,0,0,0,0,0,0,0,0,0,0,0,0,0,0,0,0,0,0,0,0,0.982481195848805,0,0,0,0,0,0,0,0,0,0,0,0,0,0,0,0,0,0,0,0.000126766812448501,0,0,0,0,0,0,0,0,0,0,0,0,0,0,0,0,0,0,0,0,0,0,0,0,0,0,0,0,0,0,0,0,0,0,0,0,0,0,0,0,0,0,0,0,0,0,0,0,0,0,0.000671140939597315,0,0,0,0,0,3.98612827360784e-05,0,0,0,0,0,0,0,0,0,2.85160260066157e-05,4.83582378258136e-05,0,0,0,0,0,0,0,0,0,0,0,0,0,0,0,0,0,3.65150076681516e-05,0,0,0,0,0,0,0,0,0,0,0,0,0,0,0,0,0,0,0,0.000120148984741079,0,0,0,0,0,0,0,0,0,0,0,0,0,0,0,1.61762564907229e-05,0,0,0,0,0,0,0,0,0,0,0,0,0,0,0,0,0,0,0,0,0,0.00629881582262535,0,0,0,0,0,2.65380103922849e-06,0,0,0.000190949016612564,0,0,8.16191742375933e-08,0,0,0,0,0,0.000487146818556546,0,0,0,0,0,3.03591487294696e-05,0.000240038406144983,0,0,0,0,0,0,7.55287009063444e-05,4.93559054340852e-05,4.01364639775236e-05,0,0,0,0,0,0,0,0,0,0.00172711571675302,0,0,0,0,0,0,0,0,0,0,0,0.00222195006735833,0,0,0,0,0,0,1.30244795092376e-05,0,0,0,0,0,0,0,0,0,0,0,0,0,0,0,0,0,0,0,0.00035061747633332,0,0,0,0,0,0,0,0,0,0,0,0,0,0,0,0,0,0,0,0,0,0.000757002271006813,3.34313987697245e-05,0,0,0,0,0,0,0,0,0,0,0,0,0,0,0,0,0,0,0,0,0,0,0,0,0,0,0,0,0,0,6.4112153527237e-05,0,0,0,0,0.000123152709359606,0.000101474766608037,0,0,0,0,3.09386795371574e-05,0,0,0,0,0,0,0,0,0,0,0,0,0,0,0,0,0,4.37171847881684e-06,0,0,0,0,0.000120569086086327,0,0,0.000950118764845606,0,0,0,0,0,0,0,0,0,0,0,0,0,0,0,0,0,0,0,0,0,0,0,0,0,0,0,0,0.000342817963661296,0,0,0,0,0,0,0,0,0,0,0,2.47328848436882e-05,0,0,0,0,0,0,0,0,0,0,0,0,0,0,0,0,0,0,0,0,0,0,0,0,0,0,0,0,0,0,0,0,0,0.000201409869083585,0,0,0,0,0,0,0,0,0,0,0,0,0,0,0,0,0,0,0,0,0,0,0,0,0.000155400155400155,0,0,0,0,0,0,0,0,0.00142682429677945,0,0,0,0.000445831475702185,0,0,0,0,0,0,0,0,0,0,0,0,0,0,0,0,0,0,0,0,0,0,0,0,0,0,0,0,0,0,0,2.44176393026322e-05,0,0,0,0,0,0,0,0,0,0,0,0,0,0,0,0,0,0,0,0,0,0,0,0,0,0,0,0,0,0,0,0,0,0,0,0,0,0,0,0,0,0,0,0,0,0,0,0,0,0,0,0,0,0,0,0,0,0,0,0,0,0,0,0,0,0,0,0,0,0,0,0,5.15267175572519e-05
0,0,0,1.73271937310213e-05,0.000261130695913305,0.000138285809110269,5.01132559584661e-05,8.02386735817814e-05,0,0,0,0,0,0,0,0,5.90016913818196e-05,0,0,3.37089067358823e-05,5.92076327096796e-05,0,8.20761995436563e-06,0,0,0,0,0,2.2265764161026e-05,3.3559299281831e-05,0,0,0,0,0,0,0,0,0,0,0,7.74035744970703e-06,0,0,0,0,0,0,5.51024906325766e-05,0,0,0,0,0.000246609124537608,0,0,0,0,0,0,2.84587319927373e-05,0,3.23647638343183e-05,0,0,0,0,0,0,0,0,0,0,7.42313345309322e-06,5.20826551737608e-05,0,0,0,0,0,0,0,0,0,4.23599579789217e-06,0,0.000442694746161995,0,0,0,0,9.85512959495417e-06,0,0.970960368901754,9.67202174270488e-06,0,0,0,0,0,0,1.63291966035271e-05,0,0,0,2.15135499508774e-05,0,0,0,0,0,0,0,0,8.31089391975001e-06,0,0,0,1.96005409749309e-05,0,0,0,0,0,0,2.01587840221478e-05,0,0,0,0,2.24769611148573e-05,0,0,0,0,0,0,0,0,0,0,0,0,0,0,0,0,0,0.000105082489754457,0,0,0,0,0,0,3.24167497345879e-05,0,0,0,3.35502918875394e-05,0,0,0,0,0,0,0,0,0,0,0,0.000252764612954186,0,0,0,0,0,0,0,0,0,0,0.00103234686854783,0,0,0.000305374592833876,0,3.96384969081972e-05,1.27019611828066e-05,0,0,0,1.82664416241059e-05,2.41659301811754e-05,0,0,0,0.000212630236019562,0,0,0,0,0,0,8.41396718552798e-06,0,0,0,2.55423492149985e-05,3.27884977949735e-05,0,0,0,0.00143518247320016,0,0,0,0,0,0,0,0,0,0,0,8.87752565604915e-05,1.99642639674982e-05,0,0,0,2.80188566905527e-05,1.38404473232575e-05,0,0,0,0,0,0,0,0,0,0,0,0,6.8203519301596e-05,0,0,0,0,0,0,0,0,0,0,0,0,0,0,0,0,0,5.30760207845697e-06,0,0.00014903129657228,0,0,0,5.89290437995423e-05,0,2.20157632865131e-05,5.68752994839988e-06,9.57982871266262e-06,0,0,0,0,0,0,4.34439913856771e-05,0,0,7.97448165869218e-05,4.64101731099457e-05,1.90124912067228e-05,8.21031544031922e-06,0,0,0,0,0,0,0,0,0,1.12731945978851e-05,0,0,0,3.18025696476275e-05,0,3.03665239440041e-05,0,0,3.28907697536481e-05,0,0,0,0,0,0,6.45411126887827e-05,0,0,0,0,0,0,0,4.34149316974587e-06,0,0,0,0,0,0,0,0,0,0,1.79314302108736e-05,0,1.45331938146727e-05,0,0,0,0,0,8.27417299640901e-06,0,0,8.90406289607428e-05,2.40760804141086e-05,0,0,0,0,1.55058793125727e-05,0,0,0,0,0,0,0,0,0,0,0,2.33399463181235e-05,0,0,0,0,0,0,0,0,0,0,0,0,0,0,0.00012809017548354,0,0,6.7598017124831e-05,0,0,0,0,1.36521566994546e-05,0,0,0,0,0,0,0,0,0,0,0,0,0,8.34734992508254e-06,0,0,0,0.000239865675221876,0,1.60080680663054e-05,0,0,0,0,0,0,0,0,0.000199061668589737,0,0,0,0,0,0,0,0,0,0,0,4.65116279069767e-05,5.94078228221092e-06,0,1.7702812268757e-05,0,8.95575855274942e-05,0,0,0,2.29965677622615e-05,0.00288756187632592,0,0,0,0,0,0,0,0,0.00150030888712382,0,0,0,0,0,0,0,0,0,0,0,0,0,0,0,0,0,0,0,0,0,1.26778062324095e-05,0.000455028060063704,0,0,0,0,0,0,0,0,0,0,2.92860071457857e-05,0,6.97034119820165e-05,0,0,0,0,0,0,0.00938238510105464,3.00057010832058e-05,0,0,0,0,0,0,0,0,0.000163259975184484,4.87745396902817e-05,0,0,0,0.00106409868345093,0,0,0,0,0,0,8.30514428942431e-06,0,0,0,0,0.00914985866516493,0,0,1.19224089624722e-05,6.7288411589756e-06,0,0,0,0,0,0,0,2.62553644483271e-05,4.47147200858523e-05,1.30874635186954e-05,0,0,0,0.000621600621600622,0,0,0,1.07868756084472e-05,0,0,0,0,0,0,0,0,0,9.97687858388185e-06,0,0,5.68685880666955e-06,0,0,0,0,0,0,0,0,2.36266981689309e-05,1.54419485680166e-05,0,0.00408021028776098,0,0,0,0,0,0,0,0,0,0,0,0,0,0,0,0,0,0,0.000122675071481821,0,0,0,0,1.03035423578626e-05,0,0,0,0,0,0,0,0,0,0,1.38513747489438e-05,0,2.9727766168642e-05,0,4.39483167794673e-05,0,0,0,0,0,0,0,0,0,0,0,0,0,5.48787180331467e-05,0,0,0,0,0,0,0,3.96852168598675e-06,0,0,1.91982798341269e-05,0,0,3.24075574423956e-05,0,5.5972237770066e-05,0,0,0,0,0,0,0,0,0.000100886358723067,0.00504188822156765,0,0,0,0,0,0,2.87494010541447e-07,6.07533414337789e-08,0,0
0,0,0,2.16589921637766e-05,0.000130565347956652,0,1.43180731309903e-06,0,0,0,0,0,0,0,0,0,0,0,0,0,0,0.00025062656641604,0,0,0,0,0,0,0,0,0,0,0.000953544503709884,0,0,0,0,0,0,0,2.21695080586162e-05,7.74035744970703e-06,0,0,0,0,0,0,0,0,0,0,0,0.000739827373612824,0,0,0,0,0,0,0,0,0,0,5.34616412723871e-05,0,0,0,0,0,0,0,0,3.46412894477684e-05,0,0,0,4.30904468479338e-05,0,0,0,0,0,0,2.11799789894608e-05,0.0002493321460374,0,0,0,0,0,0,0,3.076232107865e-06,0.992378446866749,0,0,6.12882796379906e-05,0,0,0,0,0,0,0,0,0,0,0,0,0,0,0,0,0,0,0,0,9.47359480454994e-05,0,0.000355871886120996,0,0,0,0,0,0,0,0,1.10133371512902e-05,0,0,0.000148288747849813,0,1.29428057414286e-05,0,0,0,0.000448467058056099,0,0,0,1.81996869653842e-05,0,0,0,0,0,0,0,0.000133958472873409,0,0,0,0,8.10418743364697e-06,0,0,0,0,0,3.71774853148933e-05,0,0,0,0,0,0,0,0,0,0,0,1.06086163181736e-05,0,0,0,0,0,0,0,0,0,0,0,0,0,3.96384969081972e-05,0,0,0,0,0,0,0,0,0,0,0,0,0,0,0,0,0,0,0,0,0,0,3.76789751318764e-05,0,0,0,0,0,0,0,0,0,0,0,0,0,0,0,0,0,0,0,2.10141425179146e-05,1.38404473232575e-05,0,0,0,0,0,0,0,0,0.000275444153697838,0,0,0,0,0,0.0002002002002002,0,0,8.19014234467395e-06,0,0,0,0,0,0,0,0,0,0.000165225532852343,0.000203719332964698,0,5.30760207845697e-06,0,0,0,0,0,1.06104926508871e-06,0,0,2.55938847677995e-05,0,5.66272258038943e-06,0,0,0,0,9.13876297704343e-06,0,0,0,0,0,0,0,0,0,0,0,0,0.000142602495543672,0,0,0,0,6.70106546940964e-05,0,0,0,0,0,0,0,1.09635899178827e-05,0,0,0,0,0,0,0,0,0,0,0,0,0,0,0,0,0,0,0,0,0,0,2.14617605082145e-05,0,0,0,0,7.26659690733636e-05,0.000181442101825308,0,0,0,0,0,0,0,0,0,0,0,0,0,2.06745057500969e-05,0,0,0,0,0,0,7.94817788022096e-06,0,0,0,0,0,0,0,1.67156993848623e-05,0,0,0,0,0,0,0.000194628260023355,0,0,0,0,0,0,0,0,9.62788234727772e-05,0,0,0.000168208578637511,6.8260783497273e-06,0,0,0,0,0,0,0,0,0,0,0,0,0,3.33893997003301e-05,0,0,0,0,0,0,0,0,0,0,0,0,4.98554192840762e-05,0,0,0,0,0,0,0,0,0,0,0,0,0,0,0,4.00978387264926e-05,1.06216873612542e-05,0,0,0,0,0,0,0,0,0,0,0,0.0250943815234288,0,0,4.71253534401508e-05,0,0,0,0,0,0.000391593786711917,0,7.74713356058258e-05,0,0,0,0,0,0,0,0,0,0,0,0,0,0,0,0,0,0,0,0,0,0,0,0,6.58379858843358e-05,0,0,0,0,0,0,0,0,0,0,0,0,0,0,0,4.54256382302171e-05,0,0,0,0,1.63259975184484e-05,0,0,0,0,3.12052399838981e-06,0,0,0,0,0,0,9.13565871836674e-06,0,0,0,0,0,0,6.17894216510133e-05,3.97413632082408e-06,2.24294705299187e-06,0.00020631318341242,0,0,0,0,0,0,1.43211078809057e-05,0,0.00187150728317345,0,0,0,0,0,0,3.2916392363397e-05,0,0,0,0,0,0,0,0,0,0,2.49421964597046e-06,0,0,5.68685880666955e-06,0,0,0,0,0,0,0,0,0,0,0,2.30781124873359e-06,0,0,0,0,0,0,0,0,0,0,0.000127534753220253,0,0,0,5.66700668706789e-05,0,0,0,0,0,0,0,0,2.94386924510361e-06,0,0,0,0,0,0,0,0,0,0,0,0,0,0,1.09870791948668e-05,0,0,0,0,5.8173356602676e-05,0,0,0,0,0,0,0,0,0,1.59979522621104e-05,0,0,0,0,0,0,3.1748173487894e-05,0,0,1.91982798341269e-05,0,0,0,0,0,0,0,0,0,0,0,0,0,0,1.53016334493707e-05,0,0,0,0,0,0,3.35409678965022e-07,6.07533414337789e-08,0,0
0,0,0,8.66359686551065e-06,0.000130565347956652,0,7.15903656549516e-06,2.18832746132131e-05,0,0,0,0,0,0,0,0,0,0,0,0.000404506880830587,0,0,0.000180567638996044,0,0,0,0,0,0,0,0,0,0,0,0,0,0,0,0,0.000289771080846132,0,3.87017872485351e-05,0,0,0,0,0,0,0,0,0,0,0,0,0,0,0,0,0,0,0,0,3.23647638343183e-05,0,0,0,0,0,0,0,0,0,0,2.47437781769774e-06,0.000130206637934402,0,0,0,0,0,0,0,0,0,4.23599579789217e-06,0,0,0,0,0,0,0,0,9.22869632359501e-06,0,0.976180417245056,0,0,3.17536929544906e-06,0,0,4.08229915088178e-05,0,0,0,2.86847332678365e-05,0,0,0,0,0,0,0,0,1.385148986625e-06,0,0,0,0,0,0,0,0,0,0,0,0,0,0,0,0,0,0,0,0,0,0,0,0,0,0,0,0,4.29000429000429e-05,0,0,0,0,0,0,0,0,0,0,0,0,0,0,0,0,0,0,1.33738114025116e-05,0,0,0,0,0,0,0,0,0,0,0,0,0,0,0,0,0,0,0,0,0,0,0,0,0,1.27019611828066e-05,0,0,0,0,6.90455148033584e-06,0,0,0,0,0,0,0,0,0,0,4.20698359276399e-06,2.68716074595582e-05,0,0,0,1.63942488974868e-05,0,4.27968604223194e-06,0,0,0,0,0,0,0,0,0,0,0,0,0.000170881749829118,0,1.99642639674982e-05,0,0,0,7.00471417263819e-06,0,0,0,0,0,0,0,0,0,0,0,0,0,0,0,0,0,0,0,0,0,0,0,0,0,0,0,0,5.50751776174478e-05,0,0,0,0,0,0,0,0,3.26476696950373e-06,0,4.40315265730263e-05,0,0,0,0,0,0.000133138064172547,0,9.13876297704343e-06,0,0,0,0,0,0,0,0,0,0,0,0,0,0,0,0,0,0,0,0,0,0,0,0,0,0,0.00031754432389521,0,0,0,0,0,0,0,0,0,0,0,0,0,0,0,0,0,0,0,5.62682871933378e-05,0,2.14617605082145e-05,0,0,0,0,0,0,0,0,0,0,4.96450379784541e-05,0,0,1.39125982751161e-06,1.60507202760724e-05,0,8.18246906003887e-05,0,0,1.03372528750485e-05,0,0,0,0,0,0,0,6.3626723223754e-05,0,0,0,0,0,0,0,0,0,0,0,0,2.37665177298222e-05,0,0,0,0,0,0,3.42125970782442e-05,1.18576137738042e-05,0,0,0,0,0,0,0,0,0,0,0,0,0,0,0,0,0,1.2202488087321e-05,0,8.34734992508254e-06,0,0,0,0,0,8.00403403315271e-06,3.42641768031523e-05,0,0,0,0,0,0,0,2.38397207891901e-06,0,0,0,0,0,0,0,0,0,0,0,0,0,0,1.06216873612542e-05,0,0,0,0,0,0.00101759812348007,0,0,0,0,0,0,0,0,0,0,0,0,0,0,0,0,0,0,0,0,0,0,0,0,0,0.000186706497386109,0,0,0,0,0,0,0,0,0,0,0,0,0,0,0,0,0,0,0,0,0,0,0,0,0,0,0,0,0,0,0,0,0,0,0,0,0.00656305100241625,0,0,0,0,9.36157199516943e-06,0,0,0,6.6010957818998e-05,0,0,1.07966875762516e-05,0,0,0,0,0,0,0,8.74309990581297e-05,2.24294705299187e-06,0,0,0,0,0,0,0,0.000651610408581208,0.0010284385619746,0,0,0,0,0,0,0,0,0,0,0,0,0,0,0,0,0,0,2.49421964597046e-06,0,0,1.70605764200086e-05,0,0,4.82951801410219e-05,0,0,0,0,0,0.000153573538098051,0,0,0,0,0,0,0,2.83865107301011e-05,0,0,0,0,0,0,0,0,0,0,2.44176393026322e-05,0,0,2.35913599003501e-06,0,0,0,0,1.61912808480699e-05,0,0,0,0,0,0,0,0,0,0,0,8.21247310415058e-06,7.25067467527853e-07,0,7.69095543640679e-05,0,0,0,0,0,0,0,0,0,0,0,0,0,0,0,0,0,0,0,0,0,0,0,0,0,0,0,0,0,0,0,0,0,0,0,0,0,0,0,7.65081672468536e-06,0,0,1.88331010584203e-05,0,0,0,0,0,0,0
0,0,0,0,0,0.000304228780042592,0,0,0,0,0,0,0,0,0,0,0,0,0,0,0,0,0,0,0,0,0,0,0,0,0,0,0,0,0,0,0,0,0,0,0,0,0,0,0,0,0,0,0,0,0,0,0,0,0,0,0,0,0,0,0,0,0,0,0,0,0,0,0,0,0,0,0,0,0,0,0,0,0,0,0,0,0,0,0,0,0,0,0,0,0,0,0,0,0,0,0.987186058431574,0,2.22275850681434e-05,0,0,0,0,0,0,0,0,0,0,0,0,0.000316155548529877,0,0,8.31089391975001e-06,0,0,0,0,0,0,0,0,0,0,0,0,0,0,0,0,0,0,0,0,0,0,0,0,0,0,0,0,0,0,0,0,0,0,0,0,0,0,0,0,0,0,0,0,0,0,0,0,0,0,0,0,0,0,0,0,0,0,0,0,0,0,0,0,0,0,0,0,0,0,0,0,0,0,0,0,0,0,0,0,0,0,0,0,0,0,0,0,0,0,0,0,0,0,0,0,0,0,0,0,0,0,0,0,0,0,0,0,0,0,0,0,0,0,0,0,0,0,0.000137741046831956,0,0,0,0,0,0,0,0,0,0,0,0,0,0,0,0,0.000317359568390987,0,0,0,0,0,0,0,0,0,0,0,0,0,0.00014903129657228,0,0,0,2.4485752271278e-07,0,0,0,0,0,0,0,0,0,0,0,0,0,0,4.64101731099457e-05,0,0.000172416624246704,0,0,0,0,0,0,0,0,0,0.000834216400243501,0,0,0,0,0,0,0,0,0,0,0,0,0,0,0,0,0,0,0,0,0,0,0,0,0,0,0,0,0,0,0,0,0,0,0,0,0,0,0,0,0,0,0,0,0,0,0,0,0,0,0,0,0,0,0,0,0,0,0,0,0,0,0,0,0,0,0,0,0,0,0,0,0,0.000194628260023355,0,0,0,0,0,0,0,0,0,0,0,0,0,0,0,0,0,0,0,0,0,0,0,0,0,0,0,0,0,0,0,4.05794749015948e-05,0,0,0,0,0,0,0,0,0,0,0,0,0,0,0,0,0,0,0,0,0,0,3.56446936932655e-05,0,0,0,0,0,0,0,0,0,0,0,0,0,0,0,0,0,0,0,0,0,0,0,0,0,0,0,0,0,0,0,0,0,0.000186706497386109,0,0,0,0,0,0,0,0,0,0,0,0,0,0,0,0,0,0,0,1.74258529955041e-05,0,0,0,0,0,0,0,0.000750142527080145,0,0,0,0,0,0,0,0,0,0,0,0,0,0,0,0,0,0,0,0,0,0,0,0,0,0,2.11931757973932e-05,0,0,0,0,0,0,0,0,0,0,0,0,0,0,0,0,0,0,0,0,0,0,0,0,0,0,0,0,0,0,0,0,0,0,0,0,0,0,0,0,0,0,0,0,0,0,0,0,0,0,0,0,0,0,0,0,0,0,0,0,0,0,0,0,0,0,0,0,0,0,0,0,0,0,0,0,0,0,0,0,0,0,0,0,0,0,0,0,0,0,0,0,0,0,0,0,0,0,0,0,0,0,0,0,0,0,0,0,0,0,0,0,0,0,0,0,0,0,0,0,0,0,0,0,0,0,0,0,0,0,0,1.91662673694298e-07,6.07533414337789e-08,0,0
0,0,0,4.33179843275533e-06,0,0,7.15903656549516e-06,3.64721243553552e-06,0,0,0,0,0,0,0,0,0,0,0,8.42722668397057e-06,2.11455831105999e-06,0,0,0,0,0,0,0,0,0,0,0,0,0,0,0,0,0,0,0,0,7.74035744970703e-06,0,0,0.000201511335012594,0,0,0,0.00402248181617809,0.00150792537522794,0,0,0,0,0,0,0,0,0,0,0,0,0,0,0,0,0,0,0,0,0,0,0,6.18594454424435e-05,0,0,0,4.30904468479338e-05,0,0,0,0,0,0,0,0,0,0.000130446125750065,0,0,0,0,0,0,0,2.01178908403243e-05,0,0.981613516108603,0,0,0,6.53167864141084e-05,0,0,0,0,0,0,0,0,0,0,0,0,0,0,0,1.73949345950459e-05,0,0,0,0.000220361392684002,0,0,3.92958189248664e-05,0,0,0,0,0,0,0,0,0,0,0,0,0,0,0,0,0,0,0,0,0,0,0,0,0,0,0.00653400653400653,0,0,0,0,0,0.000362056480811006,0,3.35502918875394e-05,0,3.71774853148933e-05,0,0,0,0,0,0,0,0,0,0,0,0,0,0,0,0,0,0,0,0,0,0,0,0,0.000788643533123028,0,0,0,0,0,0,0,0,0,0,0,0,0,0,0,0,0,0,0,0,0,0,0.00144269390297884,0,0,0,0,0,0,0,0,0,0,0,0,0,0,0,1.77550513120983e-05,0,0,0,0,0,0,0,0,0,0,2.12143069285926e-05,0,4.19524678539215e-05,0,0,0,0,0,0,0,0,0,0,0,0,0,0,0,0,0.000230733733271804,0,0,0,0,0,0,0,0,0,0,0,0,9.79430090851119e-07,0,4.40315265730263e-05,1.42188248709997e-06,0,0,0,0,0,0.000414593698175788,0,0,0,0,0,0,0,0,0,0,0,0,0,0,0,0,0,0,0,0,0,0,0,0,0,0,0,0,0,0,0,0,0,0,0,0,0,0,0,0,0,0,0,0,0,0,0.000167635225748771,0,2.8048130592096e-05,0,0,0,3.58628604217472e-05,0,0,0,0,0,0,0,0,0,0,1.39125982751161e-06,0,0,0,0,0,1.03372528750485e-05,0,0,0,0,0,0,0,0,0,0,0,0,0,0,0,0,0,0,0,0,0.00674969103526951,0,0,0,0,0,0,0,5.92880688690208e-06,0,0,0,0,0,2.04782350491819e-05,0,0,0,4.95123038074962e-05,0,0,0,1.05983848061555e-05,0,0,0,7.3214928523926e-05,0,4.17367496254127e-06,0,0,0,0,0,0,0,0,0,0,0,1.46130465279401e-05,1.66184730946921e-05,0,0,0,0,0,0,0,0,0,0,0,0,0,0,0,0,3.5405624537514e-06,0,0,0,0,0,5.74914194056537e-05,0,0,0,0,0,0,0,0,0,0,3.68663594470046e-05,0,0,0,0,0,0,0,0,0,0,0,0,0,0,0,0,0,0,0,0,1.26778062324095e-05,0,0,0,0,0,0,0,0,0,0,0,0,0,0,0,0,0,8.97021887334051e-05,0,0,0,0,0,0,0,0,0,0,0,0,0,0,0,0,0,6.24104799677962e-06,0,0,0,0,0,0,4.98308657365459e-06,0,0,0,0,0,0,0,1.58965452832963e-05,2.24294705299187e-06,0,0,0,0,0,0,0,9.54740525393711e-06,0,0,0,0,0,0,0,0,0,0,0,0,0,0,0,0,0,0,0,2.49421964597046e-06,0,0,0,0,0,0.000193180720564088,0,0,0,0,0,0,0,0,0,0,3.3460483169377e-05,0,0,0,0,0,0,0,0,0,0,0,0,0,0,0,0,0,0,0,0,0,4.12141694314505e-05,0,0.000242372014111437,0,0,0,0,0,0,0,0,0,0.000862309675935811,1.45013493505571e-06,0,2.19741583897337e-05,0,0,0,0,0,0,0,0,0,0,0,0,0,0,0,0,0,0,0,0,0,0,0,0,0,0,0,0,0,0,0,0,0,0,0,0,0,0,0,0,0,9.0004950272265e-05,0.000338995819051565,0,0,0,0,0,0,0
0,0,0,4.33179843275533e-06,0,0.00301463063860387,1.57498804440894e-05,1.09416373066066e-05,0,0,0,0,0,0,0,0,0,0.00469771241830065,0,0,1.05727915552999e-05,0,0,0,0,0,0,0,0.00011132882080513,0.000469830189945634,0,0,0,0,0,0,0,0,0,0,0,0,0,0,0,0,0,0,0,0,0,0,0,0,0,0,0,0,0,0,1.13834927970949e-05,0,0,0,0,0,0,0,0,0,0,0,0,4.94875563539548e-06,0,0,0,0,5.39956803455724e-05,0,0,0,0,0,4.23599579789217e-06,1.78094390026714e-05,1.58105266486427e-05,0,0,0,0,0,0,3.076232107865e-06,0,0,0.00065900270923336,2.04294265459969e-05,0.977778765670448,0,0,0,0,0,0,0,0,3.66260117935758e-05,0,0,0,0.00018239743184416,0,0,0.000955752800771251,0,0,0,1.30670273166206e-05,0,0,0,0,0,3.92958189248664e-05,1.67989866851232e-05,0,0,0,0.00131058712100354,0,0,0,0,0,0,0,0,0,0.000241138172172655,0,0,0,0,0,0,0,0,0,0,0,0,0,0.000182731841023298,0,3.24167497345879e-05,0,0,0,0,0,0,1.33738114025116e-05,0,0,0,0,0,0,0,0,0,0,0.00724568494531258,0,0,0,0,0,0,0,0,0,0.000208811860513677,0,0.000101791530944625,0,0,0,0,0,0,0,1.03568272205038e-05,0,1.92722787542399e-05,0,0,0,0,0,0,0,0,0,0,0,0,2.55423492149985e-05,0,0,0.000415129546096498,0,2.92894382285748e-05,0,0,0,0,0,0,0,0,0,0,0,0,9.98213198374909e-06,0,0,0,2.10141425179146e-05,1.38404473232575e-05,0,0.000275482093663912,0,0,0,0,0,0,0,0,0,0,0,0,0,0,0.00137892995035852,0,0.000317359568390987,0,0,0,0,0,0,0,0.000772002058672156,0,0,0,0,0,0.000819672131147541,0,0,0,1.2242876135639e-05,0,0,2.84376497419994e-06,0,8.49408387058414e-06,0,0.0107607373444372,3.32845160431367e-05,0,0,6.20628448366816e-06,0,0,0,0.000556922077319348,1.90124912067228e-05,0.000697876812427133,0,0.000135244793075467,0,0,0,0,0,0,0,0.000518566951502717,0,0,0,0,0,0,0,0,0,0,0,0,0,0,0,0,0,0,0,0,0,0,0,4.34149316974587e-06,0,0.00719424460431655,0,0,0,0,5.60962611841921e-05,0,0,0,0,0,0,0,0,0,0,0,8.27417299640901e-06,0,0,2.08688974126741e-05,8.02536013803619e-06,0,0,0,0,0,0,0.00375319021167993,0,0,0,0,0,0,0,0,0,0,0,0,0,0,0,0,0,0,0,0.000778513040093422,0,0,0,0,0,0,1.77864206607062e-05,4.50653447498873e-05,0,0,0,0,0,0,0,0,0,0,0,0,0,0,0,0,1.2202488087321e-05,0,4.17367496254127e-06,0,0,0,0,0.000486953698819137,0,0,0,0,0,0,0,0,0,9.53588831567605e-06,0,0,0,0,0,0,0,0,0,0,0,0,0.00696853761703341,0,7.08112490750281e-06,0,0,0,0,0,5.74914194056537e-06,0,0,0,0,0,0,0,0,0,0,0,9.48586605957124e-05,0,0,0,0,0,7.5642965204236e-05,0,0,0,0,0,0,0,0.00252053771471247,0,0,0,0,0,0,5.05586733404116e-05,0,0,0,0,0,0,0,0,0,0,0,0,0.000313665353919074,0.000107968041459728,0,0,0,0,0,0,0.000390074114081675,0,0,0,0,0,0,0,0,0,0,0,0,0,3.12052399838981e-06,0,0,0,0,0,0.00136322326567707,9.13565871836674e-06,0,0,0,0,0,0.0648935042916181,0,3.97413632082408e-06,4.03730469538536e-05,0,0,0,0,0,0,0,9.54740525393711e-06,0,0,0,0,0,0,0,0,0,8.0901567063354e-06,0,0,0,0,0,0,0,0,0,7.48265893791139e-06,0,0,5.68685880666955e-06,0,0,0,0,0,0,0,0,1.18133490844654e-05,2.05892647573555e-05,0,6.92343374620077e-06,0,0,0,0,0,0,0,0,0,0,0,0,0,0,0,0,0,0,9.43654396014004e-06,0,0,0,0,2.94386924510361e-06,0,0,0,0,0,0,0,0,0,0.0189561152947286,0,0,1.88517541557242e-05,0,0,0,0,0.000419551080344032,0,0,0,0,0,0,0,0,0,0,0.000823180770497201,0,0,0,0,0,0,0,3.96852168598675e-06,0,0,0.00226539702042697,0,0,0,0,0,0,0,0,0,0,0,0,0,0,7.65081672468536e-06,0,0,0,0.000123424283316328,0,0,4.79156684235745e-07,1.03280680437424e-06,0,0
0,0,0,4.33179843275533e-06,0,2.76571618220538e-05,2.86361462619806e-06,0,0,0.00035778175313059,0,0,0,0,0,0,0,0,0,0,0,0,0,0,0,0,0,0,0,0,0,0,0,0.000389408099688474,0,0,0.00105106420250504,0,0,0,0,0,0,0,0,0,0,0,0,0,0,0,0,0,0.00017860332202179,0,0,0,0.00821196157421754,0,0,0,0,0,0,3.92279930958732e-05,0.000285779606767261,0.00589699908268903,0,0,0,0,0,0,0,5.12735056977683e-05,0,0,0,0.000370919881305638,0,0.000115200737284719,0,0,4.23599579789217e-05,0,0,0,0,0,0,1.97102591899083e-05,0,3.076232107865e-06,0,0,0,0,0,0.988757775188328,0,0,0.000418672807201172,0,0.000286820593718629,0,0,0,0,9.90138223295972e-05,0,0,0,0,0,0,0,0,9.80027048746545e-06,0,0,0,0,0,0,3.35979733702463e-06,0,0,8.5397096498719e-05,0,0,0,0,0,6.47140287071431e-05,5.40321491287316e-05,0,0.00012131505519835,0,0,0.00308851224105461,0,0,0,0.00138336503544873,0,0.00515837833481099,0,0,0,0,0,0,0,0,0,0,0,0,0,0,0,0,0,0,0,2.46889196128777e-05,0.00130349771887899,0,3.98612827360784e-05,4.77258626449673e-05,0,0,0,0.000433041030637653,0,0,1.05767501877373e-05,0,0,0,0,0,0,0,0,0,0,1.27019611828066e-05,0,0.000280741156653565,2.03029195598327e-05,0,0,0,3.85445575084798e-05,0,0,0.00034689257284744,0,0,0.000420875420875421,0,0,0,0,0,0,0,0,0,0,0,0,0,0,0,0,0,0,0,0,0,0,0,0,0,0,2.51768674941464e-05,0,0,0,0.0136948781155848,0,0,0,0,0,0,0,0,0.000182149362477231,0.000174895499938787,0,0,0,0,0,0,9.00915657914135e-05,0,0,0,0,0,0,0,0,0,0,0,0.000358037952022914,5.30760207845697e-06,0,0,0,0,0,1.63238348475187e-07,0,0,1.70625898451997e-05,0,5.66272258038943e-06,0,0,0,0,0,0,0,0,0,0,0,0,0.000989119683481701,0,0,0,0,0,0,0,0,0,0,0,0,0,0,0,0,0.00960548885077187,0,0,0,0,0,0,0,0,0,7.21413971383913e-05,0,0,0,0,0,0.000369026919428399,0,0,0,0,0,0,0,0,0,0,0,0,1.45331938146727e-05,0,0,0,0,0,0,0,0,0,0,0,0,0,0,0,0,0,0,0,0,0,0,0,0,0.00341332230037236,0,0,0,0,0.00015044129446376,0,0,0,0,0,0,0,0,0,0,0,0,0,5.92880688690208e-06,0,0,0.000585480093676815,0,0,6.8260783497273e-06,0,0,0,0,0,0,0,0,0,0.000133806114939453,2.13707178424123e-05,0,0,0,0,0.000123152709359606,0,0,0,0,0,3.09386795371574e-05,6.09421658845755e-05,8.8073135932078e-06,4.07273912069562e-05,1.46130465279401e-05,0,9.32227090519251e-05,0,0.00193657709997579,0,0,0,0,0,0,0.00570962479608483,0,0.000828217870018513,0,4.65116279069767e-05,0,0,0,0,0,0,0,7.33352889410384e-05,0,0,0,0,0,0,0,0,0,0,0,0,0.000758869284765699,0,0,0,0,0,0,0,0,0,0.000232270052647879,0,0,0,0,0,0,0,0,0,0,0,0,0,0,0.000228258388495777,0,0,0,0,0,0,0,0,0,0,0,0,0,0,0,0,0,0.013582778062532,0,0,0,0,0,0.000625547353934693,0,0,0,0,0,0,3.12052399838981e-06,0,0,0.00379087032064445,0,0,0,8.30514428942431e-07,0,0,0,0,0,0,6.17894216510133e-05,0,0,0,0,0,0,0,0.000220555800617556,0,2.38685131348428e-06,0,0,0,1.44684298859888e-05,0.00023191094619666,0,0,0,0,0,0,0,0,0,0,0,0.0155434336324711,0,0,0,0.000567536889897843,0.000158503724837534,0,0,0,0,0,0,0,0,0,0,0,0,0,0,0,0,0,0,0,0,0,5.69735642661805e-05,0,0,9.6515780330084e-05,8.7123192193762e-05,0,2.83350334353395e-05,0,0,5.29156524499947e-05,0,0,0,0,0,0,0,0,0.000178794922224209,0,0,8.93814801573114e-05,0,0,0,0,0,0,0,0,0,0,7.5041272699985e-05,0,0,0,0,0,0,0,0.00428901352688882,0,0,0,0,0,0,0,0,0,0,0,5.15907819178278e-05,0,0,1.91982798341269e-05,0,0,0,0,0,0.000171408981830648,0.00342377260981912,0.000186962482861772,0,0,3.15422587411485e-05,0,0,0,0,0,0,0,0,0,0,1.43747005270724e-07,0,0,0
0,0,0,0,0.000130565347956652,0,0,0,0,0,0,0.000288267512251369,0,0,0,0,0,0,0,0,0,0,0,0,0,0,0,0,0,0,0,0,0,0,0,0,0,0,0,0,0,0,0,0,0,0,0,0,0,0,0,0,0,0,0,0,0,0,0,0,0,0,0,0,0,0,0,0,0,0,0,0,0,0,0,0,0,0,0,0,0,0,0,0,0,0,0,0,0,0,0,0,0,0,0,0,0,0,0,0,0.987903639159405,0,0,0,0,0,0,0,0,0,0,0,0,0,0,0,0,0,0,0,0,0,0,0,0,0,0,0,0,0,0,0,0,0,0,0,0,0,0,0,0,0,0,0,0,0,0,0,0,0,0,0,0,0,0,0,0,0,0,0,0,0,0,0,0,0,0,0,0,0,0,0,0,0,0,0,0,0,0,0,0,0,0,0,0,0,0,0,0,0,0,0,0,0,0,0,0,0,0,0,0,0,0,0,0,0,0,0,0,0,0,0,0,0,0.000174703004891684,0,0,0,0,0,0,0,0,0,0,0,0,0,0,0,0,0,0,0,0,0,2.12143069285926e-05,0,0,0,0,0,0,0,0,0,0,0,0,0,0,0,0,0,0,0,0,0,0,0,0,0,0,0,0,0,0,0,0,0,0,0,0,0,0,0,0,0,0,0,0,0,0,0,0,0,0,0,0,0,0,0,0.00145949890537582,0,0,0,0,0,0,0,0,0,0,0,0,0,0,0,0,0,0,0,0,0,0,0,0,0,0,0,0,0,0,0,0,0,0,0,0,0,0,0,0,0,0,0,0,0.000758725341426404,0,0,0,0,0,0,0,0,0,0,0,0,0,0,0,0,0,0,0,0,0,0,0,0,0,0,0,0,0,0,0,0,0,0,0,0,0,0,0,0,0,0,0,0,0,0,0,0,0,0,0,0,0.00087966593891091,0,0,0,0,0,0,0,0,0,0,0,0,0,0,0,0,0,0,0,0,0,0,0,0,0,0,0,0,0,0,0,0,0,0,0,0,0,0,0,0,0,0,0,0,0,0,0,0,0,0,0,0,0,0,0,0,0,0,0,0,0,0,0,0,0,0,0,0,0,0,0,5.03068719187041e-05,0,0,0,0,0,0,0,0,0,0,0,0,0,0,0,0,0,0,0,0,0,0,0,0,0,0,0,0,0,0,0,0,0,0,0,0,0,0,0,0,0,6.6010957818998e-05,0,0,0,0,0,0,0,0,0,0,0,0,0,0,0,0,0,0,0,0,0,0,0,0,0,0,0,0,0,0,0,0,0,0,0,0,0,0,0,0,0,0,0,0,0,0,0,0,0,0,0,0,0,0,0,0,0,0,0,0,0,0,0,0,0,0,0,0,0,0,0,0,0,0,0,0,0,0,0,0,0,0,0,0,0,0,0,0,0,0,0,0,0,0,0,0,0,0,0,0,0,0,0,0,0,0,0,0,0,0,0,0,0,0,0,0,0,0,0,0,3.96016078252777e-05,0,0,0,0,0,0,0,0,0,0,0,0,0,0,0,0,0,0,0,0,0,9.02527075812274e-08,0
0,0,0,8.66359686551065e-06,0,2.76571618220538e-05,1.57498804440894e-05,4.74137616619618e-05,0,0,0,0,0,0,0,0,0,0,0,0.000160117306995441,0,0,8.20761995436563e-06,0,0,0,0,0,0,0,0,0,7.44956643523347e-06,0,0,0,0,0,0,0,0,3.09614297988281e-05,0,0,0.000201511335012594,0,0,0,0.00033061494379546,3.50680319820452e-05,0,0,0,0,0,0,0,0,0,0,5.69174639854747e-06,0,0,0,0,0,0,0,0,0,0,0,0,7.42313345309322e-06,1.30206637934402e-05,0,0,0,0.000215982721382289,0,0,0,0,0,0,0,1.58105266486427e-05,0,0,0,0,0,0,0,0,6.03536725209729e-05,0,4.08588530919937e-05,6.35073859089812e-06,0,0.000102511532547412,0.933180927498367,0,0,0,5.01982832187139e-05,0,0,0,0,0,0,0,0,2.77029797325e-06,0,0,1.73949345950459e-05,3.26675682915515e-06,0,0,0,0,0,3.92958189248664e-05,3.35979733702463e-06,0,0,0,0,0,0,2.96577495699626e-05,0,0,0,0,0,0,0,0,0,0,0,0,0,0,0,0,0,0,0.000297000297000297,0,0,0,0,0,0,0,0,0,0,0,0,0,0,0,0,0,0,0,0,0,0,0,0,0,0,0,0,0,0,0,0,0,5.08957654723127e-05,0,7.92769938163945e-05,1.27019611828066e-05,0,0,0,0,6.90455148033584e-06,0,0,0,5.31575590048905e-05,1.82575038340758e-05,0,0,0,0,0,8.41396718552798e-06,0,0,0,0,0.000409856222437169,0,0,0,2.92894382285748e-05,0,0,0,0,0,0,0,0,0,0,0,1.77550513120983e-05,0,0,0,0,0,0,0,0,0,0,6.36429207857779e-05,0,2.09762339269608e-05,0,0,0,1.74895499938787e-05,0,0,0,0,0,0,0,0,0,0,0,0,0,0,0,0,5.50751776174478e-05,0,0,0,0,0,0,0,0,6.0398188935819e-06,0,0.00634053982651579,0,0,2.83136129019471e-06,0,0,3.32845160431367e-05,0,9.13876297704343e-06,0,0,0,0,0,3.80249824134456e-05,0,0,0,0,0,0,0,0,0,0,0,0,0,0,0,0,0.000273298715496037,7.21552781585973e-05,0,0,0,0,0,0,0,0,6.45411126887827e-05,0,0,0,0,0,0,0,0,0,0,0,0,0,5.62682871933378e-05,0,0,0,0,1.79314302108736e-05,0,4.84439793822424e-06,0,0,0,0,0,0,0,0,5.56503931004643e-06,1.60507202760724e-05,0,0,0,0,1.55058793125727e-05,0,0,0,0,0,0,0,0.000699893955461294,0.000130327121073895,0,0,0,0,0,0,0,0,0,0,0,4.75330354596445e-05,0,0,0,0,0.00126397666504618,0.000896631228384783,0,1.18576137738042e-05,0,0,0,0,0,2.04782350491819e-05,0,0,0,9.90246076149923e-05,0,0,0,1.05983848061555e-05,0,0,0,0.000207442297484457,0,8.34734992508254e-06,0,0,0,0,0,0,0.000822340243275655,0,0,0,0,0,0,0,2.38397207891901e-06,0,0,0,0,0,0,0,0,0,0,4.37171847881684e-06,0,0,0,7.08112490750281e-06,0,0.000358230342109977,0,0,0,0.000327701090612226,1.96432780702444e-05,0,0,0,0,0,0,0,0,0,7.37327188940092e-05,0,0,0,0,8.52514919011083e-05,0,0,0,0,0,0,0,0.00214730513205927,0,0,0,0,0,0,0,0.000456401024366744,0,0,0,0,0,0,0,0,0,0,0,0.00453933110759679,0,0,0,0,0,0,5.82852480037303e-05,0,0,0,0,0,0,0,0,0,0,0,0,0,1.10308311731289e-05,0,0,1.5602619991949e-05,0,0,0,6.6010957818998e-05,0,0,1.57797741499062e-05,0,0,0,0,2.73374922771584e-06,0,0,3.97413632082408e-05,2.24294705299187e-06,0,0,0,0,0,0,0,9.54740525393711e-06,0.000357717760686818,0,0,1.44684298859888e-05,0,0,0,0,3.2916392363397e-05,0,0,0,0,0,0,0,0,0,0,7.48265893791139e-06,0,0,0,0,0,0.000627837341833285,0,0,0,0,0,0,0,0,4.61562249746718e-06,0,3.3460483169377e-05,0,0,0,0,0,0,0,0.0039748500397485,0,0,0,0,0,2.44176393026322e-05,0,0,0,0,0,0,0,0.00943657286517962,0,0.00091562760886543,0,0.000829875518672199,0,0,0,0,0,0,1.38513747489438e-05,0.000344923870374324,5.07547227269497e-06,0,0.000615276434912543,0,0,0,0,0,0,0,0,0,0,0,0,0,0,0,0,0,0,0,0,0,0,0,0,3.83965596682537e-05,0,1.98008039126389e-05,0,0,0,0,0,0,0,0,0,0,0,0,0,0,0,0.000414328223285246,0,0,0,0,6.07533414337789e-08,9.02527075812274e-08,0
0,0,0,0,0,0,0,0,0,0,0,0,0,0,0,0,0,0,0,0,0,0,0,0,0,0,0.000158202816010125,0,0,0,0,0,0,0,0,0,0,0.000720461095100865,0,0,0,0,0,0,0,0,0,0,0,0,0,0,0,0,0,0,0,0,0,0,0,0,0,0,0,3.92279930958732e-05,0,0,0,0.000124470998257406,0,0,0,0,0,0,0,0,0,0,0,0,0,0,0,0,0,0,0,0,0,0,0,0,0,0,0,0,0,0,0,0,0.979694368850743,0,0,0,0,0,0,0,0,0,6.33834062242505e-05,0,0,0,0,0,0,0,0,0,0,0,0,0,0,0.00223338916806253,0,0,0,0,0,0,0,2.70160745643658e-05,0,0,0,0,0,0,0,0,0,0.000159108989657916,0,0,0,0,0,0,0,0,0,0,1.52615835419083e-05,0,0,0,0,0,0,0,0,0,0,0,0,0,0,0,0,0,0,0,0,0,0,2.85160260066157e-05,0,0,0,0,0,0,0,0,0,0,0,5.07572988995818e-05,0,0,0,0,0,0,1.82575038340758e-05,0,0,0,0,0,0,0,0,0,0,0,0,0,0,0,0,0,0,0,0,0,0,0,0,0,0,0,0,0,0,0,0,0,0,0,2.42643847360844e-05,0,0,0,0,0,0,0,0,0,0,0,0,0,0,1.63802846893479e-05,0,0,0,0,0,0,0,4.18616722900846e-06,0,0,0,0,0,0,0,0,0,0,0,0,0,0,0,0,0,0,0,0,0,0,0,0,0,0,0,0,0,0,0,9.87118108681704e-05,0,0,0,0,0,0,0,0,0,0,0,0,0,0,0,0,0,0,0,0,7.55829333736442e-05,0,0,0,0,0,0,0,0,1.08537329243647e-05,0,0,0,0,0,0,0,0,0,0,0,4.59833540258426e-05,0,0,0,0,0,0,0,0,0,0,0,0,0,0,0,0,0,0,0,0,0,0,0,0,0,0,0,0,0,0,1.67156993848623e-05,0,0.000500951808436028,0,0,0,0,0,0,0,0,0,0,0,0,0,0,0,0,0,0,0,0,0,0,0,0,0,0,0,0,2.13707178424123e-05,0,0,0,0,0,0,0,0,0,0,0,0,0,2.03636956034781e-05,0,0,0,0,0,0.000175870559268378,0,0,0,0,0,0,0,0,8.74343695763368e-06,0,0,0,0,0.000120569086086327,0,0,0,0,0,0,0,0,0,0,0,0,0,0,0,0,0,0,0,0,0,0,0,0,0,0,0,0,0,0,0,0,0,0,0,0.000175300201595232,0,0,0,0,0,0.000456516776991554,0,0,0,0,0,0,0,0,0,0,0,0,0,0,0,0,0,0,0.00232099338516885,0,0,0,0,0,0,0,0,0,0,0,0,0,0,0,0,0,0,0,0,0,0,0,0,0,0,0,0,0,0,0.000638453119299526,0,0,0,0,0,0,0,0,2.89368597719775e-05,0,0,0,0,0,0,0,0.00133779264214047,0,0,0,0,0,0,0,0,0,0,0,0,0.000690846286701209,0,0,0,0,0,0,0,0,0,0,0,0,0,0,0,0,0,6.83060109289617e-05,0,0,0,0,0,0.00117439812096301,0,0,0,0,0,0,0,0,0,0,0,0,0,0,0,0,0,0,0,0,0,0,0,0,0,0,0,0,0,0,0,0,0,0,0,0,0,0,0,0,0,0,0,0,0,0,0,0.000170241743275451,0,0,0,0,0,0,0,5.71363272768826e-05,0,0,0,0,6.30845174822969e-05,0,0,0,0,0,0,0,0,0,4.37608034483513e-05,0,0,0,0
0,0,0,0,0,0,0,0,0,0,0,0,0,0,0,0,0,0,0,0,0,0,0,0,0,0,0,0,0,0,0,0,0,0,0,0,0,0,0,0,0,0,0,0,0,0,0,0,0,0,0,0,0,0,0,0,0,0,0,0,0,0,0,0,0,0,0,0,0,0,0,0,0,2.47437781769774e-06,0,0,0,0,0,0,0,0,0,0.000260756192959583,6.35399369683825e-05,0,0,0,0,0,0,0,0,0,9.67202174270488e-06,0,0,0,0,0,0,0,0,0.990300678952473,0,0,2.49345468146116e-05,0,0,0,0,0,0,0,0,0,0,0,0,0,0,0,0,0,0,0,0,0,8.5397096498719e-05,0,0,0,0,0,0,0,0,0,0,0,0,0,0,0,0,0,0,0,0,0,0,0,0,0,0,0,0,0,0,0,0,0,0,0,0,0,0,0,0,0,0,0,0,0,0,0,0,0,0,0,0,0,0,0.000835247442054709,0,0,0,0,0,0,0,0,0,0,0,0,0,0,0,0,0,0,0,0,0,0,0,0,0,0,0,0,0,0,0,0,0,0,0,0,0,0,0,0,0,0,0,0,0,0,0,0,0,0,0,0,0,0,0,0,0,0,5.2468649981636e-05,0,0,0,0,0,0,8.19014234467395e-06,0,0,0,0,0,0,0,0,0,0,0,0,2.65380103922849e-06,0,0,0,0,0,0,0,0,0,0,0,0,0,0,0,0,0,0,0,0,0,0,0,0,0,0,0,0,0,0,0,0,0,0,0,0,0,0,0,0,0,0,0,0,0,0,0,0,0,0,0.000180353492845978,0,0,0,0,0,0,0,0,0,0,0,0,0,0,0,0,0,0,0,0,0,0,6.6554854511088e-06,0,0,0,0,0,0,0,0,0,0,0,0,0,0,0,0,0,7.94817788022096e-06,0,0,0,0,0,0,0,0,0,0,0,0,0,0,0,0,0,0,0,0,0,0,0,0,0,0,0,0,0,0,0,0,0,0,0,0,0,0,0,0,0,4.17367496254127e-06,0,0,0,0,0,0,0,0,0,0,0,0,0,0,0,0,0,0,0,0,0,0,0,0,2.43593491181916e-05,0,0,0,0,0,0,0,0,0,0,0,0,0,0,0,0,0,0,0,0,0,0,0,0,0.000799560241866973,0,0,0,0,0,0,0,0,0,0,0,0,0,0,0,0,0,0,0,0,0,0,0,0,0,0,0,0,0,0,0,0,0,0,0,0,0,0,0,0,0,0,0,0,0,0,0,0,0,0,0,0,0,0,0,0,0,0,0,0,0,0,0,0,0,0,0,0,0,0,0,0,0,0,0,0,0,0,0,0,0,0,0.000602968460111317,0,0,0,0,0,0,0,0,0,0,0,0,0.000144320969836917,0,0,0,0,0,0,0,0,0,0,0,0,0,0,0,0,0,0,0,0,0,0,0,0,0,0,0,0,0,0,0,0,0,0,0,2.35913599003501e-06,0,0,0,0,0,0,0,0.00303951367781155,0,0,0,0,0,0,0,0,0,0,0,0,0,0,0,0,0,0,0,0,0,0,0,0,0,0,0,0,0,0,0,0,0,3.96852168598675e-06,0,0,0,0,0,0,0,0,0,0,0.000124641655241182,0,0,0,0,0,0,0,0,0,0,0,0,0,0,0,0,0
0,6.5837118967674e-05,0,0,0,0,0,0,0,0,0,0,0,0,0,0,0,0,0,0,0,0,0,0,0,0,0,0,0,0,0,4.09785682088268e-05,0,0,0,0,0,0,0,0,0,0,0,0,0,0,0,0,0,0,0,0,0,0,0,0,0,0,0,0,0,0,0,0,0,0,5.71559213534522e-05,0,0,0,0,0,0,0,0,0,0.000111982082866741,0,0,0.000370919881305638,0,0.00190081216519786,0,0,0,0,0,0,0,0,0,0,0,0,0,0,0,0,0,1.6412007024339e-05,0,0,0,0,0.960848988957407,0,0,0,0,0,0,0,0,0,0,0,0,0,0,0,0,0,0,0,0,0,0,0,0,0,0,0,0,0,0,0.000405241118465487,0,0,0,0,0,0,0,0,0,0,0,0,0,0,0,0,0,0,0,0,0,0,0,0,0,0,0,0,0,0,0,0.000217249619813165,0,0,0,0,0,0,0.00032478077297824,0,0,0,0,0,0,0.0021225413895571,0,0,0,0,0,0,0,0,0.00112296462661426,0,0,0,0,0,0,0,0,0,0,0,0,0,0,0,0,0,0,0,0,0,0,0,0,0,0,0,0,0,0,0,0,0,0,0,0,0,0,0,0,0,0,0,0,0,0,0,0,0,0,0.00382513661202186,0,0,0,0,0,0,0,0,0,0,0,0,0,0,0,0,0,0,0,0,2.65380103922849e-06,0,0,0,0,0,8.16191742375933e-08,0,0,0,0,0,0,0,0,0,0,0,0,0,0,0,0,0,0,0,0,0,0,0,0,0,0,0,0,0,0,0,0,0,0,0,0,0,0,0,0,0,0,0,0,0,0,0,0,0,0,0.000154123007525978,0,0,0,0,0,0,0,0,0,0,0,0,0,0,0,0,0,0,0,0,0,0,0,0,0,0,0,0,0,0,0,0,0,0,0,0,0,0,0,0,3.85104170678168e-05,0,0.000250735490772934,0,0,0,0,0.000136855070480361,0,0,0,0,0.000383656244005371,0,0,0,0,0,0,0,0,0,0,0,0,0,0,0,0,0,0,0,0,0,0,0,0,0,0,0,0,0,0,0,0,0,0,0,0,0,0.000139834063577888,0,0,0,0,0,0,0,0,0,0,2.43593491181916e-05,0,0,0,0,0,0,0,0,0,0,0,0,0,0,0,0,0,0,0,0,0,0,0,0,0,0,0,0,0,0,0,0,0,0,0,0,0,0,0,0,0,0,0,0,0,0,0,0,0,0,0,0,0,0,0,0,0,0,0.000205296653664545,0,0,0,0,0,0,0,0,0,0,0,0,0,0,0,0,0,0,0,0,0,0,0.000315905860053704,0,0,0,0,0,0,0,0,0,0,0,0,0,0,9.99000999000999e-05,0,0,0,0,0,0,0,0,0,0,0,0,0,0,0,0,0,0,0,0,0,0,0,0,0,0,0,0.000317007449675067,0,0,0,0,0,0,0,0,0,0,0,0,0,0,0,0,0,0,0,0,0,2.84867821330902e-05,0,0,0,0,0,0,0,0,0,0,0,0,0,0,0,0,0,0,0,0,0,0,0,0,0,0,0,0,0,0,0,0,0,0,0,0,0,0,0,0,0,0,0,0,0,0,0,0,0,0,0,0,0,0,0,0,0,0,0,0,0.00434236087304308,0,0,0,0,1.57711293705742e-05,0,0,0,0,0,0,0,0,0,0,0,0,0,0
0,0,0,1.2995395298266e-05,0,5.53143236441076e-05,0.000682972088348238,0.00908520617691898,0,0,0,0,0,0,0,0,0,0,0,1.68544533679411e-05,2.11455831105999e-06,0,4.10380997718282e-05,0,0,0,0,1.8379650051463e-05,1.1132882080513e-05,0,0,0,0,0,0,0,0,0,0,0,0,0,0,0,0.000604534005037783,0,0,0,5.51024906325766e-05,3.50680319820452e-05,0,0,0,0,0,0,0,0,0,0,2.84587319927373e-05,0,0.000207134488539637,0,0,0,0,0,0,0,0,0,0,2.47437781769774e-06,0.0231246988971498,0,0,0,0,0,0,0,0,0,4.23599579789217e-06,0,0,0,4.83161810890467e-05,0,0,0.000285798758253671,0,2.1533624755055e-05,0,6.03536725209729e-05,0,2.04294265459969e-05,0,0,0,8.16459830176355e-06,0,0,0,0.949256706849197,0,0,0,1.98027644659194e-05,0,0,0,0,2.77029797325e-06,0,0,1.73949345950459e-05,3.26675682915515e-06,0,0,0,0,0,0,0,0,0,0,1.10133371512902e-05,0,0,0,0,0,0,0,0,0,0,0,0,0,4.29000429000429e-05,0,0,0,0,0,0,0,0,0,0,0,0,0,0,0,0,0,0,0,0,0,0,0,0,0,0,0,0.000252764612954186,0,1.06086163181736e-05,0,0,0,0,0,0,0,0,5.73526038082129e-05,0,0,0.000152687296416938,0.000525762355415352,0,2.54039223656132e-05,0,0,0,5.11460365474964e-05,8.6306893504198e-05,0,0,0,0,1.82575038340758e-05,0,0,0,0,0,0.000841396718552798,0,0,0,2.55423492149985e-05,4.91827466924603e-05,0,4.27968604223194e-06,0,0,0,0,0,0,0,0,0,0,0,0,0,1.77550513120983e-05,1.99642639674982e-05,0,0,0,1.40094283452764e-05,2.7680894646515e-05,0,0,0,0,4.24286138571853e-05,0,6.29287017808823e-05,0,0,0,0,0,0,0,0,0,0,0,0,0,0,0,0,0,0,0,0,0,0,0,5.30760207845697e-06,0,7.45156482861401e-05,0,0,0,8.69244205630368e-05,0,6.60472898595394e-05,2.84376497419994e-06,9.57982871266262e-06,0,0,0,9.98535481294102e-05,0,0,3.7237706902009e-05,0,0,0,0,0.000114074947240337,0,0,0,0,0,0,0,0,0,0,0,0,0,0,0,0,0,0,0,0,0.0150833553850225,0,0,0,0,0,0,0,0,0,0,0,0,0,0,0,0,0,0,0,0,0,0,0,0,0,0,0,0,0,0,6.6554854511088e-06,0,8.27417299640901e-06,0,0,2.64339367227205e-05,0.000212672043657959,0,0,0,0,0,0,0,0,0,0,0,0,0.000127253446447508,0,0,0,0,0,0,0,0,0,0,0,0,2.37665177298222e-05,0,0,0,0,0,0,3.42125970782442e-05,1.77864206607062e-05,0,0,0,0,0,2.04782350491819e-05,0,0,0,0,0,0,0,2.11967696123111e-05,5.00375281461096e-05,0,0,6.1012440436605e-06,0,0,0,0,0,0,0,0.00105653249237616,3.42641768031523e-05,0,0,0,0,0,0,0,1.07278743551356e-05,0,0,0,0,0,0,0,0,0,0,0,0,5.94078228221092e-06,0,3.5405624537514e-06,0,0,0,0,0,8.04879871679152e-05,2.94649171053665e-05,0,0,0,0,0,0,0,0,0,3.68663594470046e-05,0,0,0,0,8.52514919011083e-05,0,0,0,0,0,0,0,5.36826283014816e-05,0,0,0,0,0,0,0,3.80334186972286e-05,0,0,0,0,0,0,0,0,0,6.58379858843358e-06,0,0.000117144028583143,0,1.74258529955041e-05,0,0,0,0,0,0,0,0,0,0,4.05284915295453e-05,0,0,0,0,0,8.16299875922419e-05,4.87745396902817e-05,3.30924935193867e-05,0,0,3.12052399838981e-06,0,0,0,0,0,0,2.07628607235608e-05,0,0,0,0,8.20124768314753e-06,0,0,1.58965452832963e-05,6.7288411589756e-06,0,0,0,0,0,0,0,8.5926647285434e-05,0.00406903952781256,0,0,0,0,0.000466200466200466,0,0,0,5.3934378042236e-06,0,0,0,0,0,0,0,0,0,0.000952791904760717,0,0,6.2555446873365e-05,0,0,0,0,0,0,0,0,4.72533963378618e-05,5.14731618933888e-06,0,1.38468674924015e-05,0,1.67302415846885e-05,0,0,0,0,0,0,2.84867821330902e-05,1.8067500180675e-05,0,0,0,0,0,0,0,0,1.88730879202801e-05,0,0,0,0,6.62370580148312e-05,0,8.07906713704791e-05,0,0,0,0,0,0,0,0,1.38513747489438e-05,2.46374193124518e-05,1.9576821623252e-05,0,0.000472444405379274,0,0,0,0,0,0,0,0,0.000288641939673835,0,0,0,0,0,0,0,0,0,0,0,0,0,0,0,3.83965596682537e-05,0,0,0,0,0,0,0,0,0,0,0,0,0,4.32370108813144e-05,1.53016334493707e-05,0,0,5.64993031752608e-05,8.22828555442188e-06,0,0,1.91662673694298e-07,1.21506682867558e-07,0,0
0,0,0,0,0,0,0,0,0,0,0,0,0,0,0,0,0,0,0,0,0,0,0,0,0,0,0,0,0,0,0,0,0,0,0,0,0,0,0,0,6.65085241758485e-05,0,0,0.00182863113897597,0,0,0,0,0,0,0,0,0,0,0.00446508305054474,0,0,0,0,0,0,0,0,0,0,0,5.71559213534522e-05,0,0,0,0,0,0,0,0,0,0,0,0,0,0,0,0,0,8.04839201599512e-05,0,0,0,0,0,0,0,0,3.076232107865e-06,0,0,0,0,0,8.2060035121695e-06,0,0,0,0,0,0,0.986585213813739,0,0,0.000178224880193275,0,0,0,0,0,0,0,0,3.26675682915515e-06,0,0,0,0,0,0,0,0,0,0,1.10133371512902e-05,0,0.000115861429730043,0,0,0.00217439136456001,0,0,0,0,0,0,0,0,0,0,0,0,0,0,0,0,0,0,0,0,0,0,0,0,0,0,0,0,0,3.82160736805901e-05,0,9.8755678451511e-05,0,0,0,0,0,0,0,0,0,0,0,0,0,0,0,0,0,0,0,0,0,0,0,0,0,0,0,0,0,0,0,1.82575038340758e-05,0,0,0,0,0,0,0,0,0,0,0,0,0,0,0,0,0,0,0,0,0,0,0,0,0,0,0,0,0,5.03537349882928e-05,0,0,0,0,0,0,0,0,0,0,0,0,0,0.000174895499938787,0,0,0,0,0.00100795161832232,0,0,0,0,0,0,0,0,0,0,0,5.50751776174478e-05,0,0,0,0,0,0,0,0,1.63238348475187e-07,0,0,0.000116594363942198,0,2.83136129019471e-06,0,0,0,0,0,0,0,0,0,0,0,0,0,0,0,0,0,0,0,0,0,0,0,0,0,0,0,0,0,0,0,0,0,0,0,0,0,0,0,0.000168329926656246,0,0.000463005833873507,0,0.000106723585912487,0,4.34149316974587e-06,0,0,0,8.11293201362973e-05,0,0,0,0,0,0,0,0,0,0,0,0.000810701256586948,0,0,0,0,0,0,0,0,0,0,0,0,0,0,0.000453669048429171,0,0,0.00273224043715847,0.000119222668203314,0,0,0.000103434009102193,0,0,0,0,0,0,0,0,0,0,0,0,0,0,0,0,0,0,0,0,0,0,0,0,0,0,0,0,0,0,0,0,0,0,0.000133806114939453,0,0,0,4.17367496254127e-06,0,0,0,0,0,0,0,0,0,0,0,0,0,0,0,0,0,0,0,0,0,0,0,0,0,0,0,0,4.00978387264926e-05,0,0,0,0,0,0,0,0,0,0,0,0,0,0,0,0,0,0,0,0,0,0.000130531262237306,0,0,0,0,0,0,1.2903891813771e-05,0,0,0,0,0,0,0,0,0,0,0,0,0,0,0,0,0,0,0,6.58379858843358e-06,0,0,0,0,0,0,0,0,0,0,0,0,0,0,0,0,0,0,0,0,0,0,0,0,0,0,0,0,0,0,0,0,0,0,0,0,0,0,0,0,0,0,0,0,0,0,0,0,0,0,0,0,0,0,0,0,0,0,0,0,0,0,0,0,0,0,0,0.000144320969836917,0,0,0,0,0,0,0,0,0,0,0,0,0,0,0,0,0,0,0,0,0,0,0,0,0,0,0,0,0,0,0,2.83350334353395e-05,0,0,0,0,0,0.000355745286374956,0,0,0,0,0,0,0,0.00367510234462226,0,0,0.000182859929294161,0,0,0,0,0,0,0,0,0,0,0,0,0,0,0,0,0,0,0,0,0,1.59979522621104e-05,0,0,0,0,0,0,1.98426084299338e-05,0,0,0,0,0,0,0,0,0,0,0,0,0,0,0,0,0,7.65081672468536e-06,0,0,0,0,0,0,9.5831336847149e-08,0,0,0
0,0,0,0,0,5.53143236441076e-05,0,0,0,0,0,0,0,0,0,0,0,0,0,0,0,0,0,0,0,0,0,0,1.1132882080513e-05,0,0,0,0,0,0,0,0,0,0,0,0,7.74035744970703e-06,0,0,0,0,0,0,0,0,0,0,0,0,0,0,0,0,0,0,0,0,1.29459055337273e-05,0,0,0,0,0,0,0,0,0,0,0,1.30206637934402e-05,0,0,0,0,0,0,0,0,0,0,0,0,0,0,0,0,0,0,0,0,0,0,0,0,0,0,0,0,0,0,0,0,0.983554920704684,0,0,0,0,0,0,6.92574493312501e-06,0,0,0,0,0,0.000177935943060498,0,0,0,0.00318296133291418,0,0,0,0,1.10133371512902e-05,0,0,0,0,0,0,0,0,0,0,0,0,0,0,0,0,0,0,0,0,0,0,0,0,0,0,0,0,0,0,0,0,0,0,0,0,0,0,0,0,0,0,0,1.06086163181736e-05,0,0,0,0,0,0,0,0,0,0,0,0,0,0,1.27019611828066e-05,0,0,0,0,0,0,0,0,0,0,0,0,0,0,0,0,0,0,0,0,0,0,1.28390581266958e-05,0,0,0,0,0,0,0,0,0,0,0,0.000284711018316409,0,0,4.99106599187454e-05,0,0,0,0.00123282969438432,0,0,0,0,0,0,0,0,0,0,0,0,0,0,0,0,0,0,0,0,0,0,0,0,0,0,0,0,0,0,0,2.65380103922849e-06,0,0,0,0,0,3.10152862102854e-06,0,0,0,0,0,0,0,9.98535481294102e-05,0,9.13876297704343e-06,0,0,0,0,0,0,0,0,0,0,0,0,0,0,0,0,0,0,0,0,0,0,0,0,0,0,0,0,0,0,0,0,0,0,0,0,0,0,0,0,0,0,0,0,0,0,0,0,0,0,0,0,0,0,0,0.000263036759387124,0,0,0,2.4822518989227e-05,0,0,0,0,0,2.04561726500972e-05,0,0,0,0,0,0,0,0,0,0,2.12089077412513e-05,0,0,0,0,0,0,0,0,0,0,0,0,0,0,0,0,0,0,0,0,0.000409087675196244,0,0,0,0,0,0,0,0,0,0,0,0,0,0,0,0,0,0,0,0,0,0,0,0,0,0,0,0,0,0,0,0,0,0,2.38397207891901e-06,0,0,0,0,0,0,0,0,0,0,0,0,0,0,0,0,0,0,0,0,0,0,0,0,0,0,0,0,0,0,0,0,0,0,0,0,0,0,0.00143721633888048,0,0,0,0,0,0,0,0,0,0,0,0,0,0,0,0,0,0,0,0,0,0,0,0,0,0,0,0,0.000809760310947959,0,0,0,0,0,0,0,0,0,0,0,0,0,0,0,0,0,0,0,0,0,0,0,0,0,0,0,4.98308657365459e-06,0,0,0,0,0,0,0,0,1.12147352649593e-05,0,0,0,0,0,0,0,1.19342565674214e-05,0,1.30874635186954e-05,0,0,0,0,0,0,0,0,0,0,0,0,0,0,0,0,0,0,0,0,0,0,0,0,0,0,0,0,0,0,0,0,0,0,0,0,0,0,0,0,0,0,0,0,0,0,0,0,0,0,0,0,0,0,0,0,2.94386924510361e-06,0,0,0,0,0,0,0,0,0,0,0,0,3.62533733763927e-06,0,0,0,0,0.00052443885043004,0,0,0,0,0,0,0,0,0,0,0,0,0,0,0,0,0,0,0,0,0,0,0,0,0,0,0,0,0,0,0,0,0,0,0,0,0,0,0,0,1.64565711088438e-05,0,0,2.39578342117873e-07,0,0,0
0,0,0,0,0,0,0,0,0,0,0,0,0,0,0,0,0,0,0,0,0,0,0,0,0,0,0,0,0,0,0,0,0,0,0,0,0,0,0,0,0,0,0,0,0,0,0,0,0,0,0,0,0,0,0,0,5.41477149664284e-05,0,0,0,0,0,0,0,0,0,0,0,0,0,0,0,0,0,0,0,0,0,0,0,0,0,0,0,0,0,0,0,0,0,0,0,0,0,0,0,0,0,0,0,0,0,0,0,0,0,0,0,0.987702627166015,0,0,0,0,0,0,0,0,0,0,0,0,0,0,0,0,0,0,0,0,0,0,0,0,0,0,0,0,0.0004852602207934,0,0,0,0,0,0,0,0,0,0,0,0,0,0,0,0,0,0,0,0,0,0,0,0,0,0,0,0,0,0,0,0,0,0,0.000167532249958117,0,0,0,0,5.28837509386866e-05,0,0,0,0,0,0,0,0,0,0,0,0,0,0,0,0,0,0,0,0,0,0,0,0,0,0,0,0,0,0,0,0,0,0,0,0,0,0,0,0,0,0,0,0,0,0,0,0,0,0,0,0,0,0,0,0,0,0,0,0,0,0,0,0,0,0,0,0,0,0,0,8.19014234467395e-06,0,0,0,0,0,0,0,4.18616722900846e-06,0,0,0,0,0,0,0,0,0,0,0,0,0,0,0,0,0,0,0,0,0,0,0,0,0,0,0,0,0,0,0,0,0,0,0,0,0,0,0,0,0,0,0,0,0,0,0,0,0,0,0,0,0,0,0,0,0,0,0,0,0,1.95367192638564e-05,0,0,0,0.000162258640272595,0,0,0,0,0,0,0,0,0,0,0,0,0,0,0,0,0,0,0,0,0,0,0,0,0,0,0,0,0,0,0,0,0,0,0.00084896195106892,0,0,0,0,0,0,0,0,0,0,0,0,0,0,0,0,0,0,0,0,0,0,0,0,0,0,0,0,0,0,0,0,0,0,0,0,0,0,0,0,0,0,0,0,0,0,0,0,0,0,0,9.32227090519251e-05,0,0,0,0,0,0,0,0,0,0,0,0,4.65116279069767e-05,0,0,0,0,0,0,0,0,0,0,0,0,0,0,0,0,0,0,0,0,9.48586605957124e-05,0,0,0,0,0,0,0,0,0,0,0,0,0,0,0,0,0,0,0,0,0,0,0,0,0,0,0,0,0,0,0,0,0,0,0,0,0,0,0,0,0,0,0,0,0,0,0,0,0,0,0,0,0,0,0,0,0,0,0,0,0,0,0,0.000239654896948394,0,0,0,0,0,0,0,0,0,0,0,0,0,0,0,0,0,0,0.00424568355505236,4.34052896579663e-05,0,0,0,0,0,0,0,0,0,0,0,0,0,0,0,0,0,0,0,0,0,0,0,0,0,0,0,0,0,0,0,0,0,0,0,0,0,0,0,0,0,0,0,8.7123192193762e-05,0,0,0,0,0,0,0,0,0,0,0,0,0,0,0,0,0,0,0,0,0,0,0,0,0,0,0,0,0,0,0,0,0,0,0,0,0,0,0,0,0,0,0,0,0,0,0,0,0,0,0,0,0,0,0.00116414435389988,0,0,0,0,0,0,0,0,0,0,0,0,0,0,0,0,0,9.5831336847149e-07,0,0,0
0,0,0,0,0,0,0,0,0,0,0,0,0,0,0,0,0,0,0,0,0,0,0,0,0,0,0,0,0,0,0,4.09785682088268e-05,0,0,0,0,0.000875886835420864,0,0,0,0,0,0,0,0,0,0,0,0,0,0,0,0,0,0.000357206644043579,0,0,0,0.000309885342423303,0,0,0,0,0,0,0,0,6.55222120298781e-05,0,0,0,0,0,0,0,0,0,0,0,0,0,0,0,0,2.5415974787353e-05,0,1.58105266486427e-05,0,0,0,0,0,0,0,0,0,0,0,0,7.38540316095255e-05,0,0,0,0,0,0,0.000698167310809126,0,0,0.990613489643154,0,0,0,2.4515812699191e-05,0,0,0.00222398729150119,0,0,0,0,0,0,0,0,0,0,0,0,0,0,0,0,0,0.00172139316361001,0,0,0,0,0,0,0,0,0,0.00276673007089746,0,0,0,0,0,0,0,0,0,0,0,0,0,0,0,0,0,0,0,0,0,0,0,0,0,0,0,0,0,0,0,0,0,0,0,0,0,0,0,0,0,0,0,0,0,0,0,0,0,0,0,0,0,1.82575038340758e-05,0,0,0,0,0,0,0,0,0,0,0,0,0,0,0,0,0,0,0,0,0,0,0,0,0,0,0,0,0,2.51768674941464e-05,0,0,0,0,0,0,0,0,0,0,0,0,0,0.00152159084946744,0,0,0,0,0,0,8.19014234467395e-06,0,0,0,0,0,0,0,0,0,0,0,0.00322234156820623,5.30760207845697e-06,0,0,0,0,0,8.16191742375933e-08,0,0,5.26096520226989e-05,9.57982871266262e-06,0,0,0,0,0,0,0,0,0,0,0,0,0,0,0,0,0,0,0,0,0,0,0,0,0,0,0,0,0,0,0,0,0,0,0,0,0,0,0,0,0.000108212095707587,0,0,0,0,0,4.34149316974587e-06,0,0,0,0,0,0,0,0,0,0,0,0,0,0,0,0.000101337657073368,0,0,0,0,0,0,0,0,0,0,0,0,0,0,0,0,0,0.000210172341319882,6.35854230417677e-05,0,0,0.000310302027306578,0,0,0,0,0,0,0,0,0,0,0,0,0,0,0,0,0,0,0,2.25326723749437e-05,0,0,0,0,0,0,0,0,0,0,0,0,0,0,0,0,0,0,0,0,0,0,0,0,0,0,0,0,0,0,0,0,0,0,0,0,0,0,0,0,0,0,0,0,0,0,0,0,0,0,0,0,0,0,0,0,0,0,0,0,0,0,0,0,0,0,0,0,1.66575050388953e-05,0,0,0,0,0,0,0,0.00012903891813771,0,0,0,0,0,0,0,0,0,0,0,0,0,0,0,0,0,0,0,0,0,0,0,0,0,0,0,0,0,0,0,0,0,0,0,0,0,0,0,0,0,0,0,0.000150060024009604,2.00156121774984e-05,0,0,0,0,0,0,0,0,0,0,0,0,0,0,0,0,0,0,0,0,0,0,0,0,0,0,1.30874635186954e-05,0,0,9.27643784786642e-05,0,0,0,0,0,0,0,0,0,0,0,5.86544665376268e-05,0,0,0,0.00317820658342792,0,0,0,0,0,0,0,0,0,0,0,0,0,0,0,0,0,0,0,0,0,0,2.84867821330902e-05,0,0,0,0,0,0,0,0,0,0,0,0.000711490572749911,0,0,0,0,0,0,0,0.000139560848529959,8.93814801573114e-05,0,6.09533097647202e-05,0,0,0,0,0,0,0,0,0,0,0,0,0,0.00179662234998203,0,0,0,0,0,0,0,0,0,0,0,0,0,0,1.98426084299338e-05,0,0,0,0,0,0,0,0,0,0.000258397932816537,0,0,0,0,0,0,0,0,0,0,0,8.22828555442188e-06,0,0,9.5831336847149e-08,0,0,0
0,0,0,0,0,0,0,0,0,0,0,0,0,0,0,0,0,0,0,0,0,0,0,0,0,0,0,0,0,0,0,0,0,0,0,0,0,0,0,0,0,0,0,0,0,0.000354484225451967,0,0,0,0,0,0,0,0,0,0,0,0.000189861401177141,0,0,0,0,0,0,0,0,0,0,0,0,0,0,0.00710227272727273,0,0,0,0,0,0,0,0,0,0,0,4.23599579789217e-06,0,0,0,0,0,0,0,0,0,0,0,0,0,3.17536929544906e-06,0,0,0,0,0,0,0,0,0,0,0,0.974737845567207,0,0,0,0,0,0,0,0,0,0,0,0,0.000647249190938511,0,0,0,0,0,0,0,0,0,0,0,0,0,0,0,0,0,0,0,0,0,0,0,0,0,0,0,0,0,0,0,0,0,0,0,0,0,0,0,0,0,0,0,0,0,0,0,0,0,0,0,0,0,1.05767501877373e-05,0,0,0,0,0,0,0,0,0,0,0,0,0,0,0,0,0,0,0,0,0,0,0,0,0,0,0,0,0,0,0,0,0,0,0,0,0,0,0,0,0,0,0,0,0,0,0,0,0,0,0,0,0,0,0,0,0,0,0,0,0,0,0,0,0,0,0,0,0,0,0,0,0,0,0,0,0,0,0,0,0,0,0,0,0,0,0,0,0,0,0,0,0,0,0,0,0,0,0,0,0,0,0,0,0,0,0,0,0,0,0,0,0,0,0,0,0,0,0,0,0,0,0,0,0,0,0,0,0,0,0,0,0,0,0,0,0,0,0,0,0,2.17074658487294e-06,0,0,0,0,0,0,0,0,0,0,0,0,0,0,0,0,0,0,0,7.79149947407379e-05,0,0,0,0,0,0,0,0,0,0,0,0,0,0,0,0,0,0,0,0,3.85104170678168e-05,0.00227100681302044,0,0,0,0,0.000516617874978474,0,0,0,0,0,0,0,0,0,0,0,0,0,0,0,0,0,0,0,0,0,0,0,0,0,0,0,0,0.00090697071780254,0,0,0,0,0,0,0,0,0.000309386795371574,0,0,0.000224000651638259,0,0,0,0,0,0,0,0,0,0,0,0,0,0,0,0,0,0,0,0,0,0,0,0,0,0,0,0,0,0,0,0,0,0,0,0,0,0,0,0,0,0,0,0,0,0,0,0,0,0,0,0,0,0,0,0,0,0,0,0,0,0,0,0,0,0,0,0,0,0,0,0,0,0,0,0,0,0,0,0,0,0,0,0,0,0,0,0,0,0,0,0,0,0,0,0,0,0,0,0,0,0,0,0,0,0,0,0,0,0,0,0,0,0,0,0,0,0,0,0,1.44684298859888e-05,0,0,0,0,0,0,0,0,0,0,0,0,0,0,0,0,0,0,0,0,0,0,0,0,0.00531632110579479,0,0,0,0,0,0,0,0,0,0,0,0,0,0,0,0,0,0,0,0,0,0,0,0,0,0,0,0,0,0,0,0,0,0,0,0,0,0,0,0,0,0,0,0,0,0,0,0,0,0,0,0,0,0,0,0,0,0,0,0,0,0,0,0,0,0.000317662007623888,0,0,0,0,0,0,0,0,0,0,0,0,0.0019390283313584,0,0,0,0,0,0,0,0,0,0,0,0,0,0,0,0
0,0,0,0,0,0.0003595431036867,0,3.64721243553552e-06,0,0,0,0,0,0,0,0,0,0,0,0,0,0,0,0,0,0,0,1.8379650051463e-05,0,0,0,0,0,0,0,0,0,0,0,0,0,0,0,0,0,0,0,0,0,0,0,0,0,0,0,0,0,0,0,0,0,0,0,0,0,0,0,0,0,0,0,0,0,0,0,0,0,0,0,0,0,0,0,0,0,0,0,0,0,0,0,0,0,0,0,0,0.00117156037197042,0,3.81044315453887e-05,0,0,0,0,0,0,0,0,0,0,0,0,0.992059631800384,0,0,1.939208581275e-05,0,0,0,3.26675682915515e-06,0,0,0,0,0,0,0,0,0,0,3.30400114538706e-05,0,0,0,0,0,0,0,0,0,0.00048227634434531,0,0,0,0,0,0,0,0,0,0,0,0,0,0,0,0,0,0,0,0,0,0,0,0,0,0,0,0,0,0,0,0,0,0,0,0,0,0,0,0,0,0,0,0,0,0,0,0,0,0,0,0,0,3.45227574016792e-06,0,0,0,0,0,0,0,0,0,0,0,0,0,0,0,0,0,2.99578022956236e-05,0,0,0,0,0,0,0,0,0,0,0,0,0,0,9.98213198374909e-06,0,0,0,0,0,0,0.0154269972451791,0,0,0,0,0,0,0,0,0,0,0,0,0,0,0,0,0.00158679784195493,0,0,0,0,0,0,0,0.00205867215645908,0,0,0,0,0,0.0014903129657228,0,0,0,6.52953393900746e-07,0,0,0,0,0,0,0,0,0,0,0,0,0,0,4.64101731099457e-05,0,0.000665035550665857,0,0,0,0,0,0,0,0,0,0.00107095348679909,0,0,0,3.18025696476275e-05,0,0,0,0,0,0,0,0,0,0,0,0,0,0,0,0,0,0,0,0,0,0,0,0,0,0,0,0,0,0,0,0,0,0,0,0,0,0,0,0,0,0,0,0,0,0,0,0,0,0,0,0,0,0,0,0,0,0,0,0,0,0,0,0,0,0,0,0,0,0.00116776956014013,0,0,0,0,0,0,0,0,0,0,0,0,0,0,0,0,0,0,0,0,0,0,0,0,0,0,0,0,0,0,0,0.000121738424704784,0,0,0,0,0,0,0,0,0,0,0,0,0,0,0,0,0,0,0,0,0,0,0.00013069721020864,0,0,0,0,0,0,0,0,0,0,0,0,0,0,0,0,0,0,0,0,0,0,0,0,0,0,0,0,0,0,0,0,0,0.000653472740851382,0,0,0,0,0,0,0,0,0,0,0,0,0,0,0,0,0,0,0,5.22775589865124e-05,0,0,0,0,0,0,0,0.00399075824406637,0,0,0,0,0,0,0,0,0,0,0,0,0,3.12052399838981e-06,0,0,0,0,0,0,8.30514428942431e-07,0,0,0,0,0,4.23863515947865e-05,0,0,0,0,0,0,0,0,0,0,0,0,0,0,0,0,0,0,0,0,0,0,0,0,0,0,0,0,0,0,0,0,0,0,0,0,0,0,0,0,0,0,0,0,0,0,0,0,0,0,0,0,0,0,0,0,0,0,0,0,0,0,0,0,0,0,0,0,0,0,0,0,0,0,0,0,0,0,0,0,0,0,7.25067467527853e-07,0,0,0,0,0.000104887770086008,0,0,0,0,0,0,0,0,0,0,0,0,0,0,0,0,0,0,0,0,0,0,0,0,0,0,0,0,0,0,0,0,0,0,0,1.44123369604381e-05,0,0,0,0,8.22828555442188e-06,0,0,0,1.51883353584447e-06,0,0
0,0,0,0,0,0,0,0,0,0,0,0,0,0,0,0,0,0,0,0,0,0,0,0,0,0.000709906421426267,0,0,0,0,0,0,0,0,0,0,0,0,0,0,0,0,0,0,0,0,0,0,0,0,0,0,0,0,0,0,0,0,0,0,0,0,0,0,0,0,0,0,0,0,0,0,0,0,0,0,0,0,0,0,0,0,0,0,0,0,0,0,0,0,0,0,0,0,0,0,0,0,0,0,0,0,0,0,0,0,0,0,0,0,0,0,0.983963998225265,0,0,0,0,0,0,0,0,0,0,0,0,0,0,0,0,0,0,0,0,0,0,0,0,0,0,0,0,0,0,0,0,0,0,0,0,0,0,0,0,0,0,0,0,0,0,0,0,0,0,0,0,0,0,0,0,0,0,0,0,0,0,0,0.000583975706610605,0,0,2.85160260066157e-05,0.000483582378258136,0,0,0,0,0,0,0,0,0,0,0,0,0,0.00476352500850629,0,0,0,0,0,0,0,0,0,0,0,0,0,0,0,0,0,0,0,0,0,0,0,0.000120148984741079,0,0,0,0,0,0,0,0,0,0,0,0,0,0,0,0,0,0,0,0,0,0,0,0,0,0,0,0,0,0,0,0,0,0,0,0,0,0.000251952632905014,4.18616722900846e-06,0,0,0,0,2.65380103922849e-06,0,0,0,0,0,0,0,0,0,0,0,0,0,0,0,0,0,0,0,0,0,0,0,0,0,0,0,4.01364639775236e-05,0,0,0,0,0,0,0,0,0,0.000863557858376511,0,0,0,0,0,4.32002764817695e-05,0,0,0,0,0,1.74956698217191e-05,0,0,0,0,0,0,0,7.59186152444579e-05,0,0.0137116481129514,0,0,0,0,0,0,0,0,4.59833540258426e-05,0,0,0,0,0,0,0,0,0,0,0,0,0,0,0,0,0,0,0,0,0,0,0,0,0,0,0,0,0,0,0,0,0,0,0,0,0,0,0.00015271838729383,0,0,0,0,0,0,0,0,0,0,0,0,0,0,0,0,0.000244857982370225,0,0.000407239819004525,0,0,0,0.000790716560169256,0,0,0,0,0,0,0,0,0,0,0,0,0,0,0,0,0,0,0,0,0,7.26559378065172e-05,0,0,0,0,0,0,3.93454663093515e-05,0,0,0,0,0,0,0,0.000475059382422803,0,0,0,0,0,0,0,0,0,0,0,0,0,0,0,0,0,0,0,0,0,0,0,0,0,0,0,0,0,0.000170852554245686,0,0,0,0,0,0,0,0,0,0,0,0,0,0,0,0,0,0,0,0,0,0,0,2.14192387602545e-05,0,0,0,0,0,0,0,0,0,0,0,0,0,0,0,0,0,0,0,0,0,0,0,0,0,0,0,0,0,0,0,0,0,0,0,0,0,0,0,0,0,0,0,0,0,0,0,0,0,0,0,0,0,0,0,0,0,0,0,0,0,0,0,0,0,0,0,0,0,0,0,0,0,0,0,0,0,0,0,0,0,0,0,0,0,0,0,0,0,0,0,0,0,0,0,0,0,0,0,0,0,0,0,0,0,0,0,0,0,0,0,0,0,0,0,0,0,0,0,0,0,0,0,0,0,0,0,0,0,0,0,0,0,0,0,0,0.000170241743275451,0,0,0,0,0,0,0,0,0,0,0,0,0,0,0,0,0,0,0,0,0,0,2.18804017241757e-05,0,0,0,1.10687022900763e-05
0,0,0,0,0,0,0,0,0,0,0,0,0,0,0,0.000151662217908275,0,0,0,0,0,0,0,0,0.0017097093494106,0,0,0,0,0,0,0,0,0,0,0,0,0,0,0,0,0,0,0,0,0,0,0,0,0,0,0,0,0,0,0,0.000379034004764999,0,0,0,0,0,0,0,0,0,0,0,0,0,0,0,0,0,0,0,0,0,0,0,0,0,0,0,0,0,1.58105266486427e-05,0,0,0,0,0,0,0,0,0,0,0,0,0,0,0,0,0,0,0,0,0,0,0,0,0,0,0.993503309634714,0,0,0,0,3.26675682915515e-06,0,0,0,0,0,0,0,0,0,0,0,0,0,0,0,1.29428057414286e-05,0,0,0,4.07697325505545e-05,0,0,0,0,0,0,0,0,0,0,0,0,0,0,0,0,0,0,0,0,0,0,0,0,0,0,0,0,0,0,0,0,0,0,0,0,0,0,0,0,0,0,0,0,0,0,0,0,0,0,0,0,0,0,0,0,0.000250539623805119,0,0,3.65150076681516e-05,0,0,0,0,0,0,0,0,0,0,0,0,0,0,0,0,0,0,0,0,0,0,0,0,0,0,0,0,0,0,0,0,0,0,0,0,0,0,0,0,0,0,0,1.74895499938787e-05,0.000167368018362663,0,0,0,0,0,0.000966436796671526,0,0,0,0,0,0,0,4.18616722900846e-06,0,0,0,0,2.65380103922849e-06,0,0,0,0,0,8.16191742375933e-08,0,0,1.70625898451997e-05,0,1.41568064509736e-05,0,0,0,0,0,0,0,0,0,0,0,0,0,0,0,0,0,0,0,0,0,0,0,0,0,0,0,0,0,0,0,0,0,0,0,0,0,0,0,2.40471323794638e-05,0,0,0,0,0,6.51223975461881e-06,0,0,0,0,0,0,0,0,0,0.000403659849300323,0,0,0,3.62884203650615e-05,0,0,0,0,0,0,0,0,0,0,0,0,0,0,0,0,0,0,0,0,7.94817788022096e-06,0,0,0,0,0,0,0,1.67156993848623e-05,0,0,0,0,0,0,0,0,0,0,0,0,0,0,2.25326723749437e-05,0,0,0,0,0,0,0,0,0,0,0,0,0,0,0,0,0,0,0,0,0,0,0,0,0,0,0,0.00280333963069047,0,0,0,0,0,0,0,0,0,0,0,0,0,0,0,0,0,4.65116279069767e-05,0,4.00978387264926e-05,0,0,0,0,0,0,0,0,0,6.5720294426919e-05,0,0,0,0,0,0.000141376060320452,0,0,0,0.000275558004960044,0,0,0,0,0,0,0,0,0,0,0,0,0,0,0,0,0,0,0,0,0,0,0,0,0,0,0,0,0,0,0,0,0,0,0,0,0,0,0,0,0,0,0,0,2.27128191151086e-05,0,0,0,0,0,0,0,0.000150060024009604,0,0,0,0,0,0,0,0,0,0,0,0,0,0,0,0,0,0,0,0,0,0,0,0,0,0,0,0,0,0,0,0,0,0,0,0,0,0,0,0,0,0,0,0.000721604849184587,0,0,0,0,0,0,0,0,0,0,0,0,0,0,0,0,0,0,0,0,0,0,0,0,0,0,0,0,0,0,0,0,0,0,0,0,0,0,0,0,0,0,0,0,0,0,0,0,0,0,0,0,0,0,0,0,0,0,0,0,0,0,0,0,0,0,0,0,0,0,0,0,0,0,0,0,0,0,0,0,0,0,0,0,0,0,0,0,0,0.000107723796186578,0,0,0,0,0,0,0,0,0,0,0,0,4.79156684235745e-07,0,9.02527075812274e-08,0
0,0,0,1.2995395298266e-05,0,0.0032358879331803,3.00679535750797e-05,5.47081865330328e-05,0,0,0,0,0,0,0,0,0,0.000204248366013072,0,0,1.69164664884799e-05,0,8.20761995436563e-06,0,4.4992351300279e-05,0,0,0,0.000211524759529747,0.00285254043895563,0,0,0,0,0,0,0,0,0,0,0,8.51439319467773e-05,0,0,0.000100755667506297,0,0,0,0,0,0,0,0,0,0,0,0,0,0,0,5.69174639854747e-06,0,1.29459055337273e-05,0,0,0,0,0,0,0,0,0,0,1.48462669061864e-05,1.30206637934402e-05,0,0,0,5.39956803455724e-05,0,0.000405022276225192,0,0,0,1.69439831915687e-05,1.78094390026714e-05,4.7431579945928e-05,0,0,0,0,4.92756479747709e-05,0,3.691478529438e-05,4.83601087135244e-05,0,0.000146445046496302,0,0.00217195259808716,0,0,8.16459830176355e-06,0,0,0,2.15135499508774e-05,0,7.32520235871516e-05,0,0,0,0.000218876918212992,0,0,0.98593935263677,4.10273241979158e-05,0,3.47898691900918e-05,3.26675682915515e-05,0,0,0,0,0,7.85916378497328e-05,5.37567573923941e-05,0,0,0,0.00110133371512902,2.24769611148573e-05,0,0,0,1.29428057414286e-05,0,0,0,0,0,0,0,0,4.29000429000429e-05,0,0,0,0,7.00549931696382e-05,0,0.000200937709310114,0,0,0.000365463682046597,0,4.86251246018818e-05,0,0,0,0,0,3.71774853148933e-05,1.33738114025116e-05,0,0,0,0,0,0,0,0,0,0,0.0134835513403987,0,0,0,0,0,0,0,0,0,0.000417623721027354,0,5.08957654723127e-05,0.000262881177707676,0,0,0,0,0,1.46131532992847e-05,2.41659301811754e-05,0,0,0,0,5.47725115022274e-05,0,0,0,0,0,1.6827934371056e-05,0,0,0,5.10846984299969e-05,4.91827466924603e-05,0,0.0188177795276938,0,0,0,0,0,0,0,0,0,0,0,9.49036727721363e-05,0,1.77550513120983e-05,4.99106599187454e-05,0,0,0,0.000161108425970678,1.38404473232575e-05,0,0.000826446280991736,8.08812824536146e-06,0,0,0,0,0,2.75444153697838e-05,0,0,2.39097169089518e-05,0,0,0,0,0.00275785990071704,0,0.000476039352586481,0,0,0,0,0,0,0,0,0.000110150355234896,0,0,7.96140311768546e-06,0.0260047281323877,0.00156482861400894,0,0,0,4.66861676639033e-05,0,0,4.26564746129991e-06,1.91596574253252e-05,2.83136129019471e-06,0,0.001497146065313,3.32845160431367e-05,0,6.3971340839304e-05,3.7237706902009e-05,0,0,0,0.000371281384879566,0,0.000821031544031922,0,0.0044630781714904,0,0,0,0,0,0,0,0.000665118481275224,0,0,0,3.18025696476275e-05,0,0,0,0,0,0,0,0,0,0,0,0,0,1.20235661897319e-05,0,0,0,0,0,4.34149316974587e-06,0,0.00469828219057407,0,0,0,0,0,2.14617605082145e-05,0,0,0,0,9.68879587644847e-06,3.62884203650615e-05,0,0,6.6554854511088e-06,0,6.61933839712721e-05,0,0,4.17377948253482e-05,8.02536013803619e-06,0,6.13685179502915e-05,0.000105346326046879,0,2.58431321876211e-05,0,0.000750638042335986,0,0,0,0,1.58963557604419e-05,0,0,0,0,0,0,0,0,0,0,0,0,0,0,0.000389256520046711,0,0,0,0,0,0,0.000148220172172552,0,0,0,0,0,6.8260783497273e-06,0,0,0,0,0,0,0,0,0,0,0,1.83037321309815e-05,0,2.08683748127063e-05,0,0,0,0,8.11589498031895e-05,3.20161361326108e-05,0,0,0,0,0,1.46130465279401e-05,4.98554192840762e-05,0,2.86076649470281e-05,0,0,0,0,0,0,0,0,0,0,1.31151554364505e-05,0,0.00096834751200038,0,1.7702812268757e-05,0,0,0,0,0,1.14982838811307e-05,9.82163903512218e-06,0,0,0,0,0,0,0,0,0,0,0,0,0,0,0,0,0.00037821482602118,0,0,0,0,0,0,0,0.00270724421209858,0,0,0,0,0,1.26778062324095e-05,0.000101117346680823,0,0,0,0,0,0,0,0,6.58379858843358e-06,0,8.78580214373572e-05,0,0.00113268044470777,0.000431872165838912,0,0,0,0,0,1.76360622200275e-05,0.000690131124913734,0,0,0,0,0,0,0,0,3.26519950368968e-05,0,2.20616623462578e-05,0,0,1.24820959935592e-05,0,0,0,0,0,0.02635564980309,5.89665244549126e-05,0,0,0,0,8.20124768314753e-06,0.00194977217336018,0,1.58965452832963e-05,0.000269153646359024,0,0,0,0,0,0,0,2.14816618213585e-05,0.000134144160257557,7.85247811121726e-05,0,0,0,0.000310800310800311,0,0,0,9.16884426718012e-05,0,0,0,0,0,0.000233385845148492,0,0,0,2.24479768137342e-05,0,0,0,0,0,0,0,0.000166002656042497,0,0,0,0,3.60312133253722e-05,0,2.76937349848031e-05,0,0,0,0,0,0,0,0,0,0,0,0,0,0,0,0,0,0,2.12322239103151e-05,0,0,0,0,1.03035423578626e-05,0,0,0,0,0,0,0,0,0,0.00155803687353934,1.38513747489438e-05,0,0.000100059310518844,0,3.29612375846005e-05,0,0,0.00461506188378435,0,0,0,0,0,0,0,0,0,0,0.0117989243771266,0,0,9.20301859009755e-05,0,0,0,0,1.98426084299338e-05,0,0,0.00136307786822301,0,1.98008039126389e-05,0,0,0.000111944475540132,0,0,0,0,0.000271812992661049,0,0,0,0,3.82540836234268e-05,0,4.50024751361325e-05,0,0.00159628739755784,0,2.18804017241757e-05,1.82079540009583e-06,1.45808019441069e-06,9.02527075812274e-08,0
0,0,0,0,0.000130565347956652,0,0,0,0,0,0,0,0,0,0,0,0,0,0,0,0,0,0,0,0,0,0,0,0,0,0,0,0,0,0,0,0,0,0,0,0,0,0,0,0,0,0,0,0,0,0,0,0,0,0,0,0,0,0,0,0,0,0,0,0,0,0,0,0,0,0,0,0,0,0,0,0,0,0,0,0,0,0,0,0,0,0,0,0,0,0.00149700598802395,0,0,0,0,0,0,0,0,0,0.000205023065094823,8.16459830176355e-06,0,0,0,0,0,0,0,0,0,0,0,0,0,0.992738163616969,0,0,0,0,0,0,0,0,0,0,0,0,0,0,0,0,0,0,0,0,0,0,0,0,0,0,0,0,0,0,0,0,0,0,0,0,0,0,0,0,0,0,0,0,0,0,0,0,0,0,0,0,0,0,0,0,0,0,0,0,0,0,0,0,0,0,0,0,0,0,0,0,0,0,0,0,0,0,0,0,0,0,0,0,0,0,0,0,0,0,0,0,0,0,0,0,0,0,0.00646401118099231,0,0,0,0,0,0,0,0,0,0,0,0,0,0,0,0,0,0,0,0,0,0.000127285841571556,0,0,0,0,0,0,0,0,0,0,0,0,0,0,0,0,5.69605832763727e-05,0,0,0,0,0,0,0,0,0,0,0,0,0,0,8.16191742375933e-08,0,2.20157632865131e-05,0,0,0,0,0,0,0,0,0,0,0,0,0,0,0,0,0,0,0,0,0,0.000668936998297251,0,0,0,0,0,0,0,0,0,0,0,0,0,0,0,0,0,0,0,0,0,0,0,0,0,0,0,0,0,0,0,0,0,0,0,0,0,0,0,0,0,0,0,0,0.00101163378856854,0,0,0,0,0,0,0,0,0,0,0,0,0,0,0,0,0,0,0,0,0,0,0,0,0,0,0,0,0,0,0,0,0,0,0,0,0,0,0,0,0,0,0,0,0,0,0,0,0,0,0,0,5.29919240307777e-05,0,0,0,2.4404976174642e-05,0,0,0,0,0,0,0,0,0,0,0,0,0,0,0,0,0,0,0,0.00420673076923077,0,0,0,0,0,0,0,0,0,0,0,0,0,0,0,0,0,0,0,0,0,0,0,0,0,0,0,0,0,0,0,0,0,0,0,0,0,0,0,0,0,0,0,0,0,0,0,5.03068719187041e-05,0,0,0,0,0,0,0,0,0,0,0,0,0,0,0,0,0,0,0,0,0.000466281984029842,0,0,0,0,0,0,0,0.00188634755953784,0,0,0,0,0,0,0,0,0,0,0,0,0,0,0,0,0,0,0,0,0,0,0,3.97413632082408e-06,0,0,0,0,0,0,0,0,0,0,0,0,0,0,0,0.00142247510668563,0,0,0,0,0,0,0,0,0,0,0,0,0,0,0,0,0,0,4.82951801410219e-05,0,0,0,0,0,0,0,0,0,0,0,0,0,0,0,0,0,0,0,0,0,0,0,0,0,0,0,0,0,0,0,0,4.41580386765541e-06,0,0,0,0,0,0,0,0,0,0,0,1.64249462083012e-05,0,0,0,0,0,0,0,0,0,0,0,0,0,0,0,0,0,0,0,0,0,0,0,0,0,0,0,0,0,1.98008039126389e-05,0,0,0,0,0,0,0,0,0,0,0,0,0,0,0,0,0,0,0,0,0,1.71480144404332e-06,0
0,0,0,0,0,0,0,0,0,0,0,0,0,0,0,0,0,0,0,0,0,0,0,0,0,0,0,0,0,0,0,0,0,0,0,0,0.000875886835420864,0,0,0,0,0,0,0,0,0,0,0,0,0,0,0,0,0,0,0,0,0,0,0,0,0,0,0,0,0,0,0,0,0,0,0,0,0,0,0,0,0,0,0,0,0,0,0,0,0,0,0,0,0,0,0,0,0,0,0,0,0,0,0,0,0,0,0,0,0,0,0,0,0.000237633173591033,0,0,0,0,0,0,0.985861795075457,0,0,0,0,0,0,0,0,0,0,0,0,0,0,0,0,0,0.000168256474638572,0,0,0,0,0,0,0,0,0,0.000172920629431091,0,0,0,0,0,0,0,0,0,0,0,0,0,0,0,0,0,0,0,0,0,0,0,0,0,0,0,0,0,0,0,0,0,0,0,0,0,0,0,0,0,0,0,0,0,0,0,0,0,0,0,0,0,0,0,0,0,0,0,0,0,0,0,0,0,0,0,0,0,0,0,0,0,0,0,0,0,0,0,0,0,0,0,0,0,0,0,0,0,0,0,0,0,0,0,0,0,0,0,0,0,0,0,0,8.19014234467395e-06,0,0,0,0,0,0,0,0,0,0,0,0,0,0,0,0,0,0,0,0,0,0,0,0,0,0,0,0,0,0,0,0,0,0,0,0,0,0,0,0,0,0,0,0,0,0,0,0,0,0,0,0,0,0,0,0,0,0,0,0,0,0,0,0,0,0,0,0,0,0,0,0,0,0,0,0,0,0,0,0,0,0,0,0,0,0,0,0,0,0,0,0,0,0,0,0,0,0,0,0,0,0,0,0,0,0,0,0.000206868018204386,0,0,0,0,0,0,0,0,0,0,0,0,0,0,0,0,0,0,0,0,0,0,0,0,0,0,0,0,0,0,0,0,0,0,0,0,0,0,0,0,0,0,0,0,0,0,0,0,0,0,0,0,0,0,0,0,0,0,0,0,0,0,0,0,0,0,0,0,0,0,0,0,0,0,0,0,0,0,0,0,0,0,0,0,0,0,0,0,0,0,0,0,0,0,0,0,0.00012903891813771,0,0,0,0,0,0,0,0,0,0,0,0,0,0,0,0,0,0,0,0,0,0,0,0,0,0,0,0,0,0,0,0,0,0,0,0,0,0,0,0,0,0,0,0,0,0,0,0,0,0,0,0,0,0,0,0,0,0,0,0,0,0,0,0,0,0,0,0,0,0,0,0,0,0,0,0,0,0,0,0,0,0,0,0,0,0,0,0,0,0,0.00102156640181612,0,0,0,0,0,0,0,0,0,0,0,0,0,0,0,0,0,0,0,0,0,0,0,0,0,0,0,0,0,0,0,0,0,0,0,0,0,0,0,0,0,0,4.65202828433197e-05,0,0,0,0,0,0,0,0,0,0,0,0,0,0,0,0,0.00431189363995688,0,0,0,0,0,0,0,0,0,0,0,0,0,0,7.93704337197351e-06,0,0,0,0,0,0,0,0,0,0,0,0,0,0,0,0,0,0,0,0,0,0,0,0,0,0,0,0
0,0,0,0.000142949348280926,0,2.76571618220538e-05,4.2954219392971e-06,3.64721243553552e-06,0,0,0,0,0,0,0,0,0,0,0,4.21361334198529e-05,0,0,0,0,0,0,0,0.00167254815468313,1.1132882080513e-05,0,0,0,1.48991328704669e-05,0,0,0,0,0,0,0,0,0.000154807148994141,0,0,0,0,0,0,0,0,0,0,7.34106592277199e-05,0,0,0,0,0,0,0,0,0,0,0,0.000427693130179096,0,0,0,0,0,0,0,0,1.23718890884887e-05,6.51033189672009e-05,0,0,0,0,0,0,0,0,0,4.23599579789217e-06,0,0,0,0,0,0,1.97102591899083e-05,0,9.22869632359501e-06,1.93440434854098e-05,0,0,0,3.17536929544906e-06,0,0,0,0,0,0.000143410296859315,1.43423666339183e-05,0,0,0,0,0,0,0,0,8.31089391975001e-06,0,0,0.97152449206791,1.96005409749309e-05,0,0,0,0,0,7.85916378497328e-05,0,0,0,0,1.10133371512902e-05,0,0,0,0,0,0,0,0,0,0,0,0,1.81996869653842e-05,0.00896610896610897,0,0,0,0,0,0,0.00877427997320831,0,0,0,0,8.10418743364697e-06,0,0,0,0,0,0,0.000120364302622604,0,0,0,0,0,0,0,0,0,0,2.12172326363472e-05,0,0,0,0,0,0,0,0,0,0,0,5.08957654723127e-05,0,0,3.81058835484199e-05,0,0,0,0,6.90455148033584e-06,0,0,0,0,0,0,0,0,0,0,0,0,0.00319288799849746,0,0,0,0,8.55937208446388e-06,0,0,0.000174703004891684,0,0,0,0,0,0,0,0,0,0,0,9.98213198374909e-06,0,0,0,7.00471417263819e-05,0.000235287604495377,0,0,0,0,0,0,2.09762339269608e-05,0,2.75444153697838e-05,0,0,0,0,0,0,0,0,0,0,0,0,0,0,0,0,4.18616722900846e-06,0,0,0,0,0,0,0,0,0,0,3.10152862102854e-06,0,0,1.42188248709997e-06,0,2.83136129019471e-06,0,0,3.32845160431367e-05,0,0.000201052785494955,6.20628448366816e-06,0,0,0,0,0,8.21031544031922e-06,0,0,0,0,0,0.000249554367201426,0,0,0,0,0,0,0,0,0,0,0,0,2.19271798357654e-05,0,0,0,0,0,0,0,0,0,0,0,0,0,0,0,0,0,0,0,0,5.62682871933378e-05,2.8048130592096e-05,0.00062239105473822,0.000132520540683806,0,0,0,4.84439793822424e-06,0,0,0,1.33109709022176e-05,0,6.61933839712721e-05,0,0,0,8.02536013803619e-06,0.000176928520877565,4.09123453001943e-05,0,0,1.55058793125727e-05,8.20883270398949e-05,0,0,0,0,0,0,0,0,0,0,0,0,0,0,0,0,0,0,0,0,0,0,0,0,0,0,0.000376338567860686,5.92880688690208e-06,0,0.000192557646945554,0,0,0,0,0,0,0,0,0,0,0,0,0,0,0,0,0,2.50420497752476e-05,0,0,0,0,0,0,0,0,0,0,0,0,6.64738923787682e-05,0,2.38397207891901e-06,0,0,0,0,0,0,0,0,0,0,0,0,0,0,0.000106216873612542,0,0,0,0,0,1.72474258216961e-05,9.82163903512218e-06,0,0,0,0,0,0,0,0,0,0,0,0,0,0,0.000170502983802217,0,0,0,0,0,0,0,0,0,0,0,0,0,0,0,0,5.05586733404116e-05,0,0,0,0,0,0,0,0,0.000408195512482882,0,0,0,1.74258529955041e-05,0,0,0,0,0,0,0,0,0,0,0,0,0,0,0,2.90338970748349e-05,3.26519950368968e-05,0.000121936349225704,0,0,0,0,0,0,0,0,0,0,0.000455952421489395,0,0,0,0,0,0,0,1.19224089624722e-05,4.48589410598373e-06,4.1262636682484e-05,0,0,0,0,0,0,3.10290670752956e-05,0,2.61749270373909e-05,0,0,0,0.000155400155400155,0,0,6.58327847267939e-05,0,0,0,0,0,0,0,0,0,0,2.49421964597046e-06,0,0,0,0,0,0,0,0,0,0.000248818113958696,0,1.18133490844654e-05,5.14731618933888e-06,0,0,0,0.000100381449508131,0,0,0,0,0,0,0,0,0,0,0,0,0,0,0,0,0,0,0,0,0,8.83160773531083e-06,0,0,0,0,0,0,0,0,0,0,0.000955744857677124,0,3.62533733763927e-06,0,0,0,0,0,0,0,0,0,0,0,0,0,0,0,0,0,0,0,0,0,0,0,1.5874086743947e-05,0,0,0,0,0,0,0,0.000111944475540132,0,0,0,0,0,0,0,0,0,0,0,0,5.64993031752608e-05,0,0,2.18804017241757e-05,1.19789171058936e-06,0,0,0
0,0,0,8.66359686551065e-05,0,8.29714854661615e-05,1.43180731309903e-06,2.91776994842842e-05,0,0,0,0,0,0,0,0,1.96672304606065e-05,0,0,3.37089067358823e-05,4.22911662211997e-06,0.00012531328320802,0,0,0,0,0,0.00154389060432289,0,0,0,0.000450764250297095,0.00120682976250782,0,0,0,0,0,0,0.000289771080846132,0,0.000116105361745605,0,0,0,0,0,0,0,0,0,0,0,0.000246609124537608,0,0,0,0,0,0,0,0,6.47295276686366e-06,0,5.34616412723871e-05,0,5.71559213534522e-05,0,0,0,0.000167954316425932,0,0,0.000630966343512924,6.51033189672009e-05,0,0,0,0,0.000185459940652819,0,0,0,0,0.000101663899149412,0.000178094390026714,1.58105266486427e-05,0,4.83161810890467e-05,0,0,0.000157682073519267,0,3.076232107865e-05,0.000473929065392539,4.02357816806486e-05,0,8.17177061839874e-05,9.52610788634718e-06,1.6412007024339e-05,0,0,0.000209336403600586,0,0,7.17118331695913e-06,0,0,0,1.98027644659194e-05,0,0,0,2.4515812699191e-05,1.385148986625e-05,0,0,0.000139159476760367,0.988680687586977,0,0,0.000110180696342001,0,0,0.000275070732474065,0,0,0,0,5.50666857564511e-05,1.12384805574286e-05,0,0.000118630998279851,0,2.58856114828573e-05,2.70160745643658e-05,0,0,0.00721624266144814,0,0,0,3.63993739307684e-05,4.29000429000429e-05,0,0,0,0,0,0,0.000468854655056932,0,0,0,0,0,0,0,0,0,0,0.00126403450070637,5.34952456100464e-05,0,0,0,0,0,0,0,0,0,0,3.18258489545209e-05,0.000108260257659413,0,0,0,0,0,0,0,0,0,0,5.08957654723127e-05,0.000262881177707676,0,7.62117670968397e-05,0,0,5.07572988995818e-06,7.30657664964234e-06,1.38091029606717e-05,0,0,0,0,1.82575038340758e-05,0.000260688216892596,0,0,0,0,4.20698359276399e-06,2.68716074595582e-05,8.34741960391494e-05,0,0,4.91827466924603e-05,3.76789751318764e-05,2.56781162533917e-05,0,0,0,0,0,0,0,0,0,0,0,9.49036727721363e-05,0,0,9.98213198374909e-06,0.00010671219720414,0,0,8.40565700716582e-05,0.00116259757515363,0,0,8.08812824536146e-06,0,0,0,0,0,8.26332461093513e-05,0,0,4.78194338179036e-05,0,0,0.000600600600600601,0,0,1.63802846893479e-05,0,0,0,0,0,0,0.000251952632905014,8.37233445801693e-06,0,0.000771052486644269,5.82055237041995e-05,0,2.91918114315134e-05,0,0,0,0,0,1.47730705370044e-05,0,0,8.10473017646984e-05,1.91596574253252e-05,8.49408387058414e-06,0,0,0.000166422580215684,0,0.000338134230150607,6.20628448366816e-06,0,0,0,0,0,8.21031544031922e-06,0,0,0,0,0,0.000320855614973262,0,0,0,1.12731945978851e-05,0,0,0,3.18025696476275e-05,0,0,0,0,3.28907697536481e-05,0,0,0,0,0,0,0,0,8.41649633281231e-05,0,0,0,0,0.000122249388753056,0,0,0,0,0,0,0,0.000392673828289345,0.000182424964319823,0.000795123244102836,0,0.000107588581265242,0,0.000663682517536721,0.000145153681460246,0,0,6.6554854511088e-05,0,3.3096691985636e-05,0,0,5.56503931004643e-06,0,8.84642604387827e-05,4.09123453001943e-05,0,0,0.00171598397725804,8.20883270398949e-05,0,0,0,0,0,0,0,0,0,0,0,0,0,0,0,0,0,0,0,2.37665177298222e-05,0,0,0,0,0,0,6.84251941564884e-05,2.37152275476083e-05,0,0.00394743176238386,0,0,0.000252312867956266,2.04782350491819e-05,0,0,0,0,0,0,0,0,0,0,0,6.1012440436605e-06,0,0.0018405906584807,0,0,0,0,4.05794749015948e-05,0,0,3.09386795371574e-05,0,0,0,1.46130465279401e-05,0.00064812045069299,0,3.57595811837852e-06,0,0,0,0,0,0,0,0,0,0,0,0,1.18815645644218e-05,0.000120293516179478,0.000212433747225084,0,8.95575855274942e-05,0,0,0,4.5993135524523e-05,0,0,3.28601472134595e-05,0,8.97182845863987e-05,0.00133244503664224,0,0,9.42507068803016e-05,0,0,0,0,0,0.000195796893355959,8.52514919011083e-05,0,0,2.7680894646515e-05,0.000297441998810232,0,2.58077836275421e-05,0,0,0,0,0,0,0,0,0,0,0.000151676020021235,0,0,0,0,0,0,0,0,0.000131675971768672,0,2.92860071457857e-05,0,3.48517059910083e-05,5.3984020729864e-05,0,0,0,5.82852480037303e-05,4.28384775205089e-05,1.76360622200275e-05,3.00057010832058e-05,0,0,4.05284915295453e-05,2.27128191151086e-05,0,0,0,1.45169485374174e-05,0.000359171945405864,7.31618095354225e-05,0,0,4.00312243549969e-05,3.43257639822879e-05,0,0,0.000157952930026852,0,0,0.000151469251741896,0.000199323462946184,0,0,0,0,2.73374922771584e-06,0,6.17894216510133e-05,4.76896358498889e-05,2.24294705299187e-06,0.0160511656694863,0.0002997002997003,0,0,0,0,0,9.78609038528554e-05,4.47147200858523e-05,0.000314099124448691,0,0,2.3191094619666e-05,0.000155400155400155,0,7.32198425773385e-05,0.000197498354180382,2.6967189021118e-06,0,0,0,2.25580870742161e-05,0,5.83464612871229e-05,0,0,0,9.97687858388185e-06,0,0,0,0,0,0,0,0,0,0,0,0,0,0,1.38468674924015e-05,0,0.000150572174262196,0,0.000323991576219018,0.000141932553650505,0,0,0,0.000113947128532361,0,0.000127534753220253,0,0,0,8.50051003060184e-05,2.44176393026322e-05,0,0,0,0,0,0,0,1.4719346225518e-05,0,0,8.93974611121044e-05,0,0,0,0,3.04766548823601e-05,0,0,5.54054989957753e-05,2.46374193124518e-05,1.01509445453899e-05,0,1.09870791948668e-05,0,0,0.000104887770086008,7.5648687495272e-05,5.8173356602676e-05,0,0,0,0,0,0,0,0,5.48787180331467e-05,1.59979522621104e-05,0,0,0,0,2.25275963054742e-05,0,0.000186520519241377,0,0,1.91982798341269e-05,0,0,0,0,0,0,0,0,0,0,0,0,0,0,2.29524501740561e-05,0,0,1.88331010584203e-05,2.46848566632656e-05,0,0,8.14566363200767e-07,0,0,0
8.21827744904668e-05,0,0,0,0,0,0,0,0,0,0,0,0,0,0,0,0,0,0,0,0,0,0,0.000234521575984991,0,0,0,0,0,0,0,8.19571364176536e-05,0,0,0.000310366232153942,0,0,0,0,0,0,0,0,0,0,0,0,0,0,3.50680319820452e-05,0,0,0,0,0,0,0,0,0,0,0,7.0876745339854e-05,0,0,0,0.000509963910246352,0,0,0,0,0,0,0,0,0,3.84551292733262e-05,0,0,0,0,0,0,0,0,4.23599579789217e-06,0,0,0,0,0,0,0,0,0,0,0,0,0,0,0,0,0,0,0,0,0,0,0,0,0,0,0,0,0,0,0,0,0,3.26675682915515e-06,0.961317786414955,0,0,0,0,0,0,0,0,8.5397096498719e-05,0,0,0,0,0,0,0,0,0,0,0,0,0,0,0,0,0,0,0,0,0,0,0,0,0,0,0,0,0,0,0,0,0,0,0,0,0,0,0,0,0,0,0,0,0,0,0,0,0,0,2.85160260066157e-05,0,0,0,0,0.000207878598898243,0,0,0,0,0,0,1.01514597799164e-05,0,0,0,0,0,0,0,0,0,0,0,0,0,0,0,0,0,0,0,0,0,0,0,0,0,0,0,0,0,0,0,0,0,0,0,0,0,0,0,0,0,0,8.08812824536146e-06,0,0,0,0,0,0,0,0,0,0,0,0,0,0,0,0,0.000163880694854146,0,0,0,0,0,2.09308361450423e-05,0,0,0,0,0.000164535664432166,0,0,0,0,0,0,0,0,0,0,0,0,0,0,0,0,0,0,0,0,0,0,0,0,0,0,0,0,0,0,0,0,0,0,0.00390815828041036,0,0,0,0,0,0,0,0,0,0,0,0,0,0,0,0,0,0,0,0,0,2.17074658487294e-06,0,0,0,0,0,0,0,0,0,0,0,0,0,0,0,0,6.6554854511088e-06,0,0,0,0,0,0,0,0,0,0,0,0,0,0,0,0,0,0,0,0,0,0,0,0,0,0,0,0,0,0,0,0,0,0.000610873549175321,0,0,0,0,0,0,0,0,0,0.000116822429906542,0,6.8260783497273e-06,0,0,0,0,0,0,0,0,0,0,0,0,0,0,0,0,0,0,0,0,0,0,0,8.8073135932078e-06,0,0,0,0,0,0,0,0,0,0,0,0,0,0,0,0,0,0,0,3.5405624537514e-06,0,0,0,0,0.000366676444705192,0,0,0,0,0,0,0,0,0,0,0,0,0,0,1.66575050388953e-05,0,0,0,0,0,0,0,0,0,0,0.000168852366747341,0,0,0,0,0,0,0,0,0,0,0,0,0,0,0,0,0,0,0,0,0,0,0,0,0,0,0,0,0,0,0,0,0,0,0,0,0,0,0,0,0.000300120048019208,0,0,0,0,0,0,0,0,8.30514428942431e-07,0,0,0,0,0,0,0,0,0,0,0,0,0,0,0,0,0,0,0,0,0,2.3191094619666e-05,0.000310800310800311,0,0,0,0,0,0,0,0,0,0,0,0,0,0,0,0,0,0,0,0,0,0,0,0,0,0,0,0,0,0,0,0,0,0,0,0,0,0,0,0,0,0,0,0,2.44176393026322e-05,0,0,0,0,0,0,0,0,0,0,0,0,0,0,0.00112494977902772,0,0,0,0,0,0,0,0,0,0,0,0,0,0,0,0,0,0,0,0,0,0,0,0,0,0,0,0.000135165577832845,0,1.19055650579603e-05,0,0,0,0,0,0,0,0,0,0,0,0,0,0,0,0,0,0,0,0,1.88331010584203e-05,0,0,0,4.79156684235745e-08,0,2.70758122743682e-07,0
0,0,0,0,0,0,0,0,0,0,0,0,0,0,0,0,0,0,0,0,0,0,0,0,0.000179969405201116,0,0,0,0,0,0,0,0,0,0,0,0,0,0,0,0,0,0,0,0,0,0,0,0,0,0,0,0,0,0,0,5.41477149664284e-05,0,0,0,0,0,0,0,0,0,5.71559213534522e-05,0,0,0,0,0,0,0,0,0,0,0,0,0,0,0,0,0,0,0,0,0,0,0,0,0,0,3.076232107865e-06,9.67202174270488e-06,0,0,0,0,0,0,0,0,0,0,7.17118331695913e-06,0,0,0,0,0,0,0,2.4515812699191e-05,0,0,0,0,0,0,0.958896797153025,0,0,0,0,0,0,0,0,0,0,0,0,0,1.29428057414286e-05,0,0,0,0,0,0,0,0,0,0,0,0,0,0,0,0,0,0,0,0,0,0,0,0,0,0,0,0,0,0,0,0,0,0,0,0,0,0,0,0,0,0,0,0,0,0,0,0,0,0,0,0,0,0,0,0,0,0,0,0,5.78168362627197e-05,0,0,1.82575038340758e-05,0,0,0,0,0,0,0,0,0,0,0,0,0,0,0,0,0,0,0,0,0,0,0,0,0,0,0,0,0,0,0,0,0,0,0,0,0,0,0,0,0,0,0,0,0.000358645753634277,0,0,0,0,0,2.45704270340219e-05,0,0,5.97228858098423e-05,0,0,0,0,0,0,0,0,0,0,0,0,0,0,0,0,0,0,9.9531774096998e-06,0,8.49408387058414e-06,0,0,0,0,0,0,0,0,0,0,0,0,0,0,0,0,0,0,0,0,0,0,0,0,0,0,0,0,0,0,0,0,0,0,0,0,0,0,0,0,0,0,0,0,0,0,0,0,0,0,0,0,0,0,0,0,0,0,0,3.62884203650615e-05,0,0,0,0,0,0,0,0,0,0,0,0,0,0,0,0,0,0,0,0,0,0,0,0,0,0,0,0,0,0,0,0,0,0,0,0,0,0,0,0,0,0,0,2.25326723749437e-05,0,0,0,0.000336417157275021,0,0,0,0,0,0,0,0,0,0,6.69030574697264e-05,0,0,0,0,0,0,0,0,0,0,0,0,0,0,0,0,0,0,0,0,0,0,0,0,0,0,0,0,0,0,0,0,0,0,0,0,0,0,0,0,0,0,0.00253023133543638,0,0,0.000444148345547413,0,0,4.71253534401508e-05,0,0,0,0.000826674014880132,0,0.000130531262237306,0,0,0,0,0,0,1.2903891813771e-05,0,0,0,0,0,0,0,0,0,0,0,0,0.000316555872111428,0,0,0,0,0,0,0,0,0,0,0,0,0,0,0,0,0,0,0,0,0,0,0,0,0,0,0,0,0,0,0,0,0,0,0,0,0,0,0,0,0,0,0,0,0,0,0,0,0,0,0,0,0,0,0,0,0,0,1.30874635186954e-05,0,0,0,0,0,0,0,0,0.000892657888864093,0,0,0,0,0,0,0,0,0,0,0,0,0,0,0,0,0,0,0,0,0,0,0,0,0,0,0,0,0,0,0,0,0,0,0,0,0,0,2.83350334353395e-05,0,0,0,0,0,0,0,0,0,0,0,0,0,0,0,0,0,0,0,0,0,0,0,0,0,0,0,0,0,0,0,0,0,0,0,0,0,0,1.59979522621104e-05,0,0,0,0,0,0,0,0,0,0,0,0,0,0,0,0,0,0,0,0,0,0,0,0,0,0,0,0,0,0,0,7.18735026353618e-07,0,0,0
0,0,0,4.33179843275533e-06,0,0,0,0,0,0,0,0,0,0,0,0,0,0,0,2.52816800519117e-05,0,0,0,0,0,0,0,0,0,0,0,0,0,0,0,0,0,0,0,0,0,7.74035744970703e-06,0,0,0,0,0,0,0,3.50680319820452e-05,0,0,0,0,0,0,0,0,0,0,0,0,0,0,0,0,0,0,0,0,0,0,0,1.73206447238842e-05,0,0,0,0,0,0,0,0,0,0,0,0,0,0,0,0,0,0,0,0,0,0,0,8.17177061839874e-05,0,0,0,0,0,0,0,0,0,0,0,0,0,0,0,0,0,0,0,0,3.26675682915515e-06,0,0,0.94766416923755,0,0,0,0,0,0,0,0,0,0,0,0,0,0,0,0,0,0,0,0,0,0,0,0,0,0,0,0,0,0,0,0,0,0,0,0.000120685493603669,0,0,0,0,0,0,0,0,0,0,0,0,0,0,0,0,0,0,0,0,0,0,0,0,0,0,0,0,0,0,0,0,0,0,0,0,0,0,0,0,0,0,0,0,0,0,0,0,2.08685490097873e-05,0,0,3.27884977949735e-05,0,4.27968604223194e-06,0,0,0,0,0,0,0,0.00229029487546522,0,0,0,0,0,0,0,0,0,0,0,0,0,0,0,0,0,0,0,0,0,0,0,0,0,0,0,0,0,0,0,0,0,0,0,0.000115366866635902,0,0,0,5.50751776174478e-05,0,0,0,0,0,0,0,0,8.16191742375933e-08,0,0,0,0,0,0,0,0,0,0,0,0,0,0,0,0,0,0,0,0,0,0,0,0,0,0,0,0,0,0,0,0,0,0,0,0,0,0,0,0,0,0,0,0,0,0,0,0,0,0,0,0,0,0,0,5.58784085829236e-05,0.000393878010353365,0,0,0,0,0.00702912064266246,0,0,0,0,0,0,0,0,0,0,1.39125982751161e-06,0,0,0,0,0,1.55058793125727e-05,0,0,0,0,0,0,0,0,0,0,0,0,0,0,0,0,0,0,0,0,0.0002138986595684,0,0,0,0,0,0,0,0,0,0,0,0,0,0,0,0,0,0,0,0,0,0,0,0,0,6.1012440436605e-06,0,1.25210248876238e-05,0,0,0,0,0,0,0,0,0,0,0,0,1.66184730946921e-05,0,0,0,0,0,0,0,0,0,0,0,0,0,0,0,0,7.08112490750281e-06,0,0,0,0,0,5.74914194056537e-06,0,0,0,0,0,0,0,0,0,0,0,0,0,0,0,0,0,0,0,0,0,0,0,0,0,0,0,0,0,0,0,0,0,0,0,0,0,0,0,0,0,0,0,0,0,0,0,0,0,0,0,0,0,0,0,0,0,0,0,0,0,0,0,0,0,0,0,0,0,0,0,0,0,0,5.81360100259702e-06,0,0,0,0,0,0,0,1.58965452832963e-05,0,0,0,0,0,0,0,0,0,4.47147200858523e-05,0,0,0,0,0,0,0,0,0,0,0,0,0,0,0,0,0,0,2.49421964597046e-06,0,0,0,0,0,0,0,0,0,0,0,0,0,0,0,0,5.01907247540654e-05,0,0,0.000113546042920404,0,0,0,2.84867821330902e-05,1.8067500180675e-05,0,0,0,0,0,0,0,0,0,0,0,0,0,5.88773849020722e-06,0,2.69302237901597e-05,0,0,0,0,0,0,0,0,0,0,0,0,0,0,0,0,0,0,0,0,0,0,0,0,0,0,0,0,0,0,0,0,0,0,0,0,0,0,0,3.96016078252777e-05,0,0,0,0,0,0,0,0,0,0,0,0,0,0,0,0.000207164111642623,0,0,0,0,0,0,0
0,0,0,0,0,0,0,0,0,0,0,0,0,0,0,0,0,0,0,0,0,0,0,0,0,0,0,0,0,0,0,0,0,0,0.000620732464307883,0,0,0,0,0,0,0,0,0,0,0,0,0,0,0,0,0,0,0,0,0,0,0,0,6.66666666666667e-05,0,0,0,0,0,0,0,0,0,0,0,0,0,0,0,0,0,0,0,0,0,0,0,0,0,0,0,0,0,0,0,0,0,0,0,0,0,0,0,0,0,0,0,0,0,0,0,0,0,0,0,0,0,0,0,0,0,0,0,0.000370164723301869,0,0,0.973684210526316,0,0,0,0,0,0,0,0,0,0,0,0,0,0,0,0,0,0,0,0,0,0,0,0,0,0,0,0,0,0,0,0,0,0,0,0,0,0,0,0,0,0,0,0,0,0,0,0,0,0,0,0,0,0,0,0,0,0,0,0,0,0,0,0,0,0,0,0,0,0,0,0,0,0,0,0,0,0,0,0,0,0,0,0,0,0,0,0,0,0,0,0,0,0,0,0,0,0,0,0,0,0,0,0,0,0,0,0,0,0,0,0,0,0,0,0,0,0,0,0,0,0,0,0,0,0,0,0,0,0,0,0,0,0,4.18616722900846e-06,0,0,0,0,2.65380103922849e-05,0,0,0,0,0,0,0.00291375291375291,0,0,0,0,0,0,0,0,0,0,0,0,0,0,0,0,0,0,0,0,0,0,0,0,0,0,0,0.000244259892525647,0,0,0,0,0,0,0,0,0,0,0,0,0,0,0,0,0,0,0,0,0,0,0,0,0,0,0,0,0,0,0,0,0,0,0,0,0,0,0,0,0,0,0,0,0,0,0,0,0,0,0,0,0,0,0,0,0,0,0,0,0,0,0,0,0,0,0,0,0,0,0,0,0.00015271838729383,0,0,0,0,0,0,0,0,0,0,0,0,0,0,0,0,0,0,0,0,0,0,0,0,0,0,0,0,0,0,0,0,0,0,0,0,0,0,0,0,0,0,0,0,0,0,0,0,0,0,0,0,0,0,0,0,0,0,0,0,7.33352889410384e-05,0,0,0,0,0,0,0,0,0,0,0,0,0,0,0,0,0,0,0,0,0,0,0,0,0,0,0,0,0,0,0,0,0,0,0,0,0,0,0,0,0,0,0,0,0,0,0,0,0,0,0,0,2.14192387602545e-05,0,0,0,0,0,0,0,0,0,0,0,0,0,0,0,0,0,0,0,0,0,0,0,0,0,0,0,0,0,0,0,0,0,0,0,0.000836820083682008,0,0,0,0,0,0,0,0,0,0,0,0,0,0,0,0,0,0,0,0,0,0,0,0,0,0,0,0,0,0,0,0,0,0,0,0,0,0,0,0,0,0,0,0,0,0,0,0,0,0,0,0,0,0,0,0,0,0,0,0,9.22253988748501e-05,0,0,0,0,0,0,0,0,0.00144636400160707,0,0,0,0,0,0,0,0,0,0,0,0,0,0,0,0,0,0,0,0,0,0,0,0,0,0,0,4.50551926109484e-05,0,0,0,0,0,0,0,0,0,0,0,0,0,0,0,0,0,0,0,0,0,0,0,0,0,0,0,0,0,0
0,0,0,0,0,0,0,0,0,0,0,0,0,0,0,0,0,0,0,0,0,0,0,0,0,0,0,0,0,0,0,0,0,0,0,0,0,0,0,0,0,0,0,0,0,0.000354484225451967,0,0,0,0,0,0,0,0,0,0,0,0,0,0,0,0,0,0,0,0,0,0,0,0,0,0,0,0,0,0,0,0,0,0,0,0,0,0,0,0,0,0,0,0,0,0,0,0,0,0,0,0,0,0,0,0,0,0,0,0,0,0,0,0,0,0,0,0,0,0,0,0,0,0,0,0,0,0.95210355987055,0,0,0,0,0,0,0,0,0,0,0,0,0,0,0,0,0,0,0,0,0,0,0,0.00201748486886348,0,0,0,0,0,0,0,0,0,0,0,0,0,0,0,0,0,0,0,0,0,0,0,0,0,0,0,0,0,0,0,0,0,0,0,0,0,0,0,0,0,0,0,5.07572988995818e-06,0,0,0,0,0,0,0,0,0.00482773754663156,0,0,0,0,0,0,0,0,0,0,0,0,0,0,0,0,0,0,0,0,0,0,0,0,0,0,0,0,0,0,0,0,0,0,0,0,0,0,0,0,0,0,0,0,0.000945626477541371,0,0,0,0,0,0,0,0,0,0,0,0,0,0,0,0,0,0,0,0,0,0,0,0,0,0,0,0,0,0,0,0,0,0,0,0,0,0,0,0,0,0,0,0,0,0,0,0,0.00548847420417124,0,0,0,0,0,0,0,0,0,0,0,0,0.000166444740346205,0,0,0,0,0,0,0,0,0,0,0,0,0,0,0,0,0,0,0,0,0,0,0,0,0,0,0,0,0,0,0,0,0,0,0,0,0,0,0,0,0,0,0,0,0,0,0,0,0,0,0,0,0,0,1.67156993848623e-05,0,0,0.000543478260869565,0,0,0,0,0,0,0,0,0,0,0,0,0,0,0,0,0,0,0,0,0,0,0,0,0,0,0,0,0,0,0,0,0,0,0,0,0,0,0.000154693397685787,0,0,0.000386910216466084,0,0,0,0,0,0,0,0,0,0,0,0,0,0,0,0,0,0,0,0,0,0,0,0,0,0,0,0,0,0,0,0,0,0,0,0,0,0,0,0,0,0,0,0,0,0,0,0,0,0,0,0,0,0,0,0,0,0,0,0,0,0,0,0,0,0,0,0,0,0,0,0,0,0,0,0,0,0,0,0,0,0,0,0,0,0,0,0,0,0,0,0,0,0,0,0,0,0,0,0,0,0,0,0,0,0,0,0,0,0,0,0,0,0,0,0,0,0,0,0,1.44684298859888e-05,0,0,0,0,0,0,0,0,0,0,0,0,0,0,0,0,0,0,0,0,0,0,0,0,0,0,0,0,0,0,0,0,0,0,0,0,0,0,0,0,0,0,0,0,0,0,0,0,0,0,0,0,0,0,0,0,0,0,0,0,0,0,0,9.20047842487809e-05,0,0,0,0,0,0,0,0,0,0,0,0,0,0,0,0,0,0,0,0,0,0,0,0,0,0,0,0,0,0,0,0,0,0,0,0,0,0,0,0.000107723796186578,0,0,0,0,0,0,0,0,0,0,0,0,0,0,0,3.81679389312977e-07
0,0,0,8.66359686551065e-06,0,8.29714854661615e-05,4.2954219392971e-06,0,0,0,0,0,0,0,0,0,0,0,0,0,4.22911662211997e-06,0,0,0,0,0,0,0,1.1132882080513e-05,0,0,0,0,0,0,0,0,0,0,0,0,0,0,0,0,0,0,0,0,0,0,0,0,0,0,0,0,0,0,0,0,0,0,0,0,0,0,0,0,0,0,0,0,0,1.30206637934402e-05,0,0,0,0,0,0,0,0,0,4.23599579789217e-06,0,3.16210532972853e-05,0,0,0,0,0,0,0,0,0,0,0,1.27014771817962e-05,0,0,0,0,0,0,0,0,0.00234406475478885,0,0,0,0,0,0,6.92574493312501e-06,0,0,0,0,0,0,0,0,0,0.972964476579692,0,0,0,0,0.000165200057269353,0,0,0,0,0,0,0,0,0,0,0,0,0,0,0,0,0,0,0,0,0,0,0,0,0,0,0,0,0,0,0,0,1.33738114025116e-05,0,0,0,0,0,0,0,0,0,0,2.12172326363472e-05,0,0,0,0,0,0,0,0,0,0,0,0,0,0,0,0,0,0,0,0,0,0,0,0,0,0,0,0,0,0,0,0,0,0,0,1.63942488974868e-05,0,8.55937208446388e-06,0,0,0,0,0,0,0,0,0,0,0,0,0,0,9.98213198374909e-05,0,0,0,0.00233256981948852,2.7680894646515e-05,0,0,8.08812824536146e-06,0,0,0,0,0,0,0,0,0,0,0,0,0,9.19286633572348e-05,0,0,0,0,0,0,0,0,0,0,0,0,0,0,0,0.00022354694485842,0,0,0,4.32581623459244e-06,0,0,0,0,0,0,9.35716290820623e-05,3.32845160431367e-05,0,0,0,0,0,0,0,0,8.21031544031922e-06,0,0,0,0,0,0,0,0,0,1.12731945978851e-05,0,0,0,0,0,0,0,0,0,0,0,0,0,0,0,0,0,0,0,0,0,0,0,0,0,0,0,0,0,0,0,0,0,0,0,0,4.84439793822424e-06,0,0.000131518379693562,0,0,0,2.4822518989227e-05,0,0,2.78251965502321e-06,8.02536013803619e-06,0,0,0,0,0,0,0,0,0,0,0,0,0,0,0,0,0,0,0,0,0,0,0,0,0,0,0,0,0,0,0,0,0,0.000231223468589181,0,0,0,0,0,0,0,0,0,0,0,0,0,0,0,0,0,0,0,4.17367496254127e-06,0,0,0,0,0,0,0,0,0,0,0,0,0,0,1.19198603945951e-06,0,0,0,0,0,0,0,0,0,0,0,0,0,0,0,0,0,0,0,0,0,0,0,0,0,0,0,0,0,0,0,0,0,0,0,0,0,0,0.000226928895612708,0,0,0,0,0,0,0,9.33532486930545e-05,0,0,0,0,0,0,0,0,0,0,0,0,0,0,0,0,0,0,0,1.74258529955041e-05,0.0038868494925502,0,0,0,0,0,1.76360622200275e-05,3.00057010832058e-05,0,0,0,0,0,0,0,0,0,2.43872698451408e-05,0,0,0,0,0,0,0,0,0,0.000302938503483793,6.64411543153945e-06,0,0,0,0,0,2.11931757973932e-05,0,3.97413632082408e-06,2.24294705299187e-06,0,0,0,0,0,0,0,4.77370262696856e-06,0,0,0,0,0,0,0,0,0,0,0,0,0,0,0,0,0,0,0,4.98843929194093e-06,0,0,1.13737176133391e-05,0,0,0,0,0,0,0,0,0,0,0,2.30781124873359e-06,0,0,0,0,0,0,0,0,0,0,0,0,0,0,0,0,0,0,0,0,0,0,0,1.4719346225518e-06,0,0,0,0,0,0,0,0,0,0,0,0,1.37762818830292e-05,0,0,0,0,0.000209775540172016,0,0,0,0,0,0,0,0,0,0,0.000493908462298321,0,0,0,0,0,0,0,0,0,0,1.91982798341269e-05,0,0,0,0,0,0,0,0,0,0,0,0,0,0,0,0,0,0,8.22828555442188e-05,0,0,9.5831336847149e-08,1.21506682867558e-07,0,0
0,0,0,8.66359686551065e-06,0,0.000165942970932323,1.71816877571884e-05,4.74137616619618e-05,0,0,0,0,0,0,0,0,0.000845690909806081,0,0,8.42722668397057e-06,0.000427140778834117,0,0,0,0,0,0,0,0.00101309226932668,0.000704745284918451,0,0,7.44956643523347e-06,0,0,0,0,0,0,0,0,0,0,0,0,0,0,0,0,0,0,0,0,0,0,0,0,0,0,0,2.84587319927373e-05,0,2.58918110674546e-05,0,5.34616412723871e-05,0,0,0,0,0,0,0,0,2.47437781769774e-06,6.51033189672009e-05,0,0,0,0,0,0,0,0,0,0,0,0.000490126326107923,0,4.83161810890467e-05,0,0,9.85512959495417e-06,0,3.076232107865e-05,9.67202174270488e-06,2.01178908403243e-05,0,0,1.58768464772453e-05,0,0,0,0,0,0,0,0,0,0,0,0,0,0,0,1.8006936826125e-05,0,0,1.73949345950459e-05,0,0,0,0,0,0,0,0.964480222552976,0,0,0,2.20266743025804e-05,4.49539222297145e-05,0,0,0,0,0,0,0,0,0,0,0,0,0,0,0,0,0,0,0,0,0,0,0,0,0.00332271684779526,0,0,0,0,0,0,0,0,0,0,0,0,0,0,0,0,0,2.12172326363472e-05,0,0,0,0,0,0,0,0,0,0,0,5.08957654723127e-05,0,0,0,0,0,0,1.82664416241059e-05,1.72613787008396e-05,0,0,0,0,0,0,0,0,0,0,8.41396718552798e-06,0,0,0,0.016185335285904,1.63942488974868e-05,0,7.70343487601749e-05,0,2.92894382285748e-05,0,0,0,0,0,0,0,0,0,0,0,1.77550513120983e-05,3.99285279349964e-05,0,0,0,2.10141425179146e-05,1.38404473232575e-05,0,0,0,0,2.12143069285926e-05,0,0,0,0,0,0,0,0,0,0,0,0,0,0,0,0,0,0,0,0,0,0,0,0,0,0,0,7.45156482861401e-05,0,0,0,0.000192131536155295,0,0,1.42188248709997e-06,9.57982871266262e-06,0,0,0,3.32845160431367e-05,0,0,6.82691293203498e-05,0,0,0,9.28203462198914e-05,3.80249824134456e-05,2.46309463209577e-05,0,0,0,0,0,0,0,0,0,0,0,0,0,0,0,0,0,0,1.09635899178827e-05,0,0,0,0,0,0,0,0,0,0,0,0,0,0,0,0,0.00014682131845544,0,0,0,0,0,0,0,0,0,0,0,0,0,0,0,0,0,0,0,0.000183646297231532,1.20380402070543e-05,0,0,0,0,1.03372528750485e-05,0,0,0,0,0,0,0,0,0,0,0,0,0,0,0,0,0,0,0,0,0,0.000194628260023355,0,0,0,0,0,0,0,0,0,0,0,0,0,2.83575317604356e-05,0,0,0,0,0,0,1.05983848061555e-05,0,0,0,0,0,0,0,0,0,0,0,3.20161361326108e-05,0,0,0,0,0,1.46130465279401e-05,0,0,9.17829250383819e-05,0,0,0,0,0,0,0,0,0,0,0,0,4.15854759754764e-05,0,7.08112490750281e-06,0,0,0,0,0,1.14982838811307e-05,3.92865561404887e-05,0,0,0,0,0,0,0,0,0,0,0,0,0,0,0,0,0,0,0,0,0,0,0,0,0,0,0,0,0,0,1.26778062324095e-05,0,0,0,0,0,0,0,0,0,6.58379858843358e-06,0,0,0,0.000313665353919074,5.3984020729864e-05,0,0,0,0,2.14192387602545e-05,3.5272124440055e-05,0,0,0,0,0,0,0,0,0,0,2.43872698451408e-05,0,0,0,2.80847159855083e-05,0,0,0,0,0,0.000151469251741896,0,0,0,0,0,2.73374922771584e-05,2.11931757973932e-05,0,1.19224089624722e-05,0.00493224056952912,0,0,0,0,0,0,0,4.77370262696856e-06,0,0,0,0,0,0.000310800310800311,0,0,0,0.00501050372012373,0,0,0,0,0,0.000291732306435615,0,0,0,4.98843929194093e-06,0,0,2.27474352266782e-05,0,0,0,0,0,0,0,0,0,0.00285676048508308,0,3.69249799797374e-05,0,0,0,0,0,0,0,0,0,0,0,0,0,0,0,0,0,0,4.48235838106652e-05,0,0,0,0,4.41580386765541e-06,0,0,0,0,0,0,0,0,0,0,1.38513747489438e-05,8.21247310415058e-06,0.000150814033245794,0,0,0,0,0.000209775540172016,0,0,0,0,0,0,0,0,0,0,0.000274393590165734,0,0,0.000674888029940487,0,0,0,0,0,0,0,1.91982798341269e-05,0,0,0,0,5.5972237770066e-05,0,0,0,0,0,0,0,0,1.44123369604381e-05,2.29524501740561e-05,0,0,3.76662021168406e-05,2.46848566632656e-05,7.7930174563591e-05,0,4.79156684235745e-08,6.07533414337789e-08,0,0
0,0,0,0,0,0,0,0,0,0,0,0,0,0,0,0,0,0,0,0,0,0,0,0,0,0,0,0,0,0,0,0,0,0,0,0,0,0,0,0,0,0,0,0,0,0,0,0,0,0,0,0,0,0,0,0,0,0,0,0,0,0,0,0,0,0,0,0,0,0,0,0,0,0,0,0,0,0,0,0,0,0,0,0,0,0,0,0,0,0,0,0,0,0,0,0,0,0,0,0,0,0,0,0,0,0,0,0,0,0,0,0,0,0,0,0,0,0,0,0,0,0,0,0,0,0,0.980023050326546,0,0,0,0,0,0,0.000209380234505863,0,0,0,0,0,0,0,0,0,0,0,0,0,0,0,0,0,0,0,0,0,0,0,0,0,0,0,0,0,0,0,0,0,0,0,0,0,0,0,0,0,0,0,0,0,0,0,0,0,0,0,0,0,0,0,0,0,0,0,0,0,0,0,0,0,0,0,0,0,0,0,0,0,0.000150647785477553,0,0,0,0,0,0,0,0,0,0,0,0,0,0,0,0,0,0,0,0,0,0,0,0,0,0,0,0,0,0,2.09762339269608e-05,0,0,0,0,0,0,0,0,0,0,0,0,0.000983284169124877,0,0,0,0,0,8.37233445801693e-05,0,0,0,0,0,0,0,0,0,0.000153491941673062,0,0,0,0,9.57982871266262e-06,0,0,0,0,0,0,0,0,0,0,0,0,0,0,0,0,0,0,0,0,0,0,0,0,0,0,0,0,0,0,0,0,0,0,0,0,0,0,0,0,0,0,0,0,0,0,0,0,0,0,0,0,0,0,0,0,0,0,0,0,0,0,0,0,0,0,0,0,0,0,0,0,0,0,0,0,0,0,0,0,0,0,0,0,0,0,0,0,0,0,0,0,0,0,0,0,0,0,0,0,0,0,0,0,0,0,0,0,0,0,0,0,0,0,0,0,0,0,0,0,0,0,0,0,0,0,0,0,0,0,0,0,0,0,0,0,0,0,0,0,0,0,0,0,0,0,0,0,0,0,0,0,0,0,0,0,0,0,0,0,0,0,0,0,0,0,0.000227128191151086,0,0,0,0,0,0,0,0,0,0,0,0,0,0,0,0,0,0,0,0,0,0,0,0,0,0,0,0,0,0,0,0,0,0,0,0.000128982329420869,0,0,0,0,0,0,0,0,0,0,0,0,0,0,0,0,0,0,0,0,0,0,0,0,0,0,0,0,0,0,0,0,0,0,0,0,0,0,0,0,0,0,0,0,0,0,0,0,0,0,0,0,0,0,0,0,0,0,0,0,0,0,0,0,0,0,0,0,0,0,0,0,0.000101564086938858,0,0,0,0,0,0,0,0,0,0,0,0,0,0.00377500943752359,0,0,0,0,0,0,0,0,0,0,0,0,0,0,0,0,0,0,0,0,0,0,0,0,0,0,0,0,0,0,0,0,0,0,0,0,0,0,0,0,0,0,0,0,0,0,0,0,0,0,0,0,0,0,0,0,0,0,0,0,0,0,0,0,0,0,0,0,0,0,0,0,0,0,0,0,0,4.50024751361325e-05,0,0,0,6.5641205172527e-05,0,0,0,0
0,0,0,0,0,0,0,0,0,0,0,0,0,0,0,0,0,0,0,0,0,0,0,0,0,0,0,0,0,0,0,0,0,0,0,0,0,0,0,0,0,0,0,0,0,0,0,0,0,0,0,0,0,0,0,0,0,0,0,0,0,0,0,0,0,0,0,0,0,0,0,0,0,0,0,0,0,0,0,0,0,0,0,0,0,0,0,0,0,0,0,0,0,0,0,0,0,0,0,0,0,0,0.00104668201800293,0,0,0,0,0,0,0,0,0,0,0,0,0,0,0,0,0,0,0,0,0,0,0,0,0.968732551647124,0,0,0,0,0,0,0,0,0,0,0,0,0,0,0,0,0,0,0,0,0,0,0,0,0,0,0,0,0.000488370673341066,0,0,0,0,0,0,0,0,0,0,0,0,0,4.77258626449673e-05,0,0,0,0,0,0,0,0,0,4.83582378258136e-05,0,0,0,0,0,0,0,0,0,0,0,0,0,0,0,0,0,0,0,0,0,0,0,0,0,0,0,0,0,0,0,0,0,0,0,0,0,0,0,0,0,0,0,0,0,0,0,0,0,0,0,0,0,0,0,0,0,0,0,0,0,0,0,0,0,0,0,0,0,0,0,0,0,0,0,0,0,0,0,0,0,0,0,0,0,0,0,0,0,0,0,0,0,0,0,0,0,0,0,0,0,0,0,0,0,0,0,0,0,0,0,0,0,0,0,0,0,0,0,0,0,0,0,0,0,0,0,0,0,0,0,0,0,0,0,0,0,0,0,0,0,0,0,0,0,0,0,0,0,0,0,0,0,0,0,0,0,0,0,0,0,0,0,0,0,0,0,0,0,0,0,0,0,0,0,0,0,0,0,0,0,0,0,0,0,0,0,0,0,0,0,0,0,0,0,0,0,0,0,0,0,0,0,0,0,0,0,0,0,0,0,0,0,0,0,0,0,0,0,0,0,0,0,0,0,0,0,0,0,0,0,0,0.000351741118536757,0,0,0,0,0,0,0,0,0,0,0,0,0,0,0,0,0,0,0,0,0,0,0,0,0,4.54256382302171e-05,0,0,0,0,0,0,0,0,0,0,0,0,0,0,0,0,0,0,0,0,0,0,0,0,0,0,0,0,0,0,0,0,0,0,0,0,0,0,0,0,0,0,0,0,0,0,0,0,0,0,0,0,0,0,0,0,0,0,0,0,0,0,0,0,0,0,0,0,0,0,0,0,0,0,0,0,0,0,0,9.12075884713608e-05,0,0,0,0,0,0,0,0,0,0,0,0,0,0,0,0,0,0,0,0,0,0,0,0,0,0,0,0,0,0.000518134715025907,0,0.000243961941937058,0,0,0,0,0,0,0,0,0,0,0,0,0,0,0,0,0,0,0,0,0,0,0,0,0,0,0,0,0,0,0,0,0,0,0,0,0,0,0,0,0,0,0,0,0,0,0,0,0,0,0,0,0,0,0,0,0,0,0,0,0,0,0,0,0,0,0,0,0,0,0,0,0,0,0,0,0,0,0,0,0,0,0,0.000104975855553223,0,0,0,0,0,0,0,0,0,0,0,0,0
8.21827744904668e-05,0,0,0,0,0,0,0,0,0,0,0,0,0,0,0,0,0,0,0,0,0,0,0,0,0,0,0,0,0,0,0,0,0,0,0,0,0,0,0,2.21695080586162e-05,0,0,0,0,0,0,0,0,0,0,0,0,0,0,0,0,0,0,0,0,0,0,0.00257510729613734,0,0.000431507924054605,0,0,0,0,0,0,0,0,0,1.28183764244421e-05,0,0,0,0,0,0,0,0.00182529335071708,0,0,0,0,0,0,0,0,0,0,0,0,0,0,0,0,0,0,0,0,0,0,0,0,0,0,0,0,0,0,0,0,0,0,0,0.000370164723301869,0,0,0,0,0,0,0,0,0.981725021349274,0,0,0,0,0,0,0,0,0,0,0,0,0,0,0,0,0,0,0,0,0,0,0,0,0,0,0,0,0,0,0,0,0,0,0,0,0,0,0,0,0,0,0,0,0,0,0,0,0,0,0,0,0,0,0,0.00322211828292277,0,0,0,0,0,0,0,0,0,0,0,0,0,0,0,0,0,0,0,0,2.68716074595582e-05,0,0,0,0,0,0,0,0,0,0,0,0,0,0,0,0,0,0,0,0,0,0,0,0,0,0,0,0,0,0,0,0,0,0,0,0,0,0,0,0,0,0,0,0,0,0,0,0,0,0,0,0,0,0,0,0,0.000148612858196795,0,0,0,0,0,0,0,0,1.42188248709997e-06,0,0,0,0,0,0,0,0,0,0,0,0,0,0,0,0,0,0,0,0,0,0,0,0,0.000134021309388193,0,0,0,0,0,0,0,0,0,0,0,0,0,0,0,0,0,0,0,0,0,0,0,0,0,0,0,0,0,0,0,0,0,0,0,0,0,0,0,1.99664563533264e-05,0,0,0,0,0,0,0,0,0,0,0,0,0,0,0,0,0,0,0,0,0,0,0,0,0,1.67156993848623e-05,0,0,0,0,0,0,0,0.00015271838729383,0,0,0,0,0,0,0,0,0.000878220140515222,0.00245327102803738,0,6.8260783497273e-06,2.83575317604356e-05,0,0,0,0,0,0,0,0,0,0,0,0,0,0,0,3.38249222026789e-05,0,0,0,0,0,0,0,0,1.46130465279401e-05,0,0,0,0,0,0,0,0,0,0,0,0,2.43593491181916e-05,0,0,0,0,0,0,0,0,0,7.33352889410384e-05,0,0,0,0,0.0005231037489102,0,0,0,0,0,0,0,0,0,0.00059967018140023,0,0,0,0,0,0,0,0,0,0,0,0,0,0,0,0,0,0,0,0,0,0,0,0,0,0,0,0,0,0,0,0,0,0,0,0,0,2.14192387602545e-05,0,0,0,0,0,0,0,0,0,0,0,0,0,0,0,0,0,0,0,0,0,0,0,0,0,0,0,0,0,0,0,0,0,0,0,0,0,0,0,0,0,0,0,0,0.000162337662337662,0,0,0,0,0,0,0,0,0,0,0,0,0,0,0,0,0,0,0,0,0,0,0,0,0,0,0,0,0,0,0,0,0,0,0,0,0,0,0,0,0,0,0,0,0,0,0,0,0,0,0,0,0,0,0,0,0,0,0,0,8.03535556448373e-05,0,0,0,0,0,0,0,0,0,0,0,0,0,0,0,0,0,0,0,0,0,0,0,0,0,0,0,0,0,0,0,0,0,0,0,0,0,0,0,0,0.000498566620964726,0,0,0,0,0,0,0,0,0,0,0,0,0,0,0,0,0
0,0,0,4.33179843275533e-06,0,0.000414857427330807,1.43180731309903e-06,0,0,0,0,0,0,0,0,0,0,0.000612745098039216,0,0,0,0,0,0,0,0,0,0,0,0.000268474394254648,0,0,0,0,0,0,0,0,0,0,0,7.74035744970703e-06,0,0,0,0,0,0,0,0,0,0,0,0,0,0,0,0,0,0,5.69174639854747e-06,0,0,0,0,0,0,0,0,0,0,0,0,9.89751127079096e-06,0,0,0,4.30904468479338e-05,0,0,0,0,0,0,0,0,4.7431579945928e-05,0,0,0,0,0,4.76054460630296e-05,6.15246421573001e-06,0,0,7.32225232481511e-05,0,0.000158768464772453,0,0,0,0,0,0,0,0,0,0,0,0,1.21598287896106e-05,0,0,6.09465554115001e-05,0,0,1.73949345950459e-05,6.5335136583103e-06,0,0,0,0,0,0,6.71959467404926e-06,0,0,0,0.985991035143559,1.12384805574286e-05,0,0,0,0,0,0,0,0,0,0,0,0,0,0,0,0,0,0,0,0,0,0,0,0,0,0,0,0,0,0,0,0,0,0,0,0,0,0,0,0,0,0,9.54775468635626e-05,0,0,0,0,0,0,0,0,0,0,0,0,0,0,0,0,0,5.07572988995818e-06,3.65328832482117e-06,0,0,0,0,0,0,0,0,0,0,0,0,0,0,0,0,0,0,1.28390581266958e-05,0,0,0,0,0,0,0,0,0,0,0,0,0,0,0,0,0,0,1.40094283452764e-05,0,0,0.000137741046831956,0,0,0,0,0,0,0,0,0,0,0,0,0,0,0,0,0,0,0,0,0,0,0,0,0,0,0,0,2.65380103922849e-06,0,0,0,0,0,2.28533687865261e-06,0,0,4.26564746129991e-06,0,0,0,0.00215214746888743,0,0,1.82775259540869e-05,0,0,0,0,4.64101731099457e-05,0,6.56825235225537e-05,0,0,0,0,4.01364639775236e-05,0,0,0,0,7.8912362185196e-05,0,0,0,3.18025696476275e-05,0,0,0,0,0,0,0,0,0,0,0,0,0,0,0,0,0,0,0,2.17074658487294e-06,0,0.00014682131845544,0,0,0,0,0,0,0,0,0,0,4.84439793822424e-06,3.62884203650615e-05,0,0,0,0,1.6548345992818e-05,0,0,4.17377948253482e-06,0,0,0,0,0,0,0,0.00150127608467197,0,0,0,0,0,2.12089077412513e-05,0,0,0,0,0,0,0,0,0,0,0,0,0,0,0,0,0,0,0,0,5.92880688690208e-06,0,0,0,0,0,0,0,0,0,0,0,0,0,0,0,0,0,0,0,0,0,0,0,0,4.05794749015948e-05,0,0,0,0,0,0,1.46130465279401e-05,1.66184730946921e-05,0,2.38397207891901e-06,0,0,0,0,0,0,0,0,0,0,0,0,3.56446936932655e-05,0,3.5405624537514e-06,0,0,0,0,0,0,0,0,0,0,0,0,0,0,0,0,0,0,0,1.66575050388953e-05,0,0,7.74713356058258e-05,0,0,0,0,0,0,0,0,0,0,0,0,0,0,0,0,0,0.000316555872111428,0,0,0,0,0,0,0,0,0,0,5.22775589865124e-05,0.000107968041459728,0,0,0,0,0,0,0,0,0,0,0,0,0,0,0,0,0,0,0,0,3.12052399838981e-06,0,0,0,0,0,0.000605877006967586,9.13565871836674e-06,0,0,0,0,2.73374922771584e-06,8.4772703189573e-05,0,3.97413632082408e-06,0,0,0,0,0,0,0,0,7.16055394045283e-06,0,0,0,0,0,0,0,0,0,0,0,0,0,0,0,0,0,0,0,2.49421964597046e-06,0,0,0,0,0,0,0,0,0,0,0,0,0,0,0,0,1.67302415846885e-05,0,0,0,0,0,0,0,0,0,0,0,0,0,0,0,0,0,0,0,0,0,0,0,0,0,0,0,0,0,0,0,0.000259672812256557,0,0,2.90026987011141e-06,0,1.09870791948668e-05,0,0,0.000314663310258024,0,0,0,0,0,0,0,0,0,0,0.000768302052464054,0,0,0,0,0,0,0,1.19055650579603e-05,0,0,1.91982798341269e-05,0,0,0,0,0,0,0,0,0,0,0,0,0,0,0,0,0,0,0.00228746338412928,0,0,9.5831336847149e-08,3.58444714459295e-06,0,0
0,0,0,0,0,0,4.2954219392971e-06,0,0,0,0,0,0,0,0,0,0,0,0,0,2.11455831105999e-06,0,0,0,0,0,0,0,0,0,0,0,0,0,0,0,0,0,0,0,0,7.74035744970703e-06,0,0,0,0,0,0,0,0,0,0,0,0,0,0,0,0,0,0,0,0,0,0,0,0,0,0,0,0,0,0,0,0,1.30206637934402e-05,0,0,0,0,0,0,0,0,0,0,0,0.00224509478410726,0,0,0,0,9.85512959495417e-06,0,1.230492843146e-05,0,0,0,0,0,0,0,0,0,0,0,0,0,0,0,0,0,0,0,0,2.77029797325e-06,0,0,0,0,0,0,0,0,0,0,0,0,0,0,1.10133371512902e-05,0.995616992582603,0,0,0,0,0,0,0,0,0,0,0,0,0,0,0,0,0,0,0,0,0,0,0,0,0,0,0,0,0,0,0,0,0,0,0,0,0,0,0,0,0,0,2.12172326363472e-05,0,0,0,0,0,0,0,0,0,0,0,5.08957654723127e-05,0,0,0,0,0,0,3.65328832482117e-06,3.45227574016792e-06,0,0,0,0,0,0,0,0,0,0,0,0,0,0,8.51411640499949e-06,0,0,0,0,0,0,0,0,0,0,0,0,0,0,0,0,0,0,0,0,0,0,0,0,0,0,0,0,0,0,0,0,0,0,0,0,0,0,0,0,0,0,0,0,0,0,0,0,0,0,0,0,0,0,0,0,0,0,0,2.20371770441502e-06,0,0,0,0,0,0,0,0,0,0,0,0,0,0,0,0,0,0,0,0,0,0,0,0,0,0,0,0,0,0,0,0,0,0,0,0,0,0,0,0,0,0,0,0,0,0,0,0,0,0,0,0,0,0,0,0,0,0,0,0,0,0,0,0,0,0,0,0,0,0,0,0,2.78251965502321e-06,0,0,0,0,0,0,0,0,0,0,0,0,0,0,0,0,0,0,0,0,0,0,0,0,0,0,0,0,0,0,0,0,0,0,0,0,0,0,0,0,0,0,0,0,0,0,0,0,0,0,0,0,0,0,0,0,0,0,0,0,0,0,0,0,0,0,0,0,0,2.38397207891901e-06,0,0,0,0,0,0,0,0,0,0,0,0,0,0,0,0,0,0,0,0,5.74914194056537e-06,0,0,0,0,0,0,0,0,0,0,0,0,0,0,0,0,0,0,0,0,0,0,0,0,0,0,0,0,0,0,0,0,0,0,0,0,0,0,0,0,0,0,0,0,0,0,0,0,0,0,0,0,0,0,0,0,0,0,0,0,0,0,0,0,0,0,0,3.43257639822879e-05,0,0,0,0,0,0,1.66102885788486e-06,0,0,0,0,5.46749845543169e-06,0,0,0,3.81300999008617e-05,0,0,0,0,0,0,0,4.77370262696856e-06,0,0,0,0,0,0,0,0,0,0,0,0,0,0,0,0,0,0,0,0,0,0,0,0,0,0,0,0,0,0,0,0,0,0,2.07703012386023e-05,0,0,0,0,0,0,0,0,0,0,0,0,0,0,0,0,0,0,2.35913599003501e-06,0,0,0,0,0,0,0,0,0,0,0,0,0,0,0,0,0,2.17520240258356e-06,0,1.09870791948668e-05,0,0,0,0,0,0,0,0,0,0,0,0,0,0.000219514872132587,0,0,3.06767286336585e-05,0,0,0,0,0,0,0,0,0,0,0,0,0,0,0,0,0,0,0,0,0,0,0,0,0,0,0.000164565711088438,0,0,4.79156684235745e-08,6.07533414337789e-08,0,0
0,0,0,4.33179843275533e-06,0,0,0,0,0,0,0,0,0,0,0,0,0,0,0,0,0,0,0,0,0,0,0,0,0,0,0,0,0,0,0,0,0,0,0,0,2.21695080586162e-05,0,0,0,0,0,0,0,0,0,0,0,0,0,0,0,0,0,0,0,0,0,0,0,0,0,0,0,0,0,0,0,0,0,0,0,0,0,0,0,0,0,0,0,0,0,0,0,0,0,0,0,0,0,0,0,0,0,0,0,0,0,0,0,0,0,0,0,0,0,0,0,0,0,0,0,0,0,0,0,0,0,0,0,0,0,0,0,0,0,0,0.959796083883675,0,0,0,0,0,0,0,0,0,0,0,0,0,0,0,0,0,0,0,0,0,0,0,0,0,0,0,0,0,0,0,0,0,0,0,0,0.000635862653666808,0,0,0,0,0,0,0,0,0,0,0,0,0,0,0,0,0,0,0,0,0,0,0,0,0,0,0,0,0,0,0,0,0,0,0,0,0,0,0,0,0,0,0,0,0,0,0,0,0,0,0,0,0,0,0,0,0,0,0,0,0,0,0,0,0,0,0,0,0,0,0,0,0,0,4.78194338179036e-05,0,0,0,0,0,0,0,0,0.000955566172957477,0,0,0,0,0,0,0,0,0,0,0,0,0,0,0,0,0,0,2.84376497419994e-06,0,0.000713503045129068,0,0,0,0,0,0,0,0,0,0,0,0,0,0,0,0,0,0,0,0,0,0,0,0,0,0,0,0,0,0,0,0,0,0,0,0,0,0,0,0,0,0,0,0,0,0,0,0,0,0,0,0,0,0,0,0,0,0,0,0,0,0,0,0,0,0,0,0,0,0,0,0,0,0,0,0,0,6.81663258350375e-05,0,0,0,0,0,0,0,0,0,0,0,0,0,0,0,0,0,0,0,0,0,0,0,0,0,2.25326723749437e-05,0,0,0,0,0,0,0,0,0,0,0,0,0,0,0,0,0,0,0,0,0,0,0,0,0,0,0,6.09421658845755e-05,0,0,0,0,0,0,0,0,0,0,0,0,0,0,0,0,0,0,0,4.00978387264926e-05,0,0,0,0,0,0,0,0,0,3.28601472134595e-05,0,0,0,0,0,0,0,0,0,0.000275558004960044,0,0,0,0,0,0,0,0,0,0.000263400500460951,0,0,0,0,0,0,0,0,0,0,0,0.00158277936055714,0,0,0,0,0,0,0,0,0,0,0,0,0,0,0,0,0,0,0,0,0,0,0,0,0,0,0,0,0,0,0,0,0,0,0,0,0,0,0,0,0,0,0,0,0,0,0,0,0,0,0,0,0,0,0,0,0,0,0,0,0,0,0,0,0,0,0,0.000223164472216023,0,0,0,0,0,0,0,0,0,0,0,0,0,0,0,0,0,0,0,0,0,0,0,0,0,0,0,0,0,0,0,0,0,0,0,0,0,0,2.83350334353395e-05,0,0,0,0,0,0,0,0,0,0,0,0,0,0,0,0,0,0,0,0,0,0,0,0,0,0,0,0,0,0,0,0,0,0,0,0,0,0,1.59979522621104e-05,0,0,0,0,0,0,3.96852168598675e-06,0,0,0,0,0,0,0,0,0,0,0,0,0,0,0,0,0,0,0,0,0,0,0,0,6.22903689506469e-07,0,0,0
0,0,0,0,0,0,0,0,0,0,0,0,0,0,0,0,0,0,0,0,0,0,0,0,0,0,0,0,0,0,0,0,1.48991328704669e-05,0,0,0,0,0,0,0,0,0,0,0.00026123301985371,0,0,0,0,0,0,0,0,0,0,0,0,0,0,0,0,0,0,0,0,0,0,0,0,0,0,0,0,0,0,0,0,0,0,0,0,0,0,0,0,2.11799789894608e-05,0.0014959928762244,0,0,0,0,0,0,0,0,2.90160652281146e-05,0,0,0,0,0,0,0,0,0,0,0,0,0,0,0,0,0,0,0,0,0,0,0,0,0,0,0,0,0,0,0,0,0,0,0,0,0,0.9922000118631,0,0,0,0,0,0,0,0,0,1.81996869653842e-05,0,0,0,0,0,0,0,0,0,0,0,0,0,0,0,0,0,0,0,0,0,0,0,0,0,0,0,0,0,0,0,0,0,0,1.05767501877373e-05,0,0,0,0,0,0,0,0,0,0,0,0,0,0,0,0,0,0,0,0,0,0,0,0,0,0,0,0,0,0,0,0,0,0,0,0,0,0,0,0,0,0,0,7.71604938271605e-05,0,0,0,0,0,0,0,0,7.00471417263819e-06,0,0,0,0,0,0,0,0,0,0,0,0,0,0,0,0,0,0,0,0,0,0,0,0,0,0,0,0,5.50751776174478e-05,0.000116411047408399,0,0,0,0,0,0,0,0,0,0,4.26564746129991e-06,0,2.83136129019471e-06,0,0,0,0,0,0,0,0,0,0,0,0,0,0,0,0,0,0,0,0,0,0,0,0,7.14694110920526e-05,0,0,0,0,0,0,0,0,0,0,0,0,0,0,1.20235661897319e-05,0,0,0,0,0,0,0,0,0,0,0,0,0,0,0,0,0,0,4.84439793822424e-06,0.000834633668396415,0,0,1.33109709022176e-05,0,0,0,0,0,0,0,0,0,0,0,0,0,0.000113417262107293,0,0,0,0,0,0,0,0,0,0,0,0,0,0,0,0,0,0,0,0,0,0,0,0,0,0,0,0,0,0,0,0,2.83575317604356e-05,0,0,0,0,0,0,0,0,6.69030574697264e-05,0,0,0,4.17367496254127e-06,0,0,0,0,0,0,0,0,0,0,0,0,0,0,0,0,0,0,0,0,0,0,0,0,0,0,0,0,0,0,0,0,0,0,0,0,0,0,0,0,0,0,0,0,0,0,0,0,0,1.66575050388953e-05,6.52656311186529e-05,0,0,0,0,0,0,0,0,0,0,0,0,0,0,0,0,0,0,0,0,0,0,0,0,0,0,0,0,0,0,0,0,0,0,0,0,0,0,0,0,0.000116049669258443,0,0,0,0,0,1.45169485374174e-05,0,0,0,0,0,3.12052399838981e-06,0,0,0,0,0,0,0,0,0,0,0,0,0,0,0,0,0,0,0,0,0,0,0,0,0,0.000183224489261736,0,0,0,0,0,0,0,0,0,0,0,0,0,0,0,0,0,0,0,0,0,0,0,0,0,0,0,0,0,0,0,0,0,0,0,0,0,0,0,0,0,0.000142433910665451,0,0,0,0,0,0,0,0,0,2.35913599003501e-06,0,0,0,0,0,0,0,0,0,0,0,0,3.04766548823601e-05,0,0,0,0,0,0,0,0,0,0,0,5.8173356602676e-05,0,0,0,0,0,0,0,0,0,1.59979522621104e-05,0,0,0,0,0,0,0.00031748173487894,0,0,0,0,0,0,0,0,0,0,0,0,0,0,0,0,0,0,0,0,0,0,0,0,9.5831336847149e-08,0,0,0
0,0,0,0,0,0,0,0,0.00248708628276258,0,0,0,0,0,0,0,0,0,0,0,0,0,0,0,0,0,0,0,0,0,0,0,0,0,0,0,0,0,0,0,0,0,0,0,0,0,0,0,0,0,0,0,0,0,0,0,0,0,0,0,0,0,0,0,0,0,0,0,0,0,0,0,0,2.47437781769774e-06,0,6.40918821222104e-05,0,0,0,0,0,0,0,0,4.23599579789217e-06,0,0,0,0,0,0,0,0,0,0,0,0,0,0,0,0,0,0,0,0,0,0,0,0,0,0,0,0,0,0,0,0,0,0,0,0,0,0,0,0,0,0.000384172109104879,0,0,0,0,0,0,0.983668341708543,0,0,0,0,0,0,0,0,0,0,0,0,0,0,0,0,0,0,0,0,0,0,0,0,0,0,0,0,0,0,0,0,0,0,0,0,0,0,0,0,0,0,0,0,0,0,0,0,0,0,0,0,0,0,0,0,0,0,0,0,0,0,0,0,0,0,0,0,0,0,0,0,0,0,0,0,0,0,0,0,0,0,0,0,0,0,0,0,0,0,0,0,0,0,0,0,0,0,0,0,0,0,0,0,0,0,0,0,0,0,0,0,0,0,0,0,0,0,0,0,0,0,0,0.000117212682412237,0,0,0,0,2.65380103922849e-06,0,0,0,0,0,0,0,0,2.84376497419994e-06,0,0,0,0,0,0,0,0,0,0,0,0,0,0,0,0,0,0,0,0,0,0,0,0,0,0,0,0,0,0,0,0,0,0,0,0,0,0,0,0,0,0,0,0,0,0,0,0,0,0,0,0,0,0,0,0,0,0,0,0,0,0,0,0,0,0,0,0,0,0,0,0,0,0,0,0,0,0,0,0,0,0,0,0,0,0,0,0,0,0,0,0,0,0,0,0,0,0,0.00015271838729383,0,0,0,0,0,0,0,0,0.000292740046838407,0,0,0,0,0,0,0,0,0.00121422376409367,0,0,0,0,0,0,0,0,0,0,0,0,0,0,0,0,0,0,0,0,0,0,0,0,0,0,0,0,0,0,0,0,0,0,0,0,0,0,0,0,0,0,0,0,0,0,0,0,0,0,0,0,0,0,0,0,0,0,0,0,0,0,0,0,0,0,0,0,0.000281420611245568,0,0,0,0,0,0,0,0,0,0,0,0,0,0,0,0,0,0,0,0,0,0,0,0,0,0,0,0,0,0,0,0,0,0,0,0,0,0,0,0,0.000600240096038415,0,0,0,0,0,0,0,0,0,0,0,0,0,0,0,0,0,0,0,0,0,0,0,0,0,0,0,0,0,0,0,0,0,0,0,0,0,0,0,0,0,0,0,0,0,0,0,0,0,0,0,0,0,0,0,0,0,0,0,0,0,0,0,0,0,0,0,0,0,0,0,0,0,0,0,0,0,0,0,0,0,0,0.00027667619662455,0,0,0,0,0,0,0,0,0,0,0,0,0,0,0,0,0,0,0,0,0,0,0,0,0,0,0,0,0,0,0,0,0,0,0,0,4.50551926109484e-05,0,0,0,0,0,0,0,0,0,0,0,0,0,0,0,0,0,0,0,0,0,0,0,0,0,0,0,0,0,0
0,0,0,0,0,0,1.43180731309903e-06,0,0,0,0,0,0,0,0,3.03324435816549e-05,0,0,0,0,0,0,0,0,0,0,0,0,0,0,0,4.09785682088268e-05,0,0,0,0,8.75886835420864e-05,0,0,0,4.43390161172324e-05,0,0,0.000391849529780564,0,0,0,0,0,0,0,0.000324044069993519,0,0,0.00196463654223969,0,0.000162443144899285,0,0.000309885342423303,0,0,0,0,0,0,0,0.000171467764060357,0,0,0,0,0,0,4.94875563539548e-06,0,0,0,0,0,0,0,0,0,0,5.93039411704904e-05,0,0,0,0,0,0,0,0,3.076232107865e-06,0,0,0,0,0,8.2060035121695e-06,0,0,0,0,0,0,0.00391472384989403,0,0,0.00308923125668343,0,0,0,2.4515812699191e-05,0,0,0.00142970611596505,0,9.80027048746545e-06,0,0,0,0,0,0,0,0,0,8.5397096498719e-05,0,0,0,0,0,0.988053790300661,5.40321491287316e-05,0,0,0,0,0,0,0,0,0.000172920629431091,0,0,0,0,0,0,0,0,0,0,0,1.52615835419083e-05,0,0,0,0,0,0,0,7.64321473611801e-05,0,4.93778392257555e-05,0,0,3.98612827360784e-05,0,0,0,0,0,0,0,0,0,0,0,0,0,0.000208811860513677,0,0,0,0,1.27019611828066e-05,0,0,1.01514597799164e-05,0,0,0,1.92722787542399e-05,0,0,0.000164317534506682,0,0,0.000157828282828283,0,0,0,0,0,0,0,0,0,4.27968604223194e-06,0,0,0,4.30700318718236e-05,0,0,0,0,0,0,0,0,0,0,0,0,0.000478360482388781,0,0,0,0,0,0,0,0,0,0,0,2.75444153697838e-05,0,0.0013117162495409,0,6.8203519301596e-05,0,0,0.000447978497032142,0,0.000139232419859457,0,0,0,0,0,0,0,4.18616722900846e-06,0,0,0,0,7.96140311768546e-06,0,0,0,0,0,2.4485752271278e-07,0,0,0.000200485430681096,0,2.83136129019471e-06,0,0,3.32845160431367e-05,0,0,0,0,0,0,0,0,0,0,0,0,0,0,0,0,0,0,0,0,0,0,0,0,0,0,0.000171526586620926,0,0,0,0,0,0,0,0,0,0.000240471323794638,0,0,0,0.000106723585912487,0,1.30244795092376e-05,0,0,0,8.11293201362973e-05,0,0,0,0,0,0,0,0,4.84439793822424e-06,0,0,0.000304012971220105,0,0,0,0,0,0,0,0,0,0,0,0,0,0,0,0,0,0.000630517023959647,0.000206652624885745,0,0,0,0,0,0,0,1.67156993848623e-05,0,0,0,0,0,0,0,0,0,0,0,0,0,0,6.7598017124831e-05,0,0.000292740046838407,0,0,0,0,0,0,0,0,0,0,0,0,6.69030574697264e-05,0,0,0,0,0,0,0,0,0,0,0,0,0,0,0,0,0,9.32227090519251e-05,1.19198603945951e-06,0,0,0,0,0,0,0,0,0,4.87186982363831e-05,0,0,0,0.000120293516179478,0,0,0,0,0,0,0,0,0,0,0,0,0,0,0,0,0,0,0,0,1.66575050388953e-05,0,0,0,0,0,0,0,0.000232270052647879,0,0,0,0,0,0,0,0,0,0,0,0,0,0,0,0,0,0,0,0,0,0,0,0,0,0,0.000204708290685773,0,0,0,0,0,0,0,0,2.27128191151086e-05,0,0,0,0,1.63259975184484e-05,0,3.30924935193867e-05,0,6.00468365324953e-05,3.12052399838981e-06,0,0,0,0,0,0,1.66102885788486e-06,7.98849656494648e-05,0,0,0,0,0,6.17894216510133e-05,0,0,0,0,0,0,0,0,0,0,0,1.30874635186954e-05,0,1.44684298859888e-05,9.27643784786642e-05,0,0,0,0,0,0,0,0,0,0,0,5.86544665376268e-05,0,0,0,0.000340522133938706,0,0,0,0,0,0,0,0,0,0,0,0,0,0,0,0,0,0,0,0,0,0,8.54603463992707e-05,0,0,0,0,0,5.66700668706789e-05,0,0,0.000105831304899989,0,0,0.00142298114549982,0,0,0,0,0,8.93974611121044e-05,0,0.00139560848529959,8.93814801573114e-05,0,0.00222479580641229,0,0,0,0,1.45013493505571e-06,0,0,0,0,0,7.5648687495272e-05,0,0,0.00431189363995688,0,0,0,0,0,0,0,3.19959045242209e-05,0,0,0,0,0,0,2.77796518019073e-05,0,0,0,0,0,0,0,0,0,0.000129198966408269,0.000124641655241182,0,0,0,0,0,0,0,0,0,0,0,0,0,1.91662673694298e-07,0,0,0
0.000164365548980934,0,0,0,0,0,0,0,0,0,0,0,0,0,0,0,0,0,0,0,0,0,0,0,4.4992351300279e-05,0,0,0,0,0,0,0,0,0,0,0,8.75886835420864e-05,0,0,0,0,0,0,0,0,0,0,0,0,0,0,0,0,0,0,0.002431775195893,0,0,0,0,0,0,0,0,0,0,0,0,0,0,0,0.000569313976658127,0,0,0,3.84551292733262e-05,0.0019036954087346,0,0,0.000556379821958457,0,0.000172801105927078,0,0,4.23599579789217e-06,0,0,0,0,0,0,0,0,0,0,0,0,0,0,1.6412007024339e-05,0,0,0.000209336403600586,0,0.00186433385917109,0,0,0,0,1.98027644659194e-05,0,0,0,0,0,0,0,0,0,0,0,0,0,0,0,0,0,0,0,0,0,0,0,0,0,0.985546400108064,0,0,0,0,0,0.000735835172921266,0,0,0,0,8.05996614814218e-05,0,0,0,0,0,0,0,0,0,0,0,7.32654406916258e-05,0,0,0,0,0,0,0,0,0,0,0.000239167696416471,0,0,0,0,0.000433041030637653,0,0,4.23070007509493e-05,0,0,0,0.00311306070468374,0,0,0,0,0,0,0,0,0.00589556428972487,1.01514597799164e-05,0,0,0,0,0,0,7.30300153363032e-05,0,0,0,0,0,0,0,0,0,0,0,0,0,0,0,0,0,0,0,0,0,0,0,0,0,0,0,0,0,0,0.000349040139616056,7.00471417263819e-06,0,0,0,4.04406412268073e-05,0,0,0,0,0.000496031746031746,0,0.00856102003642987,0,0,0,0,0,0,0,0,0,0,0,0,0,0,0,8.37233445801693e-06,0,0,0,0,0,0,0,0.00381898033225129,0,0,2.4485752271278e-07,0,0,1.42188248709997e-06,0,0,0,0,0,0,0,0,0,0,0,0,0,0,0,0,0,4.93559054340852e-05,0,0,0,0,0,0,0,0,0,0,0,0,0,0,0,0,0,0,0,0,0,0,0,0,0,0,0,0,0,0.00027351406969399,0,0,0,0,0,0,0,0,0,0,0,0,0,0,0,0,0,0,0,3.89574973703689e-05,0,0,0,0,0,0,0,0,0,0,0,0,0,0,7.94817788022096e-06,0,0,0.000103434009102193,0,0,0.000154041668271267,0,0.000534902380315592,0,0.000100190361687206,0,0,0.000136855070480361,0,0,0,0,0.00613849990408594,0,0,0,0,0,0,0,0,0,0,0,0,0,0,0,0.000173460537727667,0,0,0,0,0,0,0.000129567245400363,0,0,0.000123152709359606,0,0,0,0,0,3.09386795371574e-05,0,8.8073135932078e-06,0,0,0,4.66113545259625e-05,0,0.000242072137496974,0.000175870559268378,0,0,0,0,0,0,0,7.30780473545747e-05,4.37171847881684e-06,9.30232558139535e-05,0,0,0,0,0,0,0,0,0,0,0,0,0,0,0,0,0,0,0,0,0,0,0,0,0,0,0,0,0,0,3.87116754413131e-05,0,0,0,0,0,0,0,0,8.76501007976159e-05,0,0,0,0,0,0.000228258388495777,0,0.000296794618124258,0,0,0,0,0,0.0027114967462039,0,0,0,0.000204708290685773,0,0,0,0,0,0,0.000116049669258443,0,2.27128191151086e-05,0,0,0.000375328412360816,0,0,0,0,0,0,0,5.83294447036864e-05,0,0.00078976465013426,0,0,0,0,0,0.000376222723852521,0,0,0,0,0,0,0,0,0,9.12075884713608e-05,0,0,0.000220555800617556,0,0,0,0,0,2.89368597719775e-05,2.3191094619666e-05,0,0,0,0,0,0,0,0,0,0,0,0,0,0,0,0,0.0150578538595657,0,0,0,0,0,0,0,0,0,0,0,0,0,0,0,0,0,0,0,0,0,0,0,0,0,0,0,0,0,0,0,0,0,0,0,0,1.4719346225518e-06,0,0,0,0,0,0,0,0,9.20047842487809e-05,0,0,0,0,0,0,0,0.00015008254539997,0,0,0,0,0,0,0,0.000659848234905972,0,0,0,0,0,0,0,0.000224014336917563,0,2.25275963054742e-05,0,7.93704337197351e-06,0,0,0,0,0,0,0,0,0.000571363272768826,0,0,0,0,0.000141940164335168,0,0,0,0,0,0,0,0,0,0,9.5831336847149e-08,0,2.70758122743682e-07,0
0,0,0,0,0,0,0,0,0,0,0,0,0,0,0,0,0,0,0,0,0,0,0,0,0,0,0,0,0,0,0,0,0,0,0,0,0,0,0,0,0,0,0,0,0,0,0,0,0,0,0,0,0,0,0,0,0,0,0,0,0,0.000141753490679708,0,0,0,0,0,0,0,0,0,0,0,0,0,0,0,0,0,0,0,0,0,0,0,0,0,0,0,0,0,0,0,0,0,0,0,0,0,0,0,0,0,0,0,0,0,0,0,0,0,0,0,0,0,0,0,0,0,0,0,0,0,0,0,0,0,0,0,0,0,0,0,0,0,0,0.973715651135006,0,0,0,0,0,0,0,0,0,0,0,0,0,0,0,0,0,0,0,3.05231670838166e-05,0,0,0,0,0,0,0,0,0,0,0,0,0,0,0,0,0,0,0,0,0,0,2.85160260066157e-05,0,0,0,0,0,0,0,0,0,0,0,0,0,0,0,0,0,0,0,0,0,0,0,0,0,0,0,0,0,0,0,0,0,0,0,0,0,0,0,0,0,0,0,0,0,0,0,0,0,0,0,0,0,0,0,0,0,0,0,0,0,0,0,0,0,0,0,0,0,0,0,0,0,0,0,0,0,4.18616722900846e-06,0,0,0,0,0,0,0,0,0,0,0,0,0,0,0,0,0,0,0,0,0,0,0,0,0,0,0,0,0,0,0,0,0,0,0,0,0,0,0,0,0,0,0,0,0,0,0,0,0,0,0,0,0,0,0,0,0,0,7.14183688044565e-05,0,0,0,0,0,0,0,0,0,0,0,0,0,0,0,0,0,0,0,0,0,0,0,0,0,0,0,0,0,0,0,0,0,0,0,0,0,0,0,0,0,0,0,0,0,0,0,0,0,0,0,0,0,0,0,0,0,0,0,0,0,0,0,0,0,0,0,0,0,0,0,0,0,0,0,0,0,0,0,0,0,0,0,0,0,0,0,0,0,0,0,0,0,0,0,0,0,0,0,0,0,0,0,0,0,4.37171847881684e-06,0,0,0,0,0,0,0,0,0,0,0,0,0,0,0,0,4.54256382302171e-05,0,0,0,0,0,0,0,0,0,0,0,0,0,0,0,0,0,0,0,0,0,0,0,0,0,0,0,0,0,0,0,0,0,0,0,0,0,0,0,0,0,0,0,0,0,0,0,0,0,0,0,0,0,0,0,0,0,0,0,0,0,0,0,0,0,0,0,0,0,0,0,0,0,0,0,0,0,0,0,0,0,0,0,0,0,0,0,0,0,0,0,0,0,0,0,0,0,0,0,0,0,0,0,0,0,0,0,0,0,0,0,0,0,0,0,0,0,0,0,0,0,0,0.000377500943752359,0,0,0,0,0,0,0,0,0,0,0,0,0,0,0,0,0,0,0,0,0,0,0,0,0,0,0,0,0,0,0,0,0,0,0,0,0,0,0,0,0,0,0,0,0,0,0,0,0,0,0,0,0,0,0,0,0,0,0,0,0,0,0,0,0,0,0,0,0,0,0,0,0.000419903422212891,0,0,0,0,0,0,0,0,0.000284445222414284,0,0,0,0
0,0,0,0,0,0,0,0,0,0,0,0,0,0,0,0,0,0,0,0,0,0,0,0,0,0,0,0,0,0,0,0,0,0,0,0,0,0,0,0,0,0,0,0,0,0,0,0,0,0,0,0,0,0,0,0,0,0,0,0,0,0,0,0,0,0,0.000228623685413809,0,0,0,0,0,0,0,0,0,0,0,0,0.000185459940652819,0,0,0,0,0,0,0,0,0,0,0,0,0,0,0,0,0,0,0,0,0,0,0,0,0,0,0,0,0.000670765790944662,0,0,0,0,0,0,0,0,0,0,0,0,0,0,0,0,0,0,0,0,0,0,0,0,0,0,0,0,0.96178575761252,0,0,0,0,0,0,0,0,0,0,0,0,0,0,0,0,0,0,0,0,0,0,0,0,0,0,0,0,0,0,0,0,0,0,0,0,0.000108260257659413,0,0,0,0,0,0,0,0,0,0,0,0,0,0,0,0,0,0,0,0,0,0,0,9.1287519170379e-05,0,0,0,0,0,0,0,0,0,0,0,0,0,0,0,0,0,0,0,0,0,0,0,0,0,0,0,0,0,0,0,0,0,0,0,0,0,0,0,0,0,0,0,0,0,0,0,0,0,0,8.19014234467395e-06,0,0,0,0,0,0,0,0,0,0,0,0,0,0,0,0,0,0,8.16191742375933e-08,0,0,0,0,0,0,0,0,0,0,0,0,0,0,0,0,0,9.89119683481701e-05,0,0,0,0,0,0,0,0,0,0,0,0,0,0,0,0,0,0,0,0,0,0,0,0,0,0,0,0,0,0,0,0,7.59761304705527e-05,0,0,0,0,0,0,0,0,0,0,0,0,0,0,0,0,0,0,0,0,0,0,0,0,0,0,0,0,0,0,0,0,0,0,0,0,0,0,0.000308713436752335,0,3.85104170678168e-05,0,5.01470981545868e-05,0,0,0,0,0,0,0,0,0,0,0,0,0,0,0,0,0,0,0,0,0,0,0,0,0,0,0,0,0,0,0,0,0,0,0,0,0,0,0,0,0,0,0,0,0,0,0,0,0,0,0,0,0,0,0,0,0,0,0,0,0.00144186046511628,0,0,0,0,0,0,0,0,0,0,0,0,0,0,0,0,0,0,0,0,0,0,0,0,0,0,0,0,0,0,1.2903891813771e-05,0,0,0,0,0,0,0,0,0,0,0,0,0,0,0.000684775165487332,0,0,0,0,0,0,0,0,0,0,0.000205296653664545,0,0,0,0,0,0,0,0,0,0,0,0,0,0,0,0,0,0,0,0,0,0,0,0,0,0,0,0,0,0,0,0,0,0,0,0,0,0,0,0,0,0,0,0,0,0,0.00169827342202095,0,0,0,0,0,0,0,0,0,0,0,0,0,0,0,0,0,0,0,0,0,0,0,0,0,0,0,0,0,0,0,0,0,0,0,0,0,0,0,0,2.84867821330902e-05,0,0,0,0,0,0,0,0,0,0,0,0,0,0,0,0,0,0,0,0,0.00062567036110118,0,0,0,0,0,0,0,0,0,0,0,0,0,0,0,0,0,0,0,0,0,0,0,0,0,0,0,0,0,0,0,0,0,0,0,0,0,0,0,0,0,0,0,0,0,0,0.00240384615384615,0,0,0,0,0,0,0,0,6.9477719214183e-06,0,0,0
0,0,0,4.33179843275533e-06,0,0.000138285809110269,1.43180731309903e-06,0,0,0,0,0,0,0,0,0,0,0,0,8.42722668397057e-06,4.22911662211997e-06,0,0,0,0,0,0,0,0,0,0,8.19571364176536e-05,0.000581066181948211,0,0,0,0,0,0,0,0,0,0,0,0,0,0,0,0,0,0,0,0,0,0,0,0,0,0,0,0,0,0,0,0,0,0,0,0,0,0,0,0,5.6910689807048e-05,0,0,0,0,0,0,0,0,0,0,3.38879663831373e-05,5.34283170080143e-05,1.58105266486427e-05,0,0,0,0,5.9130777569725e-05,4.76054460630296e-05,1.5381160539325e-05,9.67202174270488e-05,0,0,2.04294265459969e-05,0,8.2060035121695e-06,0,0,0,0,0,0,0,0,0,0,0,0,0,0,8.31089391975001e-06,0,0,1.73949345950459e-05,0.000659884879489341,0,0.000355871886120996,0,0,0,7.85916378497328e-05,0,0,0,0,0,0,0,2.96577495699626e-05,0,0,0,0,0,0.967384213959556,0,0,0,0,0,0,0,0,0,0,0,0,0,0,0,0,0,0,0,0,0,0,0.00342032864897018,0,0,3.82160736805901e-05,0,2.46889196128777e-05,0,0,0,0,0,0,2.12172326363472e-05,0,0,0,0,0,0,0,0,0,0,0,0,0,0,0,0,0,0,0,3.45227574016792e-06,0,1.92722787542399e-05,0,5.31575590048905e-05,5.47725115022274e-05,0,0,0,0,0,0,0,0,0,0,1.63942488974868e-05,0,1.71187441689278e-05,0,0,0,0,0,0,0,0,0,0,0,0,0,0,0,0,0,0,0,2.7680894646515e-05,0,0,0,0,0,0,0,0,0,0,0,2.39097169089518e-05,0,0,0,0,0,2.45704270340219e-05,0,0,0,0,0,0,0,0,0,5.50751776174478e-05,0,0,0,0,0,0,0,0,5.30524632544356e-06,0,0,9.9531774096998e-06,0,2.83136129019471e-06,0,0,0,0,2.74162889311303e-05,0,0,0,0,0,0,3.28412617612769e-05,0,0,0,0,0,7.1301247771836e-05,0,0,0,0,0,0.000244259892525647,0,3.18025696476275e-05,0,3.03665239440041e-05,0,0,0,0,0,0,0,0,0,0,0,4.80942647589275e-05,0,0,0,0,0,6.51223975461881e-06,0,0,0,0,5.58784085829236e-05,0,2.8048130592096e-05,2.14617605082145e-05,0.000397561622051418,0,0,0,0.000450529008254854,0.000108865261095185,0,0,6.6554854511088e-06,0,1.6548345992818e-05,0,0,1.39125982751161e-06,0,0,0,0,0,6.7192143687815e-05,0,0,0,0,0,0,0,0,0,0,0,0,0,0,0,0,0,0,0,0,0,0,0,0,0,0,0,3.42125970782442e-05,5.92880688690208e-06,2.25326723749437e-05,0,0,0,0,0,0,0,0,0,0,0,0,0,0,6.69030574697264e-05,0,0,0,3.75630746628714e-05,0,0,0,0,0,0,0,0,0,0,0,0,9.97108385681524e-05,0,3.57595811837852e-06,0,0,0,0,0,0,0,0,0,0,0,0,5.94078228221092e-06,0,1.7702812268757e-05,0,0,0,0,0,5.74914194056537e-06,0,0,0,0,0,0,4.54256382302171e-05,0,4.71253534401508e-05,0,0,0,0,0,0.000130531262237306,0,0,0,0,0,0,0,0,0,0,0,0,0,0,0,0,0,0,0,0,0,0,0,0,0,0,0,0,0,0,0,5.3984020729864e-05,0,0,0,0,0,0,3.00057010832058e-05,0.000256278831368529,0,0,0,0,0,0,0,0.000146933977666035,0,0,0,0,1.24820959935592e-05,0,0,0,0,0,0,1.82713174367335e-05,0,0,0,0,0,0,0,7.94827264164815e-06,2.24294705299187e-06,0.000247575820094904,9.99000999000999e-05,0,0,0,0,0,1.19342565674214e-05,0,5.23498540747818e-05,0,0,0,0,0,0,0,0,0,0,0,0,0,0,0,0,0,2.49421964597046e-06,0,0,0,0,0,0,0,0,0,0,0,0,0,0,4.61562249746718e-06,0,0,0,0,0,0,0,0,0,0,0,0,0,0,2.83350334353395e-05,0,0,0,0,0,0.000355745286374956,0,0,1.4719346225518e-06,0,0,0,0,0,0,0,0,0,0,0,8.21247310415058e-06,1.45013493505571e-06,0,2.19741583897337e-05,0,0,0,0,0,0,0,0,0,0,0,0,0,0,0,0,0,0,0,0,0,3.57166951738808e-05,0,0,1.91982798341269e-05,0,0,0,0,0,0,6.45994832041344e-05,0,0,0,0,0,0,0,0,0,0,0,0,0,0,1.91662673694298e-07,0,0,0
0,0,0,0,0,5.53143236441076e-05,0,0,0,0,0,0,0,0,0,0,0,0,0,0,0,0,0,0,0,0,0,0,0,0,0,0,0,0,0,0,0,0,0,0,0,0,0,0,0,0,0,0,0,0,0,0,0,0,0,0,0,0,0,0,0,0,0,0,0,0,0,0,0,0,0,0,0,0,0,0,0,0,0,0,0.000405022276225192,0,0,0,0,0,0,0,0,0,0,0,0,0,0,0,0,0,0,0,0,0,0,0,0,0,0,0,0,0,0,4.86393151584426e-05,0,0,4.155446959875e-06,0,0,0,0,0,0,0,0,0,0,0,0,0,0,0,0,0,0,0,0,0,0,0,0,0.992524716662648,0,0,0,0,0,0,0,0,0,0,0,0,0,0.000274097761534947,0,0,0,0,0,0,0,0,0,0,0,0,0,0,0,0,0,0,0,0,0,0,0,0,0,0,0,0,0,0,0,0,0,0,0,0,0,0,0,0,0,0,0,0,0,0,0,0,0,0,0,0,0,0,0,0,0,0,0,0,0,0,0,0,0,0,0,0,0,0,0,0,0,0,0,0,0,0,0,0,0,0,0,0,0,0,0,0,0,0,0,0,0,0,0,0,0,0,0,0,0,0,0,0,0.000772002058672156,0,0,0,0,0,7.45156482861401e-05,0,0,0,8.16191742375933e-08,0,0,0,0,0,0,0,0,0,0,0,0,0,0,0,0,8.21031544031922e-06,0,0,0,0,0,0,0,0,0,4.50927783915406e-05,0,0,0,0,0,0,0,0,0,0,0,0,0,0,0,0,0,0,0,0,0,0,0,0,0,0,0,0,0,0,0,0,0,0,0,0,0,0,0,0,0,0,0,0,0,0,0,0,0,0,0,0,0,0,0,0,0,0,0,0,0,0,0,0,0,0,0,0,0,0,0,0,0,0,0,0,0,0,0,0,0,0,0,0,0,0,0,0,0,0,0,0,0,0,0,0,0,0,0,0,0,0,0,0,0,0,0,0,0,0,0,0,0,0,0,0,0,0,0,0,0,0,0,0,0,0,0,0,0,0,0,0,0,0,0,0,0,0,0,0,0,0,0,0,0,0,0,0,0,0,0,0,0,0,0,0,0,0,0,0,0,0,0,0,0,0,0,0,0,0,0,0,0,0,0,0,0,0,0,0,0,0,0,0,0,0,0,0,0,0,0,0,0,0,0,0,0,0,0,0,0,0,0,0,0,0,0,0,0,0,0.000151469251741896,0,0,0,0,0,0,0,0,0,0,0,0,0,0,0,0,0,0,0,0,0,0,0,0,0,0,0,0,0,0,0,0,0,0,0,0,0,0,0,0,0,0,0,0,0,0,0,0,0,0,0,0,2.30781124873359e-06,0,0,0,0,0,0,0,0,0,0,0,0,0,0,0,0,0,0,0,0,0,0,0,0,0,0,0,0,0,0,0,0,0,0,0,0,0,0,0,0,0,0,0,0,0,0,0,0,0,0,0,0,0,0,0,0,0,0,0,0,0,0,0,1.91982798341269e-05,0,0,0,0,0,0,0,0,0,0,0,0,0,0,0,0,0,0,0,0,0,0,6.07533414337789e-07,0,0
0,0,0,0,0,0,0,0,0,0,0,0,0,0,0,0,0,0,0,0,0,0,0,0,0,0,0,0,0,0,0,0,0,0,0,0,0.000262766050626259,0,0,0,0,0,0,0,0,0,0,0,0,0,0,0,0,0,0,0,0,0,0.0202974899287264,0,0,0,0,0,0,0,0,6.55222120298781e-05,0,0,0,0,0,0,0,0,0,0,0,0,0,0,0,0,0,0,0,0,0,0,0,0,0,0,0,0,0,0,0,0.000352858151023289,0,0,0,0,0,0,0,0,0,1.98027644659194e-05,0,0,0,0,0,0,0,0,0,0,0,0,0,0,0,0,0,0,0,0,0,0,0,0,0,0,0,0,0,0,0.984180790960452,0,0,0,0,0,8.05996614814218e-05,0,0,0,0,0,0,0,0,0,0,0,0,0,0,0,0,0,0,0,0,0,0,0,0,0,0,0,0,0,0,0,0,0,0,0,0,0,0,0,0,0,0,0,0,0,0,0,0,0,0,0,3.65150076681516e-05,0,0,0,0.000442673749446658,0,0,0,0,0,0,0,0,0,0,0,0,0,0,0,0,0,0,0,0,0,0,0,0,0,0,0,0,0,0.000273897562311695,0,0,0,0,0,0,0,0,0,1.74895499938787e-05,0,0,0,0,0,0,8.19014234467395e-06,0,0,0,0,0,0,0,0,0,0,0,0,0,0,0,0,0,0,0,0,0,0,0,0,0,0,0,0,0,0,0,0,0,0,0,0,0,0,0,0,0,0,0,0,0,0,0,0,0,0,0,0,0,0.000171526586620926,0,0,0,0,0,0,0,0,0,0,0,0,0,0,0,2.17074658487294e-06,0,0,0,0,0,0,0,0,0,0,0,0,0,0,0,0,0,0,0,0,0,0,0,0,0,0,0,0,0,0,0,0,0,0,0,0,0,0.000827472072817542,0,0,0,0,0,0,0,0,0,0,0,0,0,0,0,0,0,0,0,0,0,0,0,0,0,0,0,0,0,0,0,0,0,0,0,0,0,0,0,0,0,0,0,0,0,0,0,0,0,0,0,0,0,0,0,0,0,0,0,0,0,0,0,0,0,0,0,0,0,0,0,0,0,0,0,0,0,0,0,0,0,0,0,0,0,0,9.48586605957124e-05,0,0,0,0,0,0,0,0,0,0,0,0,0,0,0,0,0,0,0,0,0,0,0,0,0,0,0,0,0,0,0,0,0,0,0,0,0,0,0,0,0,0,0.000256278831368529,0,0,0,0,0,0,0,0,0,0,0,0,0,0,0,0,0,0,0,0,0,0,0,0,0,0,0,0,0,0,0,0,0,0,0,0,0,0,0,0,0,0,0,0,0,0,0,0,0,0,0,0,0,0.000410581265763388,0,0,0,0.000227014755959137,0,0,0,0,0,0,0,0,0,0,0,0,0,0,0,0,0,0,0,0,0,0,0,0,0,0,8.7123192193762e-05,0,0,0,0,0,0,0,0,0,0,0,0,0,0,0,0,0,0,0,0,0,0,0,0,0,0,0,0,0,0,0,0,0,0,0,0.000329924117452986,0,0,0,0,0,0,0,0,0,0,0,3.96852168598675e-06,0,0,0,0,0,0,0,0,0,6.45994832041344e-05,0,0,0,0,0,0,0,0,0,0,0,0,0,0,0,0,0,0
0,0,0,0,0,0,0,0,0,0,0,0,0,0,0,0,0,0,0,0,0,0,0,0,0,0,0,0,0,0,0,0,0,0,0,0,0,0,0,0,0,0,0,0,0,0,0,0,0,0,0,0,0,0,0,0.000135098621994056,0,0,0,0,0,0,0,0,0,0,0,6.55222120298781e-05,0,0,0,0,0,0,0,1.28183764244421e-05,0,0,0,0,0,0,0,0,0,0,0,0,0,0,0,0,0,0,0,0,0,0,0,0,0,0,0,0,0,0,0,0,0,0,0,0,0,0,0,0,0,0,0,0,0,0,0,0,0,0,0,0,0,0,0,0,0,0,0,5.40321491287316e-05,0,0,0,0,0,0.963944076526858,0,0,0,0,0,0,0,0,0,0,0,0,0,0,0,0,0,0,0,0,0,0,0,0,0,0,0,0,0,0,0,0,0,0,0,0,0,0,0,0,0,0,0,0,0,0,0,0,0,0,0,0,0,0,0,0,0,0,0,0,0,0,0,0,0,0,0,0,0,0,0,0,0,0,0,0,0,0,0,0,0,0,0,0,0,0,0,0,0,0,0,0,3.23525129814458e-05,0,0,0,0,0.00297619047619048,0,0,0,0,0,0,0,0,0,0,0,0,0,0,0,0,0,0,0,0,0,0,0,0,0,0.00248233721596334,0,0,0,0,0,0,0,0,0,0,0,0,0,0,0,0,0,0,0,0,0,0,0,0,0,0,0,0,0,0,0,0,0,0,0,0,0,0,0,0,0,0,0,0,0,0,0,0,0,0,0,0,0,1.08537329243647e-05,0,0,0,0,0,0,0,0,0,0,0,0,0,0,0,0,0,0,0,0,0,0,0,0,0,0,0,0,0,0,0,0,0,0,0,0,0,0,0,0,3.85104170678168e-05,0,0,0,0,0,0,0,0,0,0,0,0.000191828122002686,0,0,0,0,0,0,0,0.000116822429906542,0,0,0,0,0,0,0,0,0,0,0,0,0,0,0,0,0,0.000246305418719212,0,0,0,0,0,0,0,0,0,0,0,0,0,0,0,0,0,0,0,0,0,0,0,0,0,0,0,0,0,0,0,0,0,0,0,0,0,0,0,0,0,0,0,0,0,0,0,0,0,0,0,0,0,0,0,0,0,0,0,0,0,0,0,0,0,0,0,0,0,0.000436871996505024,0,0,0,0.000623052959501558,0,0,0,0,0,0,0,0,0,0,0,0,0,0,0,0,0,0,0,0,0,0,0,0,0,0,0,0,0.0025664955669622,0,0,0,0,0,0,0,0,0,0,0,0,0,0,2.24294705299187e-06,0,0,0,0,0,0,0,0,0,0,0,1.44684298859888e-05,0,0,0,0,0,0,0,0,0,0,0,0,0,0,0,0,0,0.000158503724837534,0,0,0,0,0,0,0,0,0,0,0,0,0,0,0,0,0,0,0,0,0,0,0,0,0,0,0,0,0,0,0,0,0,0,0,0,0,0,0,0,0,0,0,0,0,0,0,0,0,0,0,0,0,7.5041272699985e-05,0,0,0,0,0,0,0,0,0,0,0,0,0,0,0,0,0,0,0,0,0,0,0,0,0,0,0.000388048117966628,0,0,0,0,0,0,0,0,0,0,0,0,0,0,0,0,0,0,0,0,0
0,0,0,4.33179843275533e-06,0,0,0,3.64721243553552e-06,0,0,0,0,0,0,0,0,0,0,0,0,0,0,0,0,0,0,0,0,0,0,0,0,7.44956643523347e-06,0,0,0,0,0,0,0,2.21695080586162e-05,0,0,0,0,0,0,0,0,0,0,0,0,0,0,0,0,0,0,0,0,0,0,0,0,0,0,0,0,0,0,0,0,2.47437781769774e-06,0,0,0,0.000172361787391735,0,0,0,0,0,0,0,1.78094390026714e-05,0,0,0,0,0,0,0,0,9.67202174270488e-06,0,0,0,0,0,0,0,0,0,0,0,0,0,0,0,0,0,0,0,0,0,0,3.47898691900918e-05,0,0,0,0,0,0,0,0,0,0,0,1.10133371512902e-05,0,0,0,0,0,0,0,0,0,0,0,0,0.993903104866596,0,0,0,0,0,0,0,6.69792364367046e-05,0,0,0,0,0,0,0,0,0,0,0,2.67476228050232e-05,0,0.00011464822104177,0,0,0,0,0,0,0,0,0,0,0,0,0,0,0,0,0,0,0,0,0,0,0,0,0,0,0,0,0,0,0,0,0,0,0,0,0,0,0,0,0,0,0,0,0,0,0,0,0,0,0,0.000396353547364249,0,0,0,0,0.00270061728395062,0,0,0,0,0,0,0,0,0,0,0,0,0,0,0,0,0,0,0.000110177661479135,0,0,0,6.8203519301596e-05,0,0,0,0,0,0,0,0,0,0,0,0,0,0,0,5.82055237041995e-05,0,5.30760207845697e-06,0,0,0,0,0,2.4485752271278e-07,0,0,1.13750598967998e-05,0,0,0,0,0,0,9.13876297704343e-06,0,0,0,0,0,0,0,0,0,0,0,0,0,0,0,0,0,0,0,0,0,0,0,0,0,9.86723092609444e-05,0,0,0,0,0,0,0,0,0,0,0,0,0,0,0,0,0,0,0,0,0,0,1.07308802541072e-05,0,0,0,0,0,3.62884203650615e-05,6.57591898467811e-05,0,0,0,0,0,0,0,0,0,0,0.000895443771398472,0,0,0.00295517977343622,0,0,0,0,0,0,0,0,0,0,0.000280079355817482,0,0,0,0,0,0,0,0,0,0,0,0,0,0,0,0,0,0,0,0,0,0,0,0,0,0,0,0,0,0,0,0,0,0,0,0,0,0,0,0,0,0,0,0,0,0,0,0,0,0,0,0,0,0,0,0,0,0,0,0,0,0,0,0,0,0,3.5405624537514e-06,0,0,0,0,0,0,0,0,0,0,0.000807464561277588,0,0,0,0,0,0,0,0,0,0,0,0,0,0,0,0,0,0,0,0,0,0,0,0,0,0,0,0,0,0,0,0,0,0,0,0,3.29189929421679e-05,0,0,0,0,0,0,0,0,0,0,0,0,0,0,0,0,0,0,0,0.00120490672860565,0,0,0,0,0,0,0,0,0,0,0,0,2.49154328682729e-06,0,0,0,0,0,0,0,0,0,0,0,0,0,0,0,0,2.38685131348428e-06,0,2.61749270373909e-05,0,0,0,0,0,0,0.0010533245556287,0,0,0,0,0,0,0,0,0,0,2.49421964597046e-06,0,0,0,0,0,0,0,0,0,0,0,0,0,0,0,0,0,0,0,0,0,0,0,0,0,0.00357097309016707,0,0,0,0,0,0,0,0,0,0,0,0,0,0,0,0,0,0,0,0,0,0,0,0,0,7.25067467527853e-07,0,0,0,0,0,0,0,0,0,0,0,0,0,0,0,0,0,0,0,0,0,0,0,0,0,0,0,0,0,0,0,0,0,0,0,0,0,0,0,0,0,0,0,0,0,0,0,0,2.34786775275515e-06,0,0,0
0,0,0,2.16589921637766e-05,0,5.53143236441076e-05,0,0,0,0,0,0,0,0,0,0,0,0,0,0,0,0.00012531328320802,0,0,0,0,0,0.000753565652109984,0,3.3559299281831e-05,0,0,0,0,0,0,0,0,0,0,0,2.32210723491211e-05,0,0,0,0,0,0,0,0,0,0,0,0,0,0,0,0,0,0,5.69174639854747e-06,0,0,0,0,0,0,0,0,0,0,0,0,0,0,0,0,4.30904468479338e-05,0,0,0,0,0,0,0,0,0,0,0,0,0,0,0,3.076232107865e-06,9.67202174270488e-06,0,0,0,0,0,0,0,0,0,0,0,0,0,0,0,0,0,0,0,1.385148986625e-06,0,0,0.00330503757305873,9.80027048746545e-06,0,0,0,0,0,0,0,0,0,0,1.10133371512902e-05,0,0,0,0,0,0,0,0,0,0,0,0,1.81996869653842e-05,0.976404976404976,0,0,0,0,0,0,0.00442062960482251,0,0,0,0,0,0,0,0,0,0,0,5.34952456100464e-05,0,0,0,0,0,0,0,0,0,0,0,0,0,0,0,0,0,0,0,0,0,0,0,0,0,0,0,0,0,0,6.90455148033584e-06,0,0,0,0,0,0,0,0,0,0,0,0,0.000292159686137023,0,0,0,0,8.55937208446388e-06,0,0,0,0,0,0,0,0,0,0,0,0,0,0,0,0,0,0,7.00471417263819e-06,6.92022366162874e-05,0,0,0,0,0,0,0,0,0.000110177661479135,0,1.74895499938787e-05,0,0,0,0,0,0,0,0,0,0,0,0,0,0,0,0,0,0,0,0,0,0,0,0,0,7.34572568138339e-07,0,0,1.42188248709997e-06,0,0,0,0,6.65690320862735e-05,0,3.65550519081737e-05,0,0,0,0,0,0,0,0,0,0,0,0,3.5650623885918e-05,0,0,0,0,0,0,0,0,0,0,0,0,0,0,0,0,0,0,0,0,0,1.20235661897319e-05,0,0,0,0,0.000366748166259169,0,0,0,0,0,0,0,0,0.000751161617787507,0,0,0,0,0,0,6.57591898467811e-05,0,0,0,8.27417299640901e-06,0,0,0,0,0.000176928520877565,0,0,0,5.16862643752423e-06,0,0,0,0,0,0,0,0,0,0,0,0,0,0,0,0,0,0,0,0,0,0,0,0,0,0,0,0,0,0,0.000385115293891109,0,0,0,0,0,0,0,4.95123038074962e-05,0,0,0,1.05983848061555e-05,0,0,0,6.1012440436605e-06,0,8.34734992508254e-06,0,0,0,0,0,0,0,0,0,8.8073135932078e-06,0,0,1.66184730946921e-05,0,1.19198603945951e-06,0,0,0,0,0,0,0,0,0,0,0,0,0,0,2.47839371762598e-05,0,0,0,0,0,0,0,0,0,0,8.97182845863987e-05,0,0,0,0,0,0,0,0,0,0,0,0,0,0,0,0,0,0,0,0,0,0,0,0,0,0,0,0,0,0,0,0,0,0,0,0,0.000125092173180238,0,0,0,0,5.3984020729864e-05,0,0,0,0,0,0,0,0,0,0,0,0,0,0,1.45169485374174e-05,1.63259975184484e-05,2.43872698451408e-05,0,0,0,0,0,0,0,0,0,0,3.82036637313518e-05,0,0,0,0,0,0,0,0,0,0,0,0,0,0,0,0,4.77370262696856e-06,0,0,0,0,0,0,0,0,3.2916392363397e-05,0,0,0,0,4.51161741484322e-05,0,0,0,0,0,0,0,0,0,0,0,0,0,0,0,0,0,0,0,0,0,0,0,0,0,0,0,0,0,0,0,0.000127534753220253,0,0,0,0,0,0,0,0,0,0,0,0,1.4719346225518e-06,0,0,0,0,0,0,0,0,0,0,0.000207770621234157,0,1.45013493505571e-06,0,0,0,0,0,0,0,0,0,0,0,0,0,0,0,0,0,0,0,0,0,0,0,0,0,0,0,0,0,0,0,0,0,0,0,0,0,0,0,0,0,7.65081672468536e-06,0,0,0,0,0,0,3.35409678965022e-07,0,0,0
0,0,0,0,0,0,0,0,0,0,0,0,0,0,0,0,0,0,0,0,0,0,0,0,0,0,0,0,0,0,0,0,0,0,0,0,0.000525532101252518,0,0,0,0,0,0,0,0,0,0,0,0,0,0,0,0,0,0,0,0,0,0,0,0,0,0,0,0,0,0,6.55222120298781e-05,0,0,0,0,0,0,0,0,0,0,0,0,0,0,0,0,0,0,0,0,0,0,0,0,0,0,0,0,0,0,0,9.02660386338645e-05,0,0,0,0,0,0,0,0,0,0.000396055289318389,0,0,0,0,0,0,0.000158856235107228,0,0,0,0,0,0,0,0,0,0,0,0,0,0,0,0,0,5.17712229657145e-05,0,0,0,0,0,0,0,0,0,0.978039080062251,0,0,0,0,0,0,0,0,0,0,0,0,0,0,0,0,0,0,0,0,0,0,0,0,0,0,0,0,0,0,0,0,0,0,0,0,0,0,0,0,0,0,0,0,0,0,0,0,0,0,0,0,0,0,0,0,0,0,0,0,0,0,0,0,0,0,0,0,0,0,0,0,0,0,0,0,0,0,0,0,0,0,0,0,0,0,0,0,0,0,0,0,0,0,0,0,0,0.000314811899889816,0,0,0,0,0,0,0,0,0,0,0,0,0,0,0,0,0,0,0.00429645542427497,0,0,0,0,0,0,8.16191742375933e-08,0,0,1.42188248709997e-06,0,0,0,0,0,0,0,0,0,0,0,0,0,0,0,0,0,0,0,0,0,0,0,0,0,0,0,0,0,0,0,0,0,0,0,0,0,0,0,0,0,2.40471323794638e-05,0,0,0,0,0,4.34149316974587e-06,0,0,0,0,0,0,0,0,0,0,0,0,4.84439793822424e-06,0,0,0,0,0,0,0,0,0,0,0,0,0,0,0,0,0,0,0,0,0,0,0,0,0.000413736036408771,0,0,3.85104170678168e-05,0,0,0,0,0,0.000172205958326158,0,0,0,0,0,0,0,0,0,0,0,0,0,0,0,0,0,0,0,0,0,0,0,0,0,0,0,0,0,0,0,0,0,0,0,0,0,0,0,0,0,0,0,0,0,0,0,0,0,0,0,0,0,0,2.43593491181916e-05,0,0,0,0,0,0,0,0,0,0,0,0,0,0,0,0,0,0,0,0,0,0,0,0,0,0,0,0,0,0,0,0,0,0,0,0,0,0,0,0,0,0,0,0,0,0,0,0,0,0,0,0,0,0,0,0,0,0,0,0,0,0,0,0,0,0.000128139415684264,0,0,0,0,0,0,0,0,0,0,0,0,0,0,0,0,0,0,0,0,0,0,0,0,0,0,0,0,0,0,0,0,0,0,0,0,0,0,0,0,1.44684298859888e-05,0.000139146567717996,0,0,0,0,0,0,0,0,0,0,0,0.000175963399612881,0,0,0,0.00170261066969353,0,0,0,0,0,0,0,0,0,0,0,0,0,0,0,0,0,0,0,0,0,0,2.84867821330902e-05,0,0,0,0,0,0,0,0,0,0,0,0,0,0,0,0,0,0,0,0,0,0,0,0,0,0,0,0,0,1.09870791948668e-05,0,0,0,0,0,0,0,0,0,0,0,0,0,0,0,0,0,0,0,0,0,3.96852168598675e-06,0,0,0,0,0,0,0,0,0,0.0022609819121447,0,0,0,0,0,0,0,0,0,0,0,0,0,0,0,0,0,0
0,0,0,0,0,0,0,0,0,0,0,0,0,0,0,0,0,0,0,0,0,0,0,0,0,0,0,0,0,0,0,0,0,0,0,0,0,0,0,0,0,0,0,0,0,0,0,6.73241996835763e-05,0,0,0,0,0,0,0,0,0,0,0,0,0,0,0,0,0,0,0,0,0,0,0,0,0,0,0,0,0,0,0,0,0,0,0,0,0,0,0,0,0,0,0,0,0,0,0,0,0,0,0,0,0,0,0,0,0,0,0,0,0,0,0,0,0,2.4515812699191e-05,0,0,0,0,0,0.000185082361650935,0,0,0,0,0,0,0,0,0,0,0,0,0,0,0,0,0,0,0,0,0,0,0,0,0,0.980111376292761,0,0,0,0,0,0,0,0,0,0,0,0,0,0,0,0,0,0,0,0,0,0,0,0,4.77258626449673e-05,0,0,0,0,0,0,0,0,0,0,0,0,0,0,0,0,0,0,0,0,0,0,0,0,0,0,0,0,0,0,0,0,0,0,0,0,0,0,0,0,0,0,0,0,0,0,0,0,0,0,0,0,0,0,0,0,0,0,0,0,0,0,0,0,0,0,0,0,0,0,0,0,0,0,0,0,0,0,0,0,0,0,0,0.00329421453572164,0,0,0,0,0,0,0,0,0,0,0,0,0,0,0,0,0,9.57982871266262e-06,0,0,0,0,0,0,0,0,0,0,0,0,0,0,0,0,0.00123389763585213,0.000120409391932571,0,0,0,0,0,0,0,0,0,0,0,0,0,0,0,0,0,0.00222858962113976,0,0.000188957333434111,0,0,0,0,0,0,0,0,0,2.5306205081486e-05,0,0,0,0,0,0,0,0,0,0,0,0,0,0,0,0,0,0,0,0,0,0,0,0,0,0,0,0,0,0,0,0,0,0,0,0,0,0,0,0,0,0,0,0,0,0,0,0,0,0,0.000245128079421498,0,0,0,0,0,0,0,0,0,0,0,0,0,0,0,0,0,2.26244343891403e-05,0,0,0,0,0,0,0,0,0,0,0,0,0,0,0,0,8.8073135932078e-06,0,0,0,0,0,0,0,0,0.000108983906709776,0,0,0,0,0,0,0.00017924045763149,0,0,0,0,0,0,0,0,0,0,0,0,0,0,0,0,0,0,0,0,0,0,0,0,0,0,0,0,0,0,0,0,0,0,0,0,0,0,0,0,0,0,0,0.00145808019441069,0,0,0,0,0,0,0,0,0,0,0,0,0,0,0,0,0,0,0,0,0,0,0,0,0,0,0,0,0,0,0,0,0,0,0,0,0,0,0,0,0,0,0,0,5.47675119119338e-05,0,0,0,0,0,0,0,9.12075884713608e-05,0,0,0,0,0,0,0,0,0,0,0,0,0,0,0,0,0,0,0,0,0,0,0,0,0,0,0,0,0,0,0,0,0,0,0,0,0,0,0,0,0,0,0,0,0,0,0,0,0,0,0,0,0,0,0,0,0,0,0,0,0,0,0,0,0,0,0,0,0,0,0,0,0,0,0,0,0,0,0,0,0,0,0,0,0,0,0,0,0,0,9.57946163425616e-05,0,0,0,0,0,0,0,0,0,0,0,0,0,0,0,0,0,0,0,0,0,0,0,0,0,0,0,0,0,0,0,0,0,0,0,0,5.41516245487365e-07,0
0,0,0,0,0,0,0,0,0,0,0,0,0,0,0,0,0,0,0,0,0,0,0,0,0,0,0,0,0,0,0,0,0,0,0,0,8.75886835420864e-05,0,0,0,0,0,0,0,0,0,0,0,0,0,0,0,0,0,0,0,0,0,0.000309885342423303,0,0,0,0,0,0,0,0.000114311842706904,0,0,0,0,0,0,0,0,0,0,0,0,0,0,0,0,0,0,0,0,0,0,0,0,0,0,0,0,0,0,0,0,0.000459536196681492,0,0,0,0,0,0,0,0,0,0,0,0,0,0,0,0,0,0,0,0,0,0,0,0,0,0,0,0,0,0,0,0,0,0,0,2.70160745643658e-05,0,0,0,0,0,0,0,0,0,0,0.983960667365197,0,0,0,0,0,0,0,0,0,0,0,0,0,0,0,0,0,0,0,0,7.24165399377218e-05,0,0,0,0,0,0,0.000108260257659413,0,0,0,0,0,0,0,0,0,0,0,0,0,0,0,0,0,0,0,0,0,0,0,0.000237347549842985,0,0,5.26094276094276e-05,0,0,0,0,0,0,0,0,0,0,0,0,0,0,0,0,0,0,0,0,0,0,0,0,0,0,0,0,0,0,0,0,0,0,0,0,0,0,0,0,1.74895499938787e-05,0,0,0,0,0,0,3.27605693786958e-05,0,0,0,0,0,0,0,0,0,0,0,0,0,0,0,0,0,0,0,0,0,1.42188248709997e-06,0,0,0,0,0,0,0,0,0,0,0,0,0,0,0.00207715133531157,0,0,0,0,0,0,0,0,0,0,0,0,0,0,0,0,0.00120068610634648,0,0,0,0,0,0,0,0,0,0,0,0,0,0,0,3.03904521882211e-05,0,0,0,0,0,0,0,0,0,0,0,0,0,0,0,0,0,0,0,0,0,0,0,0,0,0,0,0,0,0,0,0,0,0,0,0,0,0.000206868018204386,0,0,0,0,3.34313987697245e-05,0,0,0,0,0,0,0,0,0,0,0,0,0,0,0,0,0,0,0,0,0,0,0,0,0,0,0,0,0,0,0,0,0,0,0,0,0,0,0,0,0,0,0,0,0,0,0,0.000279668127155775,0,0.000322762849995965,0,0,0,0,0,0,0.000407830342577488,0,2.43593491181916e-05,0,0,0,0,0,0,0,0,0,0,0,0,0,0,0,0,0,0,0,0,0,0,0.000189717321191425,0,0,0,0,0,0,0,0,0,1.2903891813771e-05,0,0,0,0,0,0,0,0,0,0,0,0,0,0,0,0,0,0,0,0,0,0,0,0,0,0,0,0,0,0,0,0,0.00486929779600205,0,0,0,0,0,0.000125109470786939,0,0,0,1.10308311731289e-05,0,0,0,0,0,0,0,0,0,0,0,0,0,0,0,0,0,0,0,0,0,0,0,0,0,0,0,0,0,0,0,0,0,0,0,0,0,0,0,0,0,0,0,0.000175963399612881,0,0,0,0,0,0,0,0,0,0,0,0,0,0,0,0,0,0,0,0,0,0,0,0,0,0,0,0,0,0,0,0,0,0,0,0,0,0,0,0,0,0,0,0,0,0,0,0,0,0,0,0,0,0,0,0,0,0,0,0,0,0,0,0,0,0,0.000329924117452986,0,0,0,0,0,0,0,0,0,0,0,0,0,0,0,0,0,0,0,0,0,0,0,0,0,0,0,0,0,0,0,0,0,0,0,0,0,0,0,0
0,0,0,0,0,0,0,0,0,0,0,0,0,0,0,0,0,0,0,0,0,0,0,0,0,0,0,0,0,0,0,0,0,0,0,0,0,0,0,0,0,0,0,0,0,0.000354484225451967,0,0,0,0,0,0,0,0,0,0,0,0,0,0,0,0,0,0,0,0,0,0,0,0,0,0,0.000473484848484848,0,0,0,0,0,0,0,0,0,0,0,0,0,0,0,0,0,0,0,0,0,0,0,0,0,0,0,0,0,0,0,0,0,0,0,0,0,0.000476644423260248,0,6.33834062242505e-05,0,0,0,0,0,0,0,0,0,0,0.000647249190938511,0,0,0,0,0,0,0,0,0,0,0,0,0,0,0,0,0,0,0,0,0,0,0,0.958305312710155,0,0,0,0,0,0,0,0,0,0,0,0,0,0,0,0,0,0,0,0,0,0,0,0,0,0,0,0,0,1.05767501877373e-05,0,0,0,0,0,0,0,0,0,0,0,0,0,0,0,0,0,0,0,0,0,0,0.00032916392363397,0,0,0,0,0,0,0,0,0,0,0,0,0,0,0,0,0,0,0,0,0,0,0,0,0,0,0,0,0,0,0,0,0,0,0,0,0.00023755790473928,0,0,0,0,0,0,0,0.000472813238770686,0,0,0,0,0,0,0,0,0,0,0,0,0,0,0,0,0,0,0,0,0,0,0,0,0,0,0,0,0,0,0,0,0,0,0,0,0,0,0,0,0,0,0,0,0,0,0,0,0.00109769484083425,0,0,0,0,0,0,0,0,0,0,0,0,0,0,0,0,0,0,0,0,0,0,0,0,2.17074658487294e-06,0,0,0,0,0,0,0,0,0,0,0,0,0,0,0,0,0,0,0,0,0,0,0,0,0,0,0,0,0,0,0,0,0,0,0,0,0,0,0,0,0,0.000252334090335604,1.67156993848623e-05,0,0,0,0.00172205958326158,0,0,0,0,0,0,0,0,0,0,0,0,0,0,0,0,0,0,0,0,0,0,0,0,0,0,0,0,0,0,0,0,0,0,0,0,0,0.000495018872594518,0,0,2.03636956034781e-05,0,0,0,0,0,0,0,0,0,0,0,0,0,0,0,0,0,0,0,0,0,0,0,0,0,0,0,0,0,0,0,0,0,0,0,0,0,0,0,0,0,0,0,0,0,0,0,0,0,0,0,0,0,0,0,0,0,0,0,0,0,0,0,0,0,0,0,0,0,0,0,0,0,0,0,0,0,0,0,0,0,0,0,0,0,0,0,0,0,0,0,0,0,0,0,0,0,0,0,0,0,0,0,0,0,0,0,0,0,0,0,0,0,0,0,0,0,0,0,0,1.44684298859888e-05,0,0,0,0,0,0,0,0,0,0,0,0,0,0,0,0,0,0,0,0,0,0,0,0,0.00318979266347687,0,0,0,0,0,0,0,0,0,0,0,0,0,0,0,0,0,0,0,0,0,0,0,0,0,0,0,0,0.00120096076861489,0,0,0,0,0,0,0,0,0,0,0,0,0,0,0,0,0,0,0,0,0,0,0,0,0,0,0,0,0,0,0,0,0,0,0,0,0.000952986022871665,0,0,0,0,0,0,0,0,0,0,0,0,0.000107723796186578,0,0,0,0,0,0,0,0,0,0,0,0,0,0,0,0
0,0,0,4.33179843275533e-06,0.00182791487139313,0,2.86361462619806e-06,0,0,0,0,0,0,0,0,0,0,0,0,8.42722668397057e-06,0,0,0,0,0,0,0,0,1.1132882080513e-05,0,0,0,0,0,0,0,0,0,0,0,0,0,0,0,0,0,0,0,0,0,0,0,0,0,0,0,0,0,0,0,0,0,0,0,0,0,0,0,0,0,0,0,0,0,0,0,0,0,0,0,0,0,0,0,0,0,1.58105266486427e-05,0,0,0,0,0,0,0,0,0,0,0,0,0,0,0,0,0,0,0,0,0,0,0,0,0,0,0,1.385148986625e-06,4.10273241979158e-05,0,1.73949345950459e-05,0,0,0,0,0,0,0,0,0,0,0,1.10133371512902e-05,0,0,0,0,0,0,0,0,0,0,0,0,0,0,0,0,0,0,0.989526778521139,0,0,0,0,0,0,0,0,0,0,0,0,0,1.33738114025116e-05,0,0,0,0,0,0,0,0,6.31911532385466e-05,0,1.06086163181736e-05,0,0,0,0,0,0,0,0,0,0,0,0.000967019543973941,0,0,0,0,0,0,7.30657664964234e-06,6.90455148033584e-06,0,0,0,0.000372102913034233,0,0,0,0,0,0,0,0,0,0,0,0,0,0,0,0,0,0,0,0,0,0,0,0,0,0,0,0.000941017719541209,0,0,0,0,0,0,0,0,0,0,0,0,0,0,0,0,0,0,0,0,0,0,0,0,0,0,0,0,0,0,0,0,0,0,0,0,0,0,7.45156482861401e-05,0,0,0,9.79430090851119e-07,0,0,0,0,0,0,0,0,0,0,0,0,0,0,0,0,0,0,0,0,0,0,0,0,0,0,0,0,0,0,0.000159012848238138,0,0,0,0,0,0,0,0,0,0,0,0.000516328901510262,0,0,0,0,0,0,0,0,0,0,0,0,0,0,0,0,0,0,0,0,0,0,0,0,0,0,0,0,0,0,4.0126800690181e-06,0,0,0,0,5.16862643752423e-06,0,0,0,0,0,0,0,0,0,0,0,0,0,0,0,0,0,0,0,0,0,0,0,0,0,0,0,0,0,0,0,0,0,0,0,0,0,0,0,0,0,0,0,0,0,0,0,0,0,0,0,0,0,0,0,0,0,0,0,0,0,0,0,0,0,0,0,0,0,0,0,0,0,0,0,0,0,0,3.5405624537514e-06,0,8.95575855274942e-05,0,0,0,5.74914194056537e-06,1.96432780702444e-05,0,0,0,0,0,0,0,0,0,0,0,0,0,0,0,0,0,0,0,0,0,0,0,0,0,0,0,0,0,0,0,0.000404469386723292,0,0,0,0,0,0,0,0,0,0,0,0,0,0,0,0,0,0,0,0,0,0,0,0,0,0,0,0,0,0,0,0,0,0,0,0,0,0,0,0,0,8.30514428942431e-07,0,0,0,0,2.73374922771584e-06,0,0,0,0,0,0,0,0,0,0,0,0,4.47147200858523e-05,0,0,0,0,0,0,0,0,0,0,0,0,0,0,0,0,0,0,0,0,0,5.68685880666955e-06,0,0,0,0,0,0,0,0,0,0,0,4.61562249746718e-06,0,0,0,0,0,0,0,0,0,0,0,0,0,0,0,0,0,0,2.35913599003501e-06,0,0,0,0,2.94386924510361e-06,0,0,0,0,0,0,0,0,0,0,0,0,0,0,1.09870791948668e-05,0,0,0,0,0,0,0,0,0,0,0,0,0,0,0,0,0,0,0,0,0,0,0,0,0,0,1.98008039126389e-05,9.72226723271867e-05,0,0.00363819545505429,0,0,0,0,0,0,0,0,0,7.65081672468536e-06,0,0,0,0,7.7930174563591e-05,0,4.79156684235745e-08,0,0,0
0,0,0,0,0,2.76571618220538e-05,0,0,0,0,0,0,0,0,0,0,0,0,0,0,0,0,0,0,0,0,0,0,0,0,0,0,0,0,0,0,0,0,0,0,0,0,0,0,0,0,0,0,0,0,0,0,0,0,0,0,0,0,0,0,0,0,0,0,0,0,0,0,0,0,0,0,0,0,0,0,0,0,0,0,0,0,0,0,0,0,0,0,0,0,0,0,0,0,0,0,0,0,0,0,0,0,0,0,0,0,0,0,0,0,0,0,0,0,0,0,0,0,0,0,0,0,0,0,0,0,0,0,0,0,0,0,0,0,0,0,0,0,0,0,0,0,0,0,0,0,0,0,0,0.97576181320282,0,0,0,0,0,0,0,0,0,0,0,0,0,0,0,0,0,0,0,0,0,0,0,0,0,0,0,0,0,0,0,0,0,0,0,0,0,0,0,0,0,0,0,0,0,0,0,0,0,0,0,0,0,0,0,0.000268716074595582,0,0,0,0,0,0,0,0,0,0,0,0,0,0,0,0,0,0,0,0,0,0,0,0,0,0,0,0,0,0,0,0,0,0,0,0,0,0,0,0,0,0,0,0,0,0,0,0,0,0,0,0,0,0,0,0,7.69602301376261e-05,0,0,0,0,0,0,0,0,1.42188248709997e-06,0,0,0,0,0,0,0,0,0,0,0,0,0,0,0,0,0,0,0,0,0,0,0,0,0,0,0,0,0,0,0,0,0,0,0,0,0,0,0,0,0,0,0,0,0,0,0,2.17074658487294e-06,0,0,0,0,0,0,2.8048130592096e-05,0,0,0,0,0,0,0,0,0,0.000139765194473285,0,0,0,0,0,0,0,0,0,0,0,0,0,0,0,0,0,0,0,0,0,0,0,0,0,0,0,0,0,0,0,0,0,0,0,0,0,0,0,0,0,0,0,0,0,6.8260783497273e-06,0,0,0,0,0,0,0,1.05983848061555e-05,0,0,0,0,0,0,0,0,0,0,0,0,0,0,0,0,0,0.00334638765489829,0,0,0,0,0,0,0,0,8.98553329140084e-05,0,0,0,0,0,0,0,0,0,0,0,0,0,0.000146670577882077,0,0,0,0,0,0,0,0,0,0,0,0,0,0,0,0,0,0.000154942671211652,0,0.00038753252505121,0,0,0,0,0,0,0,0,0,0,0,0,0,0,0,0,0,0,0,0,0,0.00113079532604599,0,0,0,0,0,0,0,0,0,0,0.00102812346049221,0,0,0,0,0.000243170949177272,0,0,0,0,0,0,0,1.10308311731289e-05,0,0,0,0,0,0,0,0,0,0,0,0,0,0,0,0,0,0,0,0,0,0,0,0,0,0,0,0.000178858880343409,0,0,0,0,0,0,3.66099212886692e-05,0,0,0,0,0,0,0,0,0,0,0,0,0,0,0,0,0,0,0,0,0,0,0,0,0,0,0,0,0,0,0,0,0,0,0,0,0,0,0,0,0,0,7.32529179078967e-05,0,0,0,0,0,0,0,0,0,0,0,0,0,0,0,0,0,0,0,0,0,0,1.09870791948668e-05,0,0,0,0,0,0,0,0,0,0,0,0,0,0,0,0,0,0,0,0,0,7.93704337197351e-06,0,0,0,0,0,0,0,0,0,0,0,0,0,0,0,0,0,0,0,0,0,0,0,2.18804017241757e-05,0,0,0,0
0,0,0,1.2995395298266e-05,0,0,0,3.64721243553552e-06,0,0,0,0,0,0,0,0,0,0,0,1.68544533679411e-05,0,0.00012531328320802,0,0,0,0,0,0.00308778120864579,0,0,0,0,0,0,0,0,0,0,0,0,0,1.54807148994141e-05,0,0,0,0,0,0,0,0,0,0,0,0,0,0,0,0,0,0,0,0,0,0,0.000106923282544774,0,0,0,0,0,0,0,0,7.42313345309322e-06,0,0,0,0,0,0,0,0,0,0,4.23599579789217e-06,0,0,0,0,0,0,4.92756479747709e-05,0,0,0,0,0,2.04294265459969e-05,3.17536929544906e-06,0,0,0,0,0,0,1.43423666339183e-05,0,0,0,0,0,0,0,0,1.385148986625e-06,0,0,0.00269621486223212,2.61340546332412e-05,0,0,0,0,0,0,0,0,0,0,0,0,0,0,0,0,0,0,0,0,0,0,0,0,0.00248820248820249,0,0,0,0,0,0,0.95914266577361,0,0,0,0,0,0,0,0,0,0,3.71774853148933e-05,0.000133738114025116,0,0,0,0,0,0,0,0,0,0,0,0,0,0,0,0,0,0,0,0,0,0,0,0,0,2.54039223656132e-05,0,0,0,0,0,0,0,0,0,0,0,0,0,0,0,0,0,0.000146079843068511,0.000150647785477553,0,0,0,0,0,0,0,0,0,0,0,0.000286286859433152,0,0,0,0,0,0,0,0,0,0,7.00471417263819e-06,0.000415213419697725,0,0,0,0,0,0,0,0,2.75444153697838e-05,0,0,0,0,0,0,0,0,0,0,0,0,0,0,0,0,0,0,0,0,0,0,0,0,0,0,0,5.71334219663153e-07,0,0,1.42188248709997e-06,0,0,0,0,6.65690320862735e-05,0,0.000109665155724521,0,0,0,0,0,0,0,0,0,0,0,0,0.000106951871657754,0,0,0,0,0,0,0,0,0,0,0,0,1.09635899178827e-05,0,0,0,0,0,0,0,0,0,0,0,0,0,0,0,0,0,0,0,0,0,0,0.000279002886606788,0,0,1.79314302108736e-05,0,4.84439793822424e-06,0,0,0,0,0,8.27417299640901e-06,0,0,0,0,0.000265392781316348,0,0,0,1.03372528750485e-05,8.20883270398949e-05,0,0,0,0,0,0,0,0,0,0,0,0,0,0,0,0,0,0,0,2.37665177298222e-05,0,0,0,0,0,0,6.84251941564884e-05,1.77864206607062e-05,0,0.000144418235209166,0,0,0,0,0,0,0,0,0,0,0,0,0,0,0,0,0,1.25210248876238e-05,0,0,0,0,0,8.00403403315271e-06,0,0,0,0,0,0,0,0,1.19198603945951e-06,0,0,0,0,0,0,0,0,0,0,0,0,0,0,1.7702812268757e-05,0,0,0,0,0,1.14982838811307e-05,0,0,0,0,0,0,0,0,0,0,0,0,0,0,0,0,0,0,0,0,0,0,0,0,0,0,0,0,0,0,0,0,5.05586733404116e-05,0,0,0,0,0,0,0,0,0.000105340777414937,0,0,0,0,0,0,0,0,0,0,0,0,0,0,0,0,0,0,0,0,0,0,0,0,0,0,0,0,0,0,0,0,5.06613801654883e-05,0,0,0,0,2.73374922771584e-06,0,0,7.94827264164815e-06,0,0,0,0,0,0,0,0,7.16055394045283e-06,0,1.30874635186954e-05,0,0,0,0,0,0,0,0,0,0,0,2.25580870742161e-05,0,0,0,0,0,2.49421964597046e-06,0,0,0,0,0,0,0,0,0,0.000248818113958696,0,0,0,0,0,0,1.67302415846885e-05,0,0,0,0,0,0,0,0,0,0,0,0,0,0,0,0,0,0,0,0,0,0,0,0,0,0,0,0,0,0,0,0,6.92568737447192e-05,0,7.25067467527853e-07,0,0,0,0,0,0,0,0,0,0,0,0,0,0,0,0,0,0,0,0,0,0,0,3.96852168598675e-06,0,0,0,0,0,0,0,0,0,0,0,0,0,0,0,0,0,0,0,0,0,0,0,0,1.91662673694298e-07,0,0,0
0,0,0,0,0,0,0,0,0,0,0,0,0,0,0,0,0,0,0,0,0,0,0,0,0,0,0,0,0,0,0,0,0,0,0,0,0,0,0,0,0,0,0,0,0,0,0,0,0.000110204981265153,0.00182353766306635,0,0,0,0,0,0,0,0,0,0,0,0,0,0,0,0,0,0,0,0,0,0,0,2.47437781769774e-06,0,0,0,0,0,0,0,0,0,0,0,0,0,0,0,0,0,0,0,0,0,0,0,0.000429017957465934,0,0,0,0,0,0,0,0,0,0,0,0,0,0,0,0,0,0,0,0,0,0,0,0,0,0,0,0,0,0,0,0,0,0,0,0,0,0,0,0,0,0,0,0,0,0,0,0,0,0,0,0,0,0.961092961092961,0,0,0,0,0,0,0,0,0,0,0,0,0,0,0,0,0,0,0,0,0,0,0,0,0,0,0,0,0,0,0,0,0,0,0,0,0,0,0,0,0,0,0,0,0,0,0,0,0,0,0,0,0,0,0,0,0,3.27884977949735e-05,0,0,0,0,0,0,0,0,0,0,0,0,0,0,0,0,0,0,0,0,0,0,0,0,0,0,0,0,0,0,0,0,0,0,0,0,0,0,0,0,0,0,0,0,0,0.000115366866635902,0,0,0,0,0,0,0,0,0,0,0,0,0,0,0,0,0,0,0,0,0,0,0,0,0,0,0,0,0,0,0,0,0,0,0,0,0,0,0,0,0,0,0,0,0,0,0,0,0,0,0,0,0,0,0,0,0,0,0,0,0,0,0,0,0,0,0,0,5.58784085829236e-05,0,0,0,0,0,0,0,0,0,0,0,0,0,8.27417299640901e-06,0,0,0,0,0,0,0,0,0,0,0,0,0,0,0,0,0,0,0,0,0,0,0,0,0,0,0,0,0,0.000903127673733245,0,0,0,0,0,0,0,0,0,0,0,0,0,6.8260783497273e-06,0,0,0,0,0,0,0,0,0,0,0,0,0,0,0,0,0,0,0,0,0,0,0,0,0,0,0,0,0,0,0,0,0,0,0,0,0,0,0,0,0,0,0,0,0,0,0,0,0,0,0,0,0,0,0,0,0,0,0,0,0,0,0,0,0,0,0,0,0,0,0,0,0,0,0,0,0,0,0,0,0,0,0,0,0,0,0,0,0,0,0,0,0,0,0,0,0,0,0,0,0,0,0,0,0,0,0,0,0,0,0,0,0,0,1.10308311731289e-05,0,0,0,0,0,0,0,0,0,8.30514428942431e-07,0,0,0,0,0,0,0,0,0,0,0,0,0,0,0,0,0,0,0,0,0,0,0,0,0,0,0,0,0,0,0,0,0,0,0,0,0,0,0,0,0,0,0,0,0,0,0,0,0,0,0,0,0,0,0,0,0,0,0,0,0,0,0,0,0,0,0,0,0,0,0,0,0,0,0,2.94386924510361e-06,0,0,0,0,0,0,0,0,0,0,0,4.10623655207529e-05,0,0,0,0,0,0,0,0,0,0,0,0,0,0,0,0,0,0,0,0,0,0,0,0,0,0,0,0,0,0,0,0,0,0,0,0,0,0,0,0,0,0,0,0,0,3.76662021168406e-05,0,0,0,0,0,0,0
0,0,0,0,0,0,0,0,0,0,0,0,0,0,0,0,0,0,0,0,0,0,0,0,0,0,0,0,0,0,0,0,0,0,0,0,0,0,0,0,0,0,0,0,0,0,0,0,0,0,0,0,0,0,0,0,0,0,0,0,0,0,0,0,0,0,0,0,0,0,0,0,0,0,0,0,0,0,0,0,0,0,0,0,0,0,0,0,0,0,0,0,0,0,0,0,0,0,0,0,0,0,0,0,0,0,0,0,0,0,0,0,0,0,0,0,0,0,0,0,0,0,0,0,0,0,0,0,0,0,0,0,0,0,0,0,0,0,0,0,0,0,0,0,0,0,0,0,0,0,0,0,0.9775,0,0,0,0,0,0,0,0,0,0,0,0,0,0,0,0,0,0,0,0,0,0,0,0,0,0,0,0,0,0,0,0,0,0,0,0,0,0,5.07572988995818e-06,0,0,0,0,0,0,0,0,0,0,0,0,0,0,0,0,0,0,0,0,0,0,0,0,0,0,0,0,0,0,0.0023094688221709,0,0,0,0,0,0,0,0,0,0,0,0,0,0,0.0005938947618482,0,0,0,0,0,0,0,0,0,0,0,0,0,0,0,0,0,0,0,0,0,0,0,0,0,0,0,0,0,0,0,0,0,0,0,0,0,0,0,0,0,0,0,0,0,0,0,0,0,0,0,0,0,0,0,0,0,0,0,0,0,0,0,0,0,0,0,0,0,0,0,0,0,0,1.74956698217191e-05,0,0,0,0,0,0,0,0,0,0,0,0,0,0,0,0,0,0,0,0,0,0,0,0,0,0,0,0,0,0,0,0,0,0,0,0,0,0,0,0,0,0,0,0,0,0,0,0,0,0,0,0,0.0016304347826087,0,0,0,0,0,0,0,0,0,0,0,0,0,0,0,0,0,0,0,0,0,0,0,0,0,0,0,0,0,0,0,0,0,0,0,0,0,0,0,0,0,4.07273912069562e-05,0,0,0,0,0,0,0,0,0,0,0,0,0.000579038795599305,0,0,0,0,0,0,0,0,0,0,0,0,0,0,0,0,0,0,0,0,0,0,0,0,0,0,0,0,0,0,0,0,0,0,0,0,0,0,0,0,0,0,0,0,0,0,0,0,0,0,0,0,0,0,0,0,0,0,0,0,0,0,0,0,0,0,0,0,0,0,0,0,0,0,0,0,0,0,0,0,0,0,0,0,0,0,0,0,0,0,0,0,0,0,0,0,0,0,0,0,0,0,0,0,0,0,0,0.000144684298859888,0,0,0,0,0,0,0,0,0,0,0,0,0,0,0,0,0,0,0,0,0,0,0,0,0,0,0,0,0,0,0,0,0,0,0,0,0,0,0,0,0,0,0.00154425248528134,0,0,0,0,0,0,0,0,0,0,0,0,0,0,0,0,0,0,0,0,0,0,0,0,0,0,0,0,0,0,0,0,0,0,0,0,0,0,0,0,0,0,0,0,0,0,0,0,0,0,0,0,0,0,0,0,0,0,0,0,0,0,0,0,0,0,0,0,0,0,0,0,0,0,0,0,0
0,0,0,0,0,2.76571618220538e-05,0,0,0,0,0,0,0,0,0,0,0,0,0,0,0,0,0,0,0,0,0,0,0,0,0,0,0,0,0,0,0,0,0,0,0,0,0,0,0,0,0,0,0,0,0,0,0,0,0,0,0,0,0,0,0,0,0,0,0,0,0,0,0,0,0,0,0,0,0,0,0,0,0,0,0.00324017820980154,0,0,0,0,0,0,0,0,0,0,0,0,0,0,0,0,0,3.17536929544906e-06,0,0,0,0,0,0,0,0,0,0,0,0,0,0,0,1.385148986625e-06,0,0,0,0,0,0,0,0,0,0,0,0,0,0,0,0,0,0,0,0,0,0,0,0,0.00048227634434531,0,0,0,0,0,0,0,0,0,0,0,0,0,0.996984924623116,0,0,0,0,0,0,0,0,0,0,0,0,0,0,0,0,0,0,0,1.06086163181736e-05,0,0,0,0,0,0,0,0,0,0,0,0,0,0,0,0,0,0,0,0,0,0,0,0,0,0,0,0,0,0,0,0,0,0,0,0,0,0,0,0,0,0,0,0,0,0,0,0,0,0,0,0,0,0,0,0,0,0,0,0,0,0,0,0,0,0,0,0,0,0,0,0,0,0,0,0,0,0,0,0,0,0,0,0,0,0,0,0,0,0,0,0,0,0,8.16191742375933e-08,0,0,0,0,0,0,0,0,0,0,0,0,0,0,0,0,8.21031544031922e-06,0,0,0,0,0,0,0,0,0,3.38195837936554e-05,0,0,0,0,0,0,0,0,0,0,0,0,0,0,0,0,0,0,0,0,0,0,0,0,0,0,0,0,0,0,0,0,0,0,0,0,0,0,0,0,0,0,0,0,0,0,0,0,0,0,0,0,0,0,0,0,0,0,0,0,0,0,0,0,0,0,0,0,0,0,0,0,0,0,0,0,0,0,0,0,0,0,0,0,0,0,0,0,0,0,0,0,0,0,0,0,0,0,0,0,0,0,0,0,0,0,0,0,0,0,0,0,0,0,0,0,0,0,0,0,0,0,0,0,0,0,0,0,0,0,0,0,0,0,0,0,0,0,0,0,0,0,0,0,0,0,0,0,0,0,0,0,0,0,0,0,0,0,0,0,0,0,0,0,0,0,0,0,0,0,0,0,0,0,0,0,0,0,0,0,0,0,0,0,0,0,0,0,0,0,0,0,0,0,0,0,0,0,0,0,0,0,0,0,0,0,0,0,0,0,0,0,0,0,0,0,0,0,0,0,0,0,0,0,0,0,0,0,0,0,0,0,0,0,0,0,0,0,0,0,0,0,0,0,0,0,0,0,0,0,0,0,0,0,0,0,0,0,0,0,0,0,0,0,0,0,0,0,0,0,0,0,0,0,0,0,0,0,0,0,0,0,0,0,0,0,0,0,0,0,0,0,0,0,0,0,0,0,0,0,0,0,0,0,0,0,0,0,0,0,0,0,0,0,0,0,0,0,0,0,0,0,0,0,0,0,0,0,0,0,0,0,0,0,0,0,0,0,0,0,0,0,0,0,0,0,0,0,0,0,4.86026731470231e-07,0,0
0,0,0,0,0,0,0,0,0,0,0,0,0,0,0,0,0,0,0,0,0,0,0,0,0,0,0,0,0,0,0,8.19571364176536e-05,0,0,0,0,0,0,0,0,0,0,0,0,0,0,0,0,0,0,0,0,0,0,0,0,0,0,0,0,0,0,0,0,0,3.92279930958732e-05,0,0,0,0,0,0,0,0,0,0,0,0,0,0,0,0,0,0.000260756192959583,4.65959537768139e-05,0,0,0,0,0,0,0,0,0,0,0,0,0,0,0,0,0,0,6.06207565470417e-05,0,0,0,0,0,0,0,0,0,0,0,0,0,0,0,0,0,0,0,0,0,0,0,0,0,0,0,0,0,0,0,0,0,0,0,0,0,0,0,0,0,0,0,0,0,0.000116529744217211,0,0,0,0,0.984021412928867,0,0,0,0,0,0.00290023201856148,3.71774853148933e-05,0,0,0,0,0,0,0,0,0,0,0,0,0,0,0,0,0,0,0,0,0,0.000626435581541032,0,0,0,0,0,0,0,0,0,0,0,0,0,0,0,0,0,0,0,0,0,0,0,0,0,0,0,0,0,0,0,0,0,0.00112701453848755,0,0,0,0,0,0,0,0,0,0,0,0,0,0,0,0,0,0,0,0,0,0,0,0,0,0,0,0,0,0,0,0,0,0,0,0,0,0,0,0,0,0,0,0,2.65380103922849e-06,0,0,0,0,0,0,0,0,5.68752994839988e-06,0,0,0,0,0,0,0,0,0,0,0,0,0,0,0,0,0,0,0,0,0,0,0,0,0.00073711720163506,0,7.14694110920526e-05,0,0,0,0,0,0,0,0,0,0,0,0,0,0,2.40471323794638e-05,0,0,0,0,0,0,0,0,0,0,0,0,0,0,0,0,0,0,0,0,0,0,0.00055906077789314,0,0,0,0,0,0,0,0,0,0,5.16862643752423e-06,0,0,0,0,0,0,7.94817788022096e-06,0,0,0,0,0,0,0,0,0,0,0,0,0,0,0,0,0,0,0,0,0,0,0,0,0,0.000116822429906542,0,0,0.000368647912885662,0,0,0,0,0,0,0,0,0,0,0,0,0,0,0,0,0,0,0,0,0,0,0,0,0,0,0,0,0,0,0,0,0,0,0,0,0,0,0,0,0,0,0,0,0,0,0,0,0,0,0,0,0,0,0,0,0,0,0,0,0,0,0,0,0,0.000154942671211652,0,0.00011072357858606,0,0,0,0,0,0,0,0,0,0,0,0,0,0,0,0,0,0,0,0,0,0,0,0,0,0,0,0,0,0,0,0,4.28384775205089e-05,0,0,0,0,4.05284915295453e-05,0,0,0,0,0,0,0,0,0,0,0,0,0,0,0,0,0,0,0,0,0,0,0,0,0,0,0,0,0,0,0,0,0,0,0,0,0,0,0,2.3191094619666e-05,0,0,0.000109829763866008,0,0,0,0,0,0,0,0,0,0,0,0,0,0,0,0,0,0,0,0,0,0,0,0,0,0,0,0,0,0,0,0,0,0,0,2.84867821330902e-05,0,0,0,0,0,0,2.44176393026322e-05,0,0,0,0,0,0,0,0,0,0,0,0,0,0,0,0,0,0,0,0,0,0,0,0,0,0,0.000151297374990544,0,0.000207339829981339,0,0,0,0,0,0,0,0,0,0,0,0,0,0,0,3.96852168598675e-06,0,0,0,0,0,0,0,0,0,0,0,0,0,0,0,0,0,0,0,4.50024751361325e-05,0,0,0,0,0,0,0,0
0,0,0,4.33179843275533e-06,0,2.76571618220538e-05,1.71816877571884e-05,3.64721243553552e-06,0,0,0,0,0,0,0,0,0.0119576761200488,0,0,0,0.00462665358459925,0,0,0,0,0,0,0,0,0.000100677897845493,0,0,0,0,0,0,0,0,0,0,0,0,0,0,0,0,0,0,0,3.50680319820452e-05,0,0,0,0,0,0,0,0,0,0,2.27669855941899e-05,0,6.47295276686366e-06,0,0,0,0,0,0,0,0,0,0,0,1.30206637934402e-05,0,0,0,0,0,0,0,0,0,0,0,6.32421065945707e-05,0,0,0,0,0,0,2.460985686292e-05,9.67202174270488e-06,0,0,0,3.17536929544906e-06,0,0,8.16459830176355e-06,0,0,0,0,0,3.66260117935758e-05,0,0,0,0,0,0,8.31089391975001e-06,0,0,0,0,0,0,0,0,0,0,0.00126664359605829,0,0,0,0,1.12384805574286e-05,0,0,0,0,0,0,0,4.07697325505545e-05,0,0,0,0,0,0,0,0,0,0,0,0,0,0,0,0,0.957388182473884,0,0,0,0,0,0,0,0,0,0,0,0,0,0,0,0,0,1.06086163181736e-05,0,0,0,1.05767501877373e-05,0,0,0,0,0,0,0,0,0,0,1.27019611828066e-05,0,0,0,7.30657664964234e-06,2.07136544410075e-05,0,0,0,0,0,0,0,0,0,0,1.2620950778292e-05,0,0,0,0.000127711746074992,0,0,4.27968604223194e-06,0,2.92894382285748e-05,0,0,0,0,0,0,0,0,0,0,0,0,9.98213198374909e-06,0,0,0,2.80188566905527e-05,0,0,0,0,0,0,0,0,0,0,0,0,0,0,0,0,0,0,0,0,0,0,0,0,0,0,0,0,0,0,0,2.65380103922849e-06,0,0,0,0,0,5.32157016029108e-05,0,0,1.42188248709997e-06,0,0,0,0,0,0,0,0.000310314224183408,0,0,0,0,0,0,0,0,0,0,0,0,0,0,0,0,0,0,0,0,0,0,0,0,0,0,0,0,0,0,0,0,0,0,0,0,0,0,0,0,0,0.00014682131845544,0,0,0,0,0,0,0,0,0,0,0,0,6.57591898467811e-05,0,0,0,0,0,0,0.00108240014580403,0,0,0,0,0,5.16862643752423e-06,0,0,0,0,0,0,0,0,0,0,0,0,3.85104170678168e-05,0,0,0,0,0,0,0,0,0,0,0,0,0,0,3.42125970782442e-05,1.77864206607062e-05,0,0,0,0,0,0,0,0,0,0,0,0,0,1.05983848061555e-05,0,0,0,0,0,0,0,0,0,0,0,8.00403403315271e-06,0,0,0,8.8073135932078e-06,0,0,0,0,0.000339716021245959,0,0,0,0,0,0,0,0,0,0,0,0,5.94078228221092e-06,0,0,0,0,0,0,0,1.14982838811307e-05,4.91081951756109e-05,0,0,0,0,0,0,0,0,0,0,0,0,0,0,0,0,0,0,0,0,1.2903891813771e-05,0,0,0,9.33532486930545e-05,0,0,0,0,0,0,0,0,0,0,0,0,0,0,0,0,0,0,0,0,0,0,0,0,0,0,7.05442488801101e-05,0,0,0,0,0,0,0,0,0,0,2.43872698451408e-05,0,0,0,1.24820959935592e-05,0,0,0,0,0,0,4.98308657365459e-06,0,0,0,0,8.20124768314753e-06,0,0,3.97413632082408e-06,6.7288411589756e-05,0,0,0,0,0,0,0,7.16055394045283e-06,0,0,0,0,0,0.000155400155400155,0,0,3.2916392363397e-05,2.96639079232298e-05,0,0,0,0,0,0,0,0,0,7.48265893791139e-06,0,0,0,0,0,0,0,0,0,0,0,0,4.63258457040499e-05,0,4.84640362234054e-05,0,0,0,0,0,0,0,0,0,0,0,0,0,0,0,0,0,0,8.02106236611903e-05,0,0,0,0,1.4719346225518e-06,0,0,0,0,0,0,0,0,0,0,0,0,1.74016192206685e-05,0,1.09870791948668e-05,0,0,0,0,0,0,0,0,0,0,0,0,0,0,0,0,9.20301859009755e-05,0,0,0,0,0,0,0,1.91982798341269e-05,0,0,0,0,5.5972237770066e-05,0,0,0,0,0,0,0,0,0,3.06032668987414e-05,0,0,0,0,0,0,9.5831336847149e-08,6.07533414337789e-08,0,0
8.21827744904668e-05,0,0,0,0,0,0,0,0,0,0,0,0,0,0,0,0,0,0,0,2.11455831105999e-06,0,0,0,0,0,0.00601170700838475,0,0,0,0,0,0,0,0,0.00100225507391631,0,0,0,0,0,0,0,0,0,0,0,0.000302958898576093,0,0,0,0,0,0,0,0,0,0,0,0,0,0.000921397689418102,0,0,0,0,0,0,0,0.000124470998257406,0,0,0,2.47437781769774e-06,0,2.56367528488842e-05,0,0,0,0,0,0,0,0,0,0,0,0,0,0.000140874832711136,0,0,4.76054460630296e-05,0,0,0,0,0,0,0,0,0,0.000209336403600586,0,0,0,0,0,0,0,0,0,0,0,0,0,0,0,0,0.000185082361650935,0,0,0,0,0,0,0,0.0189838079285315,0,0,0,0,0,0,0,2.70160745643658e-05,0.001194743130227,0,4.07697325505545e-05,0,0,0,0,0,0,0,0,0,0,0,0,0,0,0,0,0,0.991712960136744,0,0,0,0,0,0,0,0,0,0,0,0,0,0.00252947072018327,0,0,0,0,0.000456218254813103,0,0,0,0.000228128208052926,4.83582378258136e-05,0,0,0,0,0,0,0,0,0,0,3.55301092297072e-05,0,0,0,0,0,0,5.47725115022274e-05,0,0,0,0,0,0,2.68716074595582e-05,0,0.00346489906598373,0,0,0,0,0,0,0,0,0,0,0.000120148984741079,0,0,0,0,0,0,0,0,0,0,0,0,0,0,0,8.08812824536146e-06,0,0,0,2.09762339269608e-05,0,0,0,0,0,0,0,0,0,0,8.19014234467395e-06,0,0.000163880694854146,0,0,0,0,0,0.000263728535427533,0,0,0,0,2.65380103922849e-05,0,0,0,0.00123355263157895,0.000153491941673062,8.16191742375933e-08,0,0,0,9.57982871266262e-06,2.83136129019471e-06,0,0,0,0,0,0,0,0,0,0,0,0,0,0,0,0,0,0,0,0,0,0,0,0,0,0,0,0,0,0,0,0,0,0,0.000318369945877109,0,0,0,0,0,0,0,0,0,0,6.51223975461881e-06,7.59186152444579e-05,0,0.00013575889220744,0,0,0,0,0,0,0,0,0.000183933416103371,0,0,0,0,0,0,0,0,0.000221092195445501,0,0,0,0,0,0,0,0,0,0,0,0,0,0,0,0,0,0,0,0,0,1.67156993848623e-05,0,0.000601142170123234,0,0,0,0,0,0.00015271838729383,0,0,0,0,0,0,0,0,0,0,0,1.36521566994546e-05,0,0,0,0,0,0.000173460537727667,0,0,0,0,0.000106853589212062,0,0,0,0,0,0,0,0,0,0,0,0,3.52292543728312e-05,2.03636956034781e-05,0,0,0,0,0,0,0,0,0,0,0,0,0,0,6.12040587034357e-05,0,0,0,0,0.000120569086086327,0,0,0,0,0,0,0.000216450216450216,0,0,0,0,0.00104478967929499,0,0,0,0,0,0,1.66575050388953e-05,0,0,0,0,2.7680894646515e-05,0,0,0,0,0,5.62841222491135e-05,0,0,0,0,0,8.76501007976159e-05,0,0,0,0,0,0,0,0,0,0,0,0,0,0,0,0,0,0,0,0,0,0,0,0,0.000348149007775328,0,0,0,0,0,0,0,0,1.10308311731289e-05,0,0,0,0,0,0,0,0,0,0,0,0,0,0,0,0,0,0,0,0,0,0.00109449106165633,0,0,0,0,4.77370262696856e-06,0,0,0,0,2.3191094619666e-05,0,0,0,0,0,0,0.000334448160535117,0,0,0,0,0,0,0,0,0,0,0,0,0.000863557858376511,0,0.000243961941937058,0,0,0,0,0,0,0,2.30781124873359e-06,0,0,0,0,0,0,0,6.83060109289617e-05,0,0,0,0,0,0.00499119201409278,0,0,0,0,0,0,0,0,0,0,0,0,0,0,0,0,0,0,0,0,0,0,0,0,0,0,0,0,7.5648687495272e-05,0,0,0,0,0,0,0,0,0,0,0,0,0,0,0,2.25275963054742e-05,0,0,0,0,0,0,0,0,0,0,0,0,0,0,0,4.73133881117227e-05,0.00871299601091749,0,0,0,0,0,0,0,0,8.75216068967026e-05,0,0,0,3.81679389312977e-07
0,0,0,0,0,0,0,0,0,0,0,0,0,0,0,0,0,0,0,0,0,0,0,0,0,0,0,0,0,0,0,0,7.44956643523347e-06,0,0,0,0,0,0,0,0,0,0,0,0,0,0,0,5.51024906325766e-05,0.000245476223874316,0,0,0,0,0,0,0,0,0,0,0,0,0,0,0,0,0,0,0,0,0,0,0,0.000564158142435085,0,0,0,0,0,0,0,0,0,0,0,0,0,0,0,0,0,0,0,0,0,0,0,6.12882796379906e-05,0,0,0,0,0,0,0,0,0,0,0,0,0,0,0,0,0,0,0,0,0,0,0,0.000220361392684002,0,0,0,0,0,0,0,1.10133371512902e-05,0,0,0,0,0,0,0,0,0,0,0,0,0,0,0,0,0,0,0,0,0,0,0,0,0,0,0,0.967294231233406,0,0,0,0,0,0,0,0,0,0,0,0,0,0,0,0,0,0,0,0,0,0,0,0,0,0,0,0,0,0,0,0,0,0,0,0,0,0,0,0,0,0,0,0,0,0,0,0,0,0,0,1.63942488974868e-05,0,0,0,0,0,0,0,0,0,0,0,0,0,0,0,0,0,0,0,0,0,0,0,0,0,0,2.12143069285926e-05,0,0,0,0,0,0,0,0,0,0,0,0,0,0,0,0,0,0,0,0,0,0,0,0,0,0,0,0,0,0,0,8.16191742375933e-08,0,0,0,0,0,0,0,0,0,0,0,0,0,0,0,0,0,0,0,0,0,0,0,0,0,0,0,0,0,0,0,0,0,0,0,0,5.29240539825351e-05,0,0,0,0,0,0,0,0,0,0,0,0,0,0,0,0,0,0,0,0,5.60962611841921e-05,0,0,0,1.79314302108736e-05,0,4.84439793822424e-06,0,0,0,0,0,0,0,0,0,0,0,0,0,0,1.03372528750485e-05,0,0,0,0,0,0,0,0,0,0,0,0,0,0,0,0,0,0,0,0,0.0002138986595684,0,0,0,0,0,0,0,0,0,0,0,0,0,6.8260783497273e-06,0,0,0,0,0,0,0,0,0,0,0,0,0,0,0,0,0,0,0,0,0,0,0,0,0,0,1.66184730946921e-05,0,0,0,0,0,0,0,0,0,0,0,0,0,0,0,0,0,0,0,0,0,0,5.74914194056537e-06,0,0,0,0,0,0,0,0,0,0,0,0,0,0,0,0,0,0,0,0,0,0,0,0,0,0,0,0,0,0,0,0,0,0,0,0,0,0,0,0,0,0,0,0,0,0,0,0,0,0,0,0,0,0,0,0,0,0,0,0,0,0,0,0,0,0,0,0,0,0,0,0,0,0,3.32205771576973e-06,0,0,0,0,0,0,0,0,0,0,0,0,0,0,0,0,0,0,0,0,0,0,0,0,0,0,0,0,0,0,0,0,0,0,0,0,0,0,0,0,0,0,0,0,0,0,0,0,0,0,0,0,0,0,0,0,0.00053934370387192,0,0,0,0,0,0,0,0,0,0,0,0,0,0,0,0,0,0,0,0,0,0,0,0,0,0,0,0,0,0,1.64249462083012e-05,0,0,0,0,0,0,0,5.8173356602676e-05,0,0,0,0,0,0,0,0,5.48787180331467e-05,0,0,0,0,0,0,0,0,0,0,0,0,0,0,0,0,0,0,0,0,0,0,0,0,0,0,0,0,0,0,0,0,0,0,0,0
0.000328731097961867,0,0,0,0,0,0,0,0,0,0,0,0,0,0,0,0,0,0,0,0,0,0,0,0,0,0,0,0,0,0,0,0,0,0,0,0,0,0,0,0,0,0,0,0,0,0,0,0,0,0,0,0,0,0,0.000540394487976223,0,0,0,0,0,0,0,0,0,0,0,0,0,0,0,0,0,0,0,8.97286349710946e-05,0,0,0,0,0,0,0,0,0,0,0,0,0,0,0,0,0,0,0,0,0,0,0,0,0,0,0,0,0,0,0,0,0,0,0,0,0,0,0,0,0,0,0,0.000185082361650935,0,0,0,0,0,0,0,0,0,0,0,0,0,0,0,0,0,0,0,0,0,0,0,0,0,0,0,0,0,0,0,0,0,0,0,0,0,0,0.987691405963807,0,0,0,0,0,0,0,0,0,0,0,0,0,0,0,0,0,0,0,0,0,0,0,0,0,0,0,0,0,0,0,0,3.04543793397491e-05,0,0,0,0,0,0,0,0,0,0,0,0,0,2.68716074595582e-05,0,0,0,0,0,0,0,0,0,0,0,0,0,0,0,0,0,0,0,0,0,0,0,0,0,0,0,0,8.08812824536146e-06,0,0,0,0,0,0,0,0,0,0,0,0,0,0,0,0,0,0,0,0,0,0,4.18616722900846e-06,0,0,0,0,0,0,0,0,0,0,0,0,0,0,0,0,0,0,0,0,0,0,0,0,0,0,0,0,0,0,0,0,0,0,0,0,0,0,0,0,0,0,0,0,0,0,0,0,0,0,0,0,0,0,0,0,0,0,0,0,0,2.17074658487294e-06,0,0,0,0,0,0,0,0,0,0,0,0,0,0,0,0,0,0,0,0,0,0,0,0,0,0,0,0,0,0,0,0,0,0,0,0,0,0,0,0,0,0,0,0,0,0,0,0,0,0,0,0,0,0,0,0,0,0,0,0,0,0,0,0,0,0,0,0,0,0,0,0,0,0,0,0,0,0,0,0,0,0,0,0,0,0,0,0,0,0,0,0,0,0,0,0,0,0,0,0,0,0,0,0,0,0,3.5405624537514e-06,0,0,0,0,0,0,0,0,0,0,0,0,0,0,0,0,0,0,0,0,0,0,0,0,0,0,0,0,0,0,0.000112568244498227,0,0,0,0,0,0.000175300201595232,0,0,0,0,0,0,0,0.00118717847249703,0,0,0,0,0,0,0,0,0,0,0,0,0,0,0,0,0,0,0,0,0,0,0,0,0,0,0,0,0,5.83294447036864e-05,0,0,0,0,0,0,0,0,0,0,0,0,6.17894216510133e-05,0,0,0,0,0,0,0,0,0,0,0,0,0,0,0,0,0,0,0,0,0,0,0,0,0,0,0,0,0,0,0,0,0,0,0.000172711571675302,0,0.000243961941937058,0,0,0,0,0,0,0,0,0,0,0,0,0,0,0,0,0,0,0,0,0,0,0,0,0,0,0,0,0,0,0,0,0,0,0,0,0,0,0,0,0,0,0,0,0,0,0,0,0,0,0,0,0,0,0,0,0,0,0,0,0,0,0,0,0,0,0,0,0,0,0,0,0,0,0,0,0,0,0,0,0,0,0.00111975018531077,0,0,0,0,0,0,0,0,0,0,4.79156684235745e-08,0,0,0
0,0,0.000400774831340592,0,0,2.76571618220538e-05,0,3.64721243553552e-06,0,0,0,0,0,0,0,0,0,0,0,0,0,0,0,0,0,0,0,0,0,0,0,0,0,0,0,0,0,0,0.00551632833186231,0,0,0,0,0,0,0,0,0,5.51024906325766e-05,0,0,0,0,0,0,0,0,0,0,0,0,0,0,0,0,0,0,0,0,0,0,0,0,0,0,0,0,0,0,0,0,0,0,0,0,0,0,0,4.83161810890467e-05,0,0,0,0,3.076232107865e-06,0,0,0,0,0,0,0,0,0,0,0,0,0,0,0,0,0,0,0,0,0,0,0,0,0,0,0,0,0,0,0,0,0,0,0,0,0,0,0,0,0,0,0,0,0,0,0,0,0,0,0,0,0,0,0,0,0,0,0,0,0,0,1.52615835419083e-05,0,0,0.986747634704422,0,0,0,0,0,0,0,0,0,0,0,0,0,0,0,0,0,0,0,2.85160260066157e-05,0,0,0,0,0,0,0,0,0,0.00181069958847737,0,0,0,0,0,0,0,0,0,0,0,0,0,0,0,0,0,0,0,0,0,0,0,0,0,0.000258420191230941,0,0,0,0,0,0,0,0,0,0,0,0,0,0,0,0,0,0,0,0,0,0,8.3904935707843e-05,0,0,0,0,0,0,0,0,0,0,0,0,0,0,5.69605832763727e-05,0,0,0,4.18616722900846e-06,0,0,0,0,2.38842093530564e-05,0,0,0,0,0,4.8971504542556e-07,0,0,0,1.91596574253252e-05,0,0,0,0,0,0,0,0,0,0,0,0,0,0,0,0,0,0,0,0,0.00879604178119846,0,0,0,0,0,0,0,0,0.000144310556317195,0,0,0,0,0,0,0,0,0,0,0,0,0,0,0,0,0,0,0,0,0,0,0,2.8048130592096e-05,0,0,0,0,0,0,0,0,0,6.6554854511088e-06,0,0,0,0,0,0,0,0,0,0,0,0,0,0,0,0,0,0,0,0,0,0,0,0,0,0,0,0,0,0,0,0,0,0,0,0,0,0,0,0,0,0,0,0,0,2.04782350491819e-05,0,0.00149663257670242,0,0.000247561519037481,0,0,0,0,0.000800600450337753,0,0,1.2202488087321e-05,0,0,0,0,0,0,0,0,0,0,0,0.000140917017491325,0,0,0,0,0,0,0,0,0,0,0,0,0,0,0,4.37171847881684e-06,0,0,0,0,0,0,0,0,7.33352889410384e-05,5.74914194056537e-06,0,0.000216450216450216,0,0,0,0,0,0,0,0,0.00047926267281106,0,0,0,0,0,0,0,0,0,0.00120192307692308,0,0,0,0,0,0,0,0.000575153374233129,0,0,0,0,0,0,0,0,0,0,0,0,0,0.000128982329420869,0,0,0,0,0,0,0.00278076785073556,0,0,0,0,0,0,0,0,0,0,0,0,0,0,0.000187524129943191,0,0,0,0,0,0,0,0,0,1.66102885788486e-06,0,0.00489089541008277,0,0,0,0,0,0,0,0,0,0,0,0,0,0,0,0,0,0,0,0,0.000621600621600622,0,0,0,0,0,0,0,0,0,0,0,0,0,0,0,0,0,0.0036563071297989,0,0,0,0.000166002656042497,0,0,0,0,0,0,0,0,0,0,0,0,0,0,0,0,0,0,0,0,0,0,0,0,0,0,0,0,0,0,2.94386924510361e-06,0,0,0,0,0,0,0,0,0,0,0,0,0,0.00020708221163802,1.09870791948668e-05,0,0,0,0,0,0,0,0,0,0,0,0,0.000157306905773163,0,0,0,0,0,0,0,0,3.96852168598675e-06,0,0,0,0,0,0,0,0,0,0,0,0,0,0,0,0,0,0,0.000322113061684651,4.50024751361325e-05,0,0,0,0,0,0,3.6101083032491e-07,0
0,0,0,0,0,0,0,0,0,0,0,0,0,0,0,0,0,0,0,0,0,0,0,0,0,0,0,0,0,0,0,0,0,0,0,0,0,0,0,0,0,0,0,0,0,0,0,0,0,0,0,0,0,0,0,0,0,0,0,0,0,0,0,0,0,0,0,0,0,0,0,0,0,0,0,0,0,0,0,0,0,0,0,0,3.38879663831373e-05,0,0,0,0,0,0,0,0,0,0,0,0,0,0,0,0,0,0,0,0,0,0,0,0,0,0,0,0,0,0,0,0,0,0,0,0,0,0,0,0,0,0,0,0,0,0,0,0,0,0,0,0,0,0,0,0,0,0,0,0,0,0,0,0,0,0,0,0,0,0.000648876632330278,0,0,0,0,0,0.973897911832947,0,0,0,0,0,2.46889196128777e-05,0,0,0,0,0,0,0,0,0,0,0,0,0,0,0,0,0,0,0,0,0,0,0,0,0,0,0,0,0,0,0,0,0,0,0,0,0,0,0,0,0,0,0,0,0,0,0,0,0,0,0.0012397159923363,0,0,0,0,0,0,0,0,0,0,0,0,0,0,0,0,0,0,0,0,0,0,0,0,0,0,0,0,0,0,0,0,0,0,0,0,0,0,0,0,0,0,0,0,2.65380103922849e-06,0,0,0,0,0,0,0,0,1.42188248709997e-06,0,0,0,0,0,0,0,0,0,0,0,0,0,0,0,0,0,0,0,0,0,0,0,0,0.0018092876767406,0,0,0,0,0,0,0,0,0,0,0,0,0,0,0,0,0,0,0,0,0,0,0,0,0,0,0,0,0,0,0,0,0,0,0,0,0,0,0,1.99664563533264e-05,0,0,0,0,0,0,0,0,0,0,0,0,0,0,0,0,0,0,0,0,0,0,0,0,0,0,0,0,0,0,0,0,0,0,0,0,0,0,0,0,0,0,0,0,0,0,0,0,0,0,0,0,0,0,0,0,0,0,0,0,0,0,0,0,0,0,0,0,0,0,0,0,0,0,0,0,0,0,0,0,0,0,0,0,0,0,0,0,0,0,0,0,0,0,0,0,0,0,0,0,0,0,0,0,0,0,0,0,0,0,0,0,0,0,0,0,0,0,0,0,0,0,0,0,0,0,0,0,0,0,0,0,0,0,0,0,0,0,0,0,0,0,0,0,0,0,0,0,0,0,0,0,0,0,0,0,0,0,0,0,0,0,0,0,0,0,0,0,0,0,0,0,0,0,0,0,0,0,0,0,0,0,0,0,0,0,0,0,0,0,0,0,0,0,0,3.66099212886692e-05,0,0,0,0,0,0,0,0,0,0,0,0,0,0,0,0,0,0,0,0,0,0,0,0,0,0,0,0,0,0,0,0,0,0,0,0,0,0,0,0,0,0,0,0,0,0,0,0,0,0,0,0,0,0,0,0,0,0,0,0,0,0,0,0,0,0,0,0,0,7.5648687495272e-05,0,0,0,0,0,0,0,0,0,0,0,0,0,0,0,0,0,0,0,0,0,0,0,0,0,0,0,0,0,0,0,0,0,0,0,0,8.05282654211628e-05,0,0,0,0,0,0,0,0,0
0,0,0,8.66359686551065e-06,0,0,0,0,0,0,0,0,0,0,0,0,0,0,0,0,0,0,0,0,0,0,0,3.6759300102926e-05,0,0,0,0,7.44956643523347e-05,0,0,0,0,0,0,0,0,0,0,0,0,0,0,0,0,0,0,0,0,0,0,0,0,0,0,0,0,0,0,0,0,0,0,0,0,0,0,0,0,1.48462669061864e-05,0,0,0,0,0,0,0,0,0,0,4.23599579789217e-06,0,0,0,0,0,0,9.85512959495417e-06,0,0,3.86880869708195e-05,0,0,2.04294265459969e-05,0,0,0,0,0,0,0,0,0,0,0,0,0,0,0,0,0,0,0,0,8.49356775580339e-05,0,0,0,0,0,0,0,0,0,0,0,0,0,0,0,0,0,0,0,0.00424005218525766,0,0,0,0,0,0,0,0,0,0,0,6.69792364367046e-05,0,0,0,0,0,0,0,0,0,0,0.975351327236226,1.33738114025116e-05,0,0,0,0,0,0,0,0,0,0,0,0,0,0,0,0,0,0,0,0,0,0,0,0,0,0,0,0,0,0,0,0,0,0,0,0,0,0,0,0,0,0,0,0,0,0,0,0,0,0,0,0,0,0,0.000112701453848755,0,0,0,0,0,0,0,0,0,0,0,0,0,1.38404473232575e-05,0.000273897562311695,0,0,0,0,0,0,0,0,0,0,0,0,0,0,0,0,0,0,0,0,0,0,0,0,0,0,0.000110150355234896,0,0,2.65380103922849e-06,0,0,0,0,0,1.63238348475187e-07,0,0,0,0,0,0,0,0,0,0,0,0,0,0,0,0,0,0,0,0,0,0,7.1301247771836e-05,0,0,0,0,0,0,0,0,0,0,0,0,0,0,0,0,0,0,0,0,0,1.20235661897319e-05,0,0,0,0,0,0,0,0,0,0,0,0,0,0,0.000795123244102836,0,0,0,0.0022187342557067,0,0,0,0,0,0,0,0,0,4.0126800690181e-06,0,0,0,0,1.55058793125727e-05,0,0,0,0,0,0,0,0,0,0,0,0,0,0,0,0,0,0,0,0,0,0,0,0,0,0,0,0,0,0,0,0,0,0,0,0,0,0,0,0,0,0,0,0,0,0,6.1012440436605e-06,0,4.17367496254127e-06,0,0,0,0,0,0,0,0,0,0,0,0,0,0,0,0,0,0,0,0,0,0,0,0,0,0,0,0,0,7.08112490750281e-06,0,0,0,0,0,0,0,0,0,0,0,0,0,0,0,0,0,0,0,0,0,0,0,0,0,0,0,0,0,0,0,0,0,0,0,0,0,0,0,0,0,0,0,0,0,0,0,6.58379858843358e-06,0,0,0,0,0,0,0,0,0,0,0,0,0,0,0,0,0,0,0,0,3.26519950368968e-05,0,0,0,0,0,0,0,0,0,0,0,8.30514428942431e-06,0,0,0,0,0,0,0,0,0,0.000371363730142356,0,0,0,0,0,0,7.16055394045283e-06,0,1.30874635186954e-05,0,0,0,0,0,0,3.2916392363397e-05,0,0,0,0,0,0,0,0,0,0,0,0,0,0,0,0,0,0,0,0,0,0,0,0,0,0,0,0,0,0.000161995788109509,0,0,0,0,0,0,0,0,0,0,0,0,0,0,0,0,0,0,0,0,0,0,0,0,0,0,0,0,0,0,0,8.21247310415058e-06,0,0,0,0,0,0,0,0,0,0,0,0,0,0,0,0,0,0,0,0,0,0,0,0,1.19055650579603e-05,0,0,0,0,0,0,0,0.000111944475540132,0,0,0,0,0,0,0,0,0,0,0,0,0,0,0,0,9.5831336847149e-08,0,0,0
0,0,0,8.66359686551065e-06,0,0,0,0,0,0,0,0,0,0,0,0,0,0,0,0,0,0.00175438596491228,8.20761995436563e-06,0,0,0,0,5.51389501543891e-05,0,0,0,0,2.97982657409339e-05,0,0,0,0,0,0,0,0,7.74035744970703e-06,0,0,0,0,0,0,0,0,0,0,0.00014682131845544,0,0,0,0,0,0,0,0,0,0,0,0.00117615610799252,0,0,0,0,0,0,0,0,0,0,0,0,0,0,0,0,0,0,0,0,0,0,0,0,0,0,3.94205183798167e-05,0,3.076232107865e-06,9.67202174270488e-06,0,0,0,0,0,0,0,0,0,0,0,0,0,0,0,0,0,0,0,0,0,0,0.000278318953520735,1.30670273166206e-05,0,0,0,0,0,3.92958189248664e-05,0,0,0,0,0,0,0,0,0,0,0,0,0,4.07697325505545e-05,0,0,0,0,0.000214500214500215,0,0,0,0,0,0,0.000267916945746818,0,0,0,0,0,0,0,0,0,0,0,0.992243189386543,0,0,0,0,0,0,0,0,0,0,0,0,0,0,0,0,0,0,0,0,0,0,0,0,0,0,0,0,0,3.65328832482117e-06,0,0,0,0,0,0,0,0,0,0,0,4.20698359276399e-06,0,0.000104342745048937,0,0,1.63942488974868e-05,0,0,0,0,0,0,0,0,0,0,0,0,0,0,0,0,9.98213198374909e-06,0,0,0,7.00471417263819e-06,4.15213419697725e-05,0,0,0,0,0,0,2.09762339269608e-05,0,5.50888307395676e-05,0,0,0,0,0,0,0,0,0,0,0,0,0,0,0,0,0,0,0,0,0,0,0,0,0,0,0,1.38752596203909e-06,0,0,1.42188248709997e-06,0,0,0,0,0,0,9.13876297704343e-06,0,0,0,0,0,0,0,0,0,0,0,0,0.000106951871657754,0,0,0,0,0,0,0,0,0,0,0,0,4.38543596715308e-05,0,0,0,0,0,0,0,0,0,0,0,0,0,0.000244498777506112,0,0,0,0,0,0,0,2.8048130592096e-05,0.00127697475023876,0,0,0,0,0,0,0,0,0,0,0,0,0,1.39125982751161e-06,0,0.000442321302193914,0,0,0,5.16862643752423e-06,0,0,0,0,0,0,0,0,0,0,0,0,0,0,0,0,0,0,0,0,0,0,0,0,0,0,0,0.00106059050942557,1.77864206607062e-05,0,9.62788234727772e-05,0,0,0,0,0,0,0,0,0,0,0,0,0,0,0,0,0,4.17367496254127e-06,0,0,0,0,0,0,0,0,0,0,0,0,0,0,1.19198603945951e-06,0,0,0,0,0,0,0,0,0,0,0,0,0,0,3.5405624537514e-06,0,0,0,0,0,0,0,0,0,0,0,0.000222074172773706,0,0,0,0,0,0,0,0,0,0,0,0,0,0,0,0,0,0,0,0,0,0,0,0,0,0,0,0,0,0,0,0,0,0,0,0.00112582955862214,0,0,0,0,0,0,0,0,0,0,0,0,0,0,0,0,0,0,0,2.90338970748349e-05,0,0.000146323619070845,0,0,0,0,0,0,0,0,0,0,3.6542634873467e-05,0,0,0,0,0,0,0,7.94827264164815e-06,0,0,0,0,0,0,0,0,7.16055394045283e-06,0,1.30874635186954e-05,0,0,0,0,0,0,3.2916392363397e-05,0,0,0,0,0.000135348522445297,0,0,0,0,0,2.49421964597046e-06,0,0,0,0,0,0,0,0,0,0.000124409056979348,0,0,0,0,0,0,0,0,0,0,0,0,0,0,0,0,0,0,0,0,0,0,0,2.35913599003501e-06,0,0,0,0,0,0,0,0,0,0,0,0,0,0,0,0.000263176120229933,0,1.45013493505571e-06,0,0,0,0,0,0,0,0,0,0,0,0,0,0,0,0,0,0,0,0,0,0,0,0,0,0,0,0,0,0,0,0,0,0,0,0,0,0,0,0,0,0,0,0,0,8.22828555442188e-06,0,0,2.49161475802587e-06,0,0,0
0,0,0,0,0,0,0,0,0,0,0,0,0,0,0.000959079283887468,0,0,0,0,0,0,0,0,0,0,0,0.000158202816010125,0,0,0,0,0,0,0,0,0,0,0,0,0,0,0,0,0,0,0,0,0,0,0,0,0,0,0,0,0,0,0,0,0,0,0,0,0,0,3.92279930958732e-05,0,0,0,0.000248941996514812,0,0,0,0,0,1.28183764244421e-05,0,0,0,0,0,0,0,0,0,0,0,0,0,0,0,0,0,0,0,0,0,0,0,0,0,0,0.000209336403600586,0,0,0,0,0,0,0,0,0,0,0,0,0,0,0,0,0,0,0,0,0,0,0,0,0,0,0,0,0,0,0,0,0,0,0,0,0,0,0,0,0,0,0,0,0,0,0,0,0,0,0,0,0,0,0,0,0,0,0,0,0.966778523489933,0,0,0,0,0,0,0,0,0,0,0,0,0,0,0,2.85160260066157e-05,0,0,0,0,0,0,0,0,0,0,0,0.000116741787469038,0,0,0,0,0,0,0,0,0,0,0,0,0,0,0,0,0,0,0,0,0,0,0,0,0,0,0,0,0,0,0,0,0,0,0,0,0,0,0,0,0,0,8.08812824536146e-06,0,0,0,0,0,0,0,0,0,0,0,0,0,0,0,0,0,0,0,0,0,0,0,0,0,0,0,5.30760207845697e-06,0,0,0,0,0,0,0,0,0,0,0,0,0,0,0,0,0,0.000516105528400984,0,0,0,0,0,0,0,0.00200151057401813,0,0,0,0,0,0,0,0,0,0,0,0,0,0,0,0,0,0,0,0,0,0,0,0,0,0,0,0,0,0,2.17074658487294e-06,0,0,0,0,0,0,0,0,0,0,0,0,0,0,0,0,0,0,0,0,0,0,0,0,0,0,0,0,0,0,0,0,0,0,0,0,0,0,0,0,0,0,0,0.000166944908180301,0,0,0,0,0,0,0,0,0,0,0,0,0,0,0,0,0,0,6.8260783497273e-06,0,0,0,0,0,0,0,0,0,0,0,0,0,0,0,0,0.000101474766608037,0,0,0,0,0,0,0,0,0,0,0,0,0,0,0,0,0,0,0,0,0,0,0,0,0,0,0,0,0,0,0,0,0,0,0,0,0,0,0,0,0,0,0,0,0,0,0,0,0,0,0,0,0,0,0,0,0,0,0,0,0,0,0,0,0,0,0,0,0,0,0,0,0,0,0,0,0,0,0,0,0,0,0,0,0,0,0,0,0,0,0,0,0,0,0,0,0,0,0,0,0,0,0,0,0,0,0,0,0,0,0,0,0,0,0,0,0,0,0,0,0,0,0,0,0,0,0,0,0,0,0,0,0,0,0,0,0,0,0,0,0,0,0,0,0,0,0,0,0,0,0,0,0,0,0,0,0,0,0,0,0,0,0,0,0,0,0,0.000136612021857923,0,0,0,0,0,0,0,0,0,0,0,0,0,0,0,0,0,0,0,0,0,0,0,0,0.000184009568497562,0,0,0,0,0,0,0,0,0,0,0,0,0,0,0,0,0,0,0,0,0,0,0,0,0,0,0,0,0,0,0,0,0,0,0,0,0,0,0,0,0,0,0,0,0,0,0,0,0,0,0,0,0,0,0,0
0,0,0,0,0,0,0,0,0,0,0,0,0,0,0,0,0,0,0,0,0,0,0,0,0,0,0,0,0,0,0,0,0,0,0,0,0,0,0,0,0.000354712128937859,0,0,0,0,0,0,0,0,0,0,0,0,0,0,0,0,0,0,0,0,0,0,0,0,0,0,0,0,0,0,0,0,0,0,0,0,0.000129271340543801,0,0,0,0,0,0,0,0,0,0,0,0,0,0,0,0,0,0,0,0,0,0,0,0,0,0,0,0,0,0,0,0,0,0,0,0,0,0,0,0,0,0,0,0,0,0,0,0,0,0,0,0,0,0,0,0,1.29428057414286e-05,0,0,0,0,0,0,0,3.63993739307684e-05,8.58000858000858e-05,0,0,0,0,0,0,0,0,0,0,0,0,0,0,0,0,0,0,1.33738114025116e-05,0,0.990981006611381,0,0,0,0,0,0,0,0,0,0,0,0,0,0,0,0,0,0,0,0,0,0,0,0,0,0,0,0,0,0,0,0,0,1.82575038340758e-05,0,0,0,0,0,0,0,0,0,0,0,0.000753579502637528,0,0,0,0,0,0.00990883868410622,0,0,0,0,0,0,0,0,0,0,0,0,0,0,0,0,0,0,0,0,0,0,0,0,0,0,0,0.000409221115809576,0,0,0,9.19286633572348e-05,0,0,0,0,0,0,0,0,0,0,0,2.91027618520998e-05,0,0,0,0,0,0,0,0,0,0,0.000108063069019598,0,0,0,0,0,0,0,0,0,0,0,0,0,0,0,0,0,0,0,3.5650623885918e-05,0,0,0,0,0,0,0,0,0,0,0,0,1.09635899178827e-05,0,0,0,0,0,0,0,0,0,0,0,0,0,0,0,0,0,0,0,0,0,0,0,0,0,0,0,0,0,0,0,0,0,0,0,0,0,0,0,0,0,0,0,0,0,0,0,0,0,7.94817788022096e-06,0,0,0,0,0,0,0,0,0,0,0,0,0,0,0,0,0,0,0,0,0,0,4.50653447498873e-05,0,0,0,8.41042893187553e-05,0,0,0,0,0,0,0,0,0,0,0,0,0,0,0,0,0,0,0,0,0,0,0,0,0,0,0,0,0,0,0,0,0,0,0,0,0,0,0,0,0,0,0,0.000240587032358956,0,0,0,0,0,0,0,0,0,0,0,0,0,0,0,0,0,0,0,0,0,0.000261062524474612,0,0,0,0,0,0,1.2903891813771e-05,0,0,0,0,0,0,0,0,0,0,0,0,0,0,0,0,0,0,0,1.31675971768672e-05,0,0,0,0,0,0,0,0,0,0,0,0,0,0,0,2.27128191151086e-05,0,0,0,0.000232271176598679,0,0,0,0,0,0,0,0,0,0,0,0,1.66102885788486e-06,0,0,0,0,0,0,0.000679683638161147,0,0,0,0,0,0,0,0,0,2.38685131348428e-06,0,1.30874635186954e-05,0,0,0,0,0,0,0.000131665569453588,0,0,0,0.0102851799906498,0,0,0,0,0,0,0,0,0,0,0,0,0,0,0,0,0,0,0,0,0,0,0,0,0,0,0,0,0,0,0,0,0,0,0,0,8.50051003060184e-05,0,0,0,0,0,0,0,0,0,0,0,0,0,0,0,0,6.09533097647202e-05,0,0,0,0,0,0,0,0,0,0,0,0,0,0,0,0.000577283879347669,0,0,0,0,0,4.79938567863313e-05,0,0,0,0,0,0,0,0,0,0,0,0,0,0,0,0,0,0,0,0,0,0,0,0,0,0,0,0,0,0,0,1.91662673694298e-07,0,0,0
0,0,0,0,0,0,0,0,0,0,0,0,0,0,0,0,0,0,0,0,0,0,0,0,0,0,0,0,0,0,0,0,0,0,0.000620732464307883,0,0,0,0,0,0,0,0,0,0,0,0,0,0,0,0.000220215811495265,0,0,0,0,0,0,0,0,0,0,0,0,0,0,0,0,0,0,0,0,0,0,0,0,0,0,0,0,0,0,0,0,0,0,0,0,0,0,0,0,0,0,0,0,0,0,0,0,0,0,0,0,0,0,0,0,0,0,0,0,0,0,0,0,0,0,0,0,0,0,0,0,0,0,0,0,0,0,0,0,0,0,0,0,0,0,0,0,0,0,0,0,0,0,0,0,0,0,0,0,0,0,0,0,0,0,0,0,0,0,0,0,0,0,0.973187223128934,0,0,0,0,0,0,0,0,0,0,0,0,0,0,0,0,0,0,0,0,0,0,0,0,0,0,0,0,0,0,0,0,0,0,0,0,0,0,0,0,0,0,0,0,0,0,0,0,0,0,0,0,0,0,0,0,0,0,0,0,0,0,0,0,0,0,0,0,0,0,0,0,0,0,0,0,0,0,0,0,0,0,0,0,0,0.000163880694854146,0,0,0,0,0,0.000284659371572576,0,0,0,0,0,0,0,0,0,0,0,0,0,0,9.57982871266262e-06,0,0,0,0,0,0,0,0,0,0,0,0,0,0,0,0,0,0,0,0,0,0,0,0,0,0,0,0,0,0,0,0,0,0,0,0,0,0,0,0,0,0,0,0,0,0,0,0,0,0.00013575889220744,0,0,0,0,0,0,0,0,0,0,0,0,0,0,0,0,0,0,0,0,0,0,0,0,0,0,0,0,0,0,0,0,0,0,0,0,0,0,0,3.34313987697245e-05,0,0,0,0,0,0,0,0,0,0,0,0,0,0,0,0,0,0,0,0,0,0,0,0,0,0.000173460537727667,0,0,0,0,0,0,0,0,0,0,0,0,0,0,0,0,0,1.76146271864156e-05,0,0,0,0,0,0,0,0,0,0,0,0,0,0,0,0,4.65116279069767e-05,0,0,0,0,0,0,0,7.33352889410384e-05,0,0,0,0,0,0,0,0,0,0,0,0,0,0,0,0,0,0,0,0,0,0,0,0,0,0,0,0,0,0,0,8.76501007976159e-05,0,0,0,0,0,0,0,0,0,0,0,0.000515929317683477,0,0,0,0,0,0,0,0,0,0,0,0,0,0,0,0,0,0,0,0,0,0,0,0,0,0,0,0,0,0.00342396777442095,0,0,0,0,0,0,0,0,0,0,0,0,0,0,0.000209205020920502,0,0,0,0,0,0,0,0,0,0,0,0,0,0,0,0,0,0,0,0,0,0,0,0,0,0.000317007449675067,0,0,0,0,0,0,0,0,0,0,0,0,0,0,0,0,0,0,0,0,0,0,0,0,0,0,0,0,0,0,0,0,0,0,0.000368901595499401,0,0,0,0,0,0,0,0,0,0,0,0,0,0,0,0.00020708221163802,0,0,0,0,0,0,0,0,0,0,0,0,0,0,0,0,0,0,0,0.00414485165794066,2.25275963054742e-05,0,0,0,0,0,0,0,0,0,0,0,0,0,0,0,0,0,0,0,0,0,0,0,0,0,0,0,0,1.80505415162455e-07,0
0,0,0,0,0,0,0,0,0,0,0,0,0,0,0,0,0,0,0,0,0,0,0,0,0,0,0,0,0,0,0,4.09785682088268e-05,0,0,0,0,0,0,0,0,0,0,0,0.0014367816091954,0,0,0,0,0,0,0,0,0,0,0.00017860332202179,0,0,0,0,0,0,0,0,0,0,0,0,0,0,0,0,0,0,2.47437781769774e-06,0,0,0,0,0,0,0,0,0,0,0.00402419600799756,0,0,0,0,0,0,0,0,0,0,0,0,0,0,0,0,0,0,0,0,0,2.49345468146116e-05,0,0,0,0,0,0,0,0,0,0,0,0,0,0,0,0,0,0,0,0,0,8.5397096498719e-05,0,0,0,5.93154991399253e-05,0,0,0,0,0,0,0,0,0,0,0,0,0,0,0,0,0,0,0,0,0,0,0,0,0,0,0,0.000580046403712297,0,0,0,0,0,0.971533675686352,7.24165399377218e-05,0,0,0,0,0,0,0,0,0,0,0,0,0,0,0,0.000835247442054709,0,0,0,0,0,0,0,0,0,0,0,0,0,0,0,0,0,0,0,0,0,0,0,0,0,0,0,0,0,0,0,0,0,0,0,0,0,0,0,0,0,0,0,0,0,0,0,0,0,0,0,0,0,0,0,0,0,0,0,0,0,0,0,0.000111994624258036,0,0,0,0,0,0,0,0,0,0,0,0,0,0,5.30760207845697e-06,0,0,0,0,0,2.4485752271278e-07,0,0,2.55938847677995e-05,0,2.83136129019471e-06,0,0,0,0,0,0,0,0,0,0,0,0,0,0,0,0,0,0,0,0,0,0,0.000402063928164578,0,0,0,0,0,0,0,0,0,0,0,0,0,0,0,0,0.000132259228087051,0,0.00185202333549403,0,0,0,2.17074658487294e-06,0,0,0,0,0,0,0,0,0,0,0,0,0,0,0,0,0,0,0,0,0,0,0,8.84642604387827e-05,0,0,0,0,0,0,0.0110014744244074,0,0,0.000840689365279529,0,0,0,0,0,0,0,0,0,0,0,0,0,0,0,0,0,0,0,0,0,0,0,0,0,0,0,0,0,0,0,0,0,0,0,0,0,5.00375281461096e-05,0,0,0,0,0,0,0,0,0,0,0,0,0,0,0,0,0,0,0,0,0,0,0,0,0,0,0,0,0,0,0,0,0,0,0,0,0,0,0,0,0,0,0,3.28601472134595e-05,0,0,0,0,0,0,0,0,0,0,1.66575050388953e-05,0,0,0,0,0,0,0,0,0,0,0,0,0,0,0,0,0,0,0,0,0,0,0,0,0,0,0,0,0,0,0,0,0,0,0,0,0,0,0,0,0,0,0,0,0,0,0,0,0,0,0,0,0,0,0,0,0,0,0,0,1.66102885788486e-06,0,0,0,0,0,0,0,0,0,0,0,0,0,0,0,0,0,0,1.30874635186954e-05,0,0,2.3191094619666e-05,0,0,0,0,0,0,0,0,0,0,0,0,0,0,0,0,0,0,0,0,0,0,0,0,0,0,0,0,0,0,0,0,0,0,0,0,0,0,0.000854603463992707,0,0,0,0,0,2.83350334353395e-05,0,0,0,0,0,0,0,0,0,0,0,0.000178794922224209,0,4.65202828433197e-05,0,0,0,0,0,0,0,0,0,0,0,0,0,7.5648687495272e-05,0,0,0,0,0,0,0,0,0,0,1.59979522621104e-05,0,0,0,0,0,0,8.73074770917086e-05,0,0,0,0,0,0,0,0,0,0,0,0,0,0,0,0,0,0,0,0,0,0,0,0,1.43747005270724e-07,0,9.02527075812274e-08,0
0,0,0,0,0,0,0,0,0,0,0,0,0,0,0,0,0,0,0,0,0,0,0,0,0,0,0,0,0,0,0,0,7.44956643523347e-06,0,0,0,8.75886835420864e-05,0,0,0,0,0,0,0,0,0,0,0,0,0,0,0,0,0,0,0,0,0,0,0,0,0,0,0,0,0,0,0.000327611060149391,0,0,0,0,0,0,0,0,0,0,0,0,0,0.00086400552963539,0,0,0,0,0,0,0,0,0,0,0,0,0,0,0,0,0,0.000213356091316407,0,0,0,0,0.000143410296859315,0,0,0,0,0,0,0,0,0,0,0,0,0,0,0,0,0,0,0,0,0,0,0,0,1.10133371512902e-05,0,0,0,0,0,0,0,0,0,0,0,0,0,0,0,0,8.05996614814218e-05,0,0,0,0,0,0,0,0,0,0,0,0,0,0,0,0,0,0,0,0,0.983561445434137,0,3.98612827360784e-05,0,0,0.000167532249958117,0,0.00032478077297824,0,0,1.05767501877373e-05,0,0,0,0,0,0,0,0,0,0,0,0,0.000561482313307131,0,0,0,0,0,0,0,3.65150076681516e-05,0,0,0,0,0,0,0,0,0,0,0,0,0,0,0,0,0,0,0,0,0,0,0,0,0,0,0,0,0,0,0,0,0,0.00191728293618187,0,0,0,0,0,0,0,0,0.000182149362477231,0,0,0,0,0,0,0,0,0,0,0,0,0,0,0,0,0,0,0,0,0,0,0,0,0,0,0,0,0,0,0,0,0,0,0,0,0,0,0,0,0,0,0,0,0,0,0,0,0,0,0,0,0,0,0,0,0,0,0,0,0,0,0,0,0,0,0,0,0,0,0,0,0,0,0,0,0,8.90006099797903e-05,0,0,0,0,0,0,0,0,0,0,0,0,0,0,0,0,0,0,0,0,0,0,0,0,0,0,0,0,0,0,0,0,0,0,0,0,0,0.000103434009102193,0,0,0,0,1.67156993848623e-05,0,0,0,0,0,0,0,0,0,0,0,0,0,0,0,0,0,0,0,6.8260783497273e-06,0,0,0,0,0,0,0,0,0,0,0,0,0,0,0,0,0,0,0,0,0,0,0,0,0,0,0,9.32227090519251e-05,0,0.00201726781247478,0,0,0,0,0,0,0,0,0.000292312189418299,0,0,0,0,0,0,0,0,0,0,0,0,0,0,0,0,0,0,0,0,0,0,0,0,0,0,0,0,0,0,0,0,0,0,0,0,0,0,0,0,0,0,0,0,0,0,0,0,0,0,0,0,0,0,0,0,0,0,0,0,0,0,0,0,0,0.000384418247052793,0,0,0,0,0,0.00175153259101714,0,0,0,0,0,0,0,0,0,0.00157952930026852,0,0,0,0,0,0,0,0,0,0,0,0,0,0,0,0,0,0,0,0,0,0,0,0,0,0,0,0,3.66099212886692e-05,0,0,0,0,0,0,0,0,0.000117308933075254,0,0,0,0.000113507377979569,0,0,0,0,0,0,0,0,0,0,0,0,0,0,0,0,0,0,0,0,0,0,2.84867821330902e-05,0,0,0,0,0,0,0,0,0,0,0,0,0,0,0,0,0,0,0,0,0,0,0,0,0,0,0,0,0,0,0,0,0,0,0,0,0,0,0,0.00296931705707687,0,0,0,0,0,0,0,0,0,0,0,7.93704337197351e-06,0,0,0,0,0,0,0,0,0.000171408981830648,0,0,0,0,0,0,0,0,0,0,0,0,0,0,0,4.79156684235745e-08,0,0,0
0,0,0,0,0,0,0,0,0,0,0,0,0,0,0,0,0,0,0,0,0,0,0,0,0,0,0,0,0,0,0,0,0,0,0,0,0,0,0,0,0,0,0,0,0,0,0,0,0,0,0,0,0,0,0,0,0,0,0,0,0,0,0,0,0,0,0,0,0,0,0,0,0,0,0,0,0,0,0,0,0,0,0,0,0,0,0,0,0,0,0,0,0,0,0,0,0,0,0,0,0,0,0,0,0,0,0,0,0,0,0,0,0,0,0,0,0,0,0,0,0,0,0,0,0,0,0,0,0,0,0,0.000579307148650214,0,0,0,0,0,0,0,0,0,0,0,0,0,0,0,0,0,0,0,0,0,0,0,0,0,0,0,0,0,0,0,0,0,0,0,0,0.979652395082662,0,0,0,0,0,0,0,0,0,0,0,0,0,0,0,0,0,0,0,0,0,0,0,0,0,0,0,0,0,0,0,0,0,0,0,0,0,0,0,0,0,0,0,0,0,0,0,0,0,0,0,0,0,0,0,0,0,0,0,0,0,0,0,0,0,0,0,0,0,0,0,0,0,0,7.17291507268554e-05,0,0,0,0,0,0,0,0,0,0,0,0,0,0,0,0,0,0,0,0,0,0,0,0,0,0,0,1.42188248709997e-06,0,0.000201026651603825,0,0,0,0,0,0,0,0,0,0,0,0,0,0,0,0,0,0,0,0,0,0,0,0,0,0,0,0,0,0,0,0,0,0,0,0,0,0,0,0,0,0,0,0,0,0,0,0,0,0,0,0,0,0,0,0,0,0,0,0,0,0,0,0,0,0,0,0,0,0,0,0,0,0,0,0,0,0,0,0,0,0,0,0,0,0,0,0,0,0,0,0,0,0,0,0,0,0,0,0,0,0,0,0,0,0,0,8.41042893187553e-05,0,0,0,0,0,0,0,0,0,0,0,0,0,0,0,0,0,0,0,0,0,0,0,0,0,0,0,0,0,0,0,0,0,0,0,0,0,0,0,0,0,0,0,0,0,0,0,0,0,0,0,0,0,0,0,0,0,0,0,9.42507068803016e-05,0,0,0,0,0,0,0,0,0,0,0,0,0,0.000131700250230475,0,0,0,0,0,0,0,0,0,0,0,0,0,0,0,0,0,0,0,0,0,0,0,0,0,0,0,0,0,0,0,0,0,0,0,0,0,0,0,0,0,0,0,0,0,0,0,0,0,0,0,0,0,0,0,0,0,0,0,0,0,0,0,0,0,0,0,0,0,0,0,0,0,0,0,0,0,0,0,0,0,0,0,0,0,0,0,0,0,0,0,0,0,0,0,0,0,0,0,0,0,0,0,0,0,0,0,0,0,0,0,0,0,0,0,0,0,0,0,0,0,0,0,0,0,0,0,0,0,0,0,0,0,0,0,0,0,0,0,0,0,0,0,0,0,0,0,0,0,0,0,0,0,0,0,0,0,0,0,0,0,0,0,0,0,0,0,0,0,0,0,0,0,0,0,0,0,0,0,0,0,0,0,0,0,0,0,0,0,0,0,0,0
0,0,0,0,0,0,0,0,0,0,0,0,0,0,0,0,0,0,0,0,0,0,0,0,0,0,0,0,0,0,0,0,0,0,0,0,0,0,0,0,0,0,0,0,0,0,0,0,0,0,0,0,0,0,0,0.000135098621994056,0,0,0.000154942671211652,0,0,0,0,0,0,0,0,0,0.000400962309542903,0,0,0.00882436663820097,0,0,0,0,0.00414333706606943,0,0,0,0,5.76003686423593e-05,0,0,0,0,0,0,0,0,0,0,0,0,0,0,0,0,0,0,0,0,0,0,0,0,0,0,0,0,0,0,0,0,0,0,0,0,0,0,0,0,0,0,0,0,0,0,0,0,0,0,0,0,0,0.000162096447386195,0,0.00012131505519835,0,0,0,0,0,0,0,0,0,0,0,0,0,0,0,0,0,0,0,0,0,0,0,0,0,0,0,0,0,7.24165399377218e-05,0,0.980467971459322,0,0,0.000167532249958117,0,0,0,0,0.00011634425206511,0,0,0,0.000424508277911419,0,0,0,0,0,0,0,0,0,0,0,0,0,0,0,0,0,0,0,0,0.000885347498893316,0,0,0,0,0,0,0,3.76789751318764e-05,0,0,0,0,0,0,0,0,0,0,0,0,0,0,0,0,0,0,0,0,0,0,0,0,0.000216076058772688,0,0,0,0,0,0.000182149362477231,0,0,0,0,0,0,0,0,0,0,0,0,0,0,0,0,0,0,0,0,2.65380103922849e-06,0,0,0.000381898033225129,0,0,8.16191742375933e-08,0,0,0,0,0,0,0,0,0,0,0,0,0,0,0,0,0,0.00019782393669634,0,0,0,0,0,0,0,0,0,0,0,0,0,0,0,0,0,0,0,0,0,0,0,0,0,1.74956698217191e-05,0,0,0,0,0,0,0.000253977350430133,0,0,0,8.11293201362973e-05,0,0,0,0,0,0,0,0,0,0,0,0,0,0,0,0,0,0,0,0,0,0,0,0,0,0,0,0,0,0,0,0,0,0,0,0,0.00300381253128971,0,0.000685343674779353,0,0,0,0,0.000957985493362529,0,0,0,0,0.00498753117206983,0,0,0,0,0,0,0,0,0,0,0,0,0,0,0,0,0,0,0,0,0,0,0,0,0,0.00172413793103448,0,0,0,0,0,0,0,0,0,0,0,0.000139834063577888,0,0,0.000175870559268378,0,0,0,0,0,0,0,0,0,4.65116279069767e-05,0,0,0,0,0,0,0,0,0,0,0,0,0,0,0,0,0,0,0,0,0,0,0,0,0,0,0,0,0,0,0,0,0,0,0,0.000342817963661296,0,0,0,0,0,0,0,0,0,0,0,0,0.000207684319833853,0,0,0,0,0.0027114967462039,0,0,0,0,0,0,0,0,0,0,0,0,0,0,0,0.000125109470786939,0,0,0,0,0,0,0,5.83294447036864e-05,0,0,0,0,0,0,7.98849656494648e-05,0,0,0,0,0,0,0,0,0,0,0,0,0,0.00143361270401412,0,0,0,0,0,1.44684298859888e-05,0,0,0,0,0,0,0,0,0,0,0,0,0,0.000144320969836917,0,0,0,0.000158503724837534,0,0,0,0,0,0,0,0,0,0,0,0,0,0,0,0,0,0,0,0.000520291363163372,0,2.84867821330902e-05,0,0,0,0.00139397107510019,0,0,0,0,0,0,0,0,0,0,0,0.00759201188314903,0,0,0,0,0,0,3.04766548823601e-05,9.20047842487809e-05,0,0,0,0,0,0,0,0.00015008254539997,0,0,0,0,0,0,0,0,0,0,0,0,0,0,0,0,0,0,0,7.93704337197351e-06,0,0,0,0,0,0,0,0,0.000171408981830648,0,0,0,0.000271812992661049,1.57711293705742e-05,0,0,0,0,0,0,0,0,0,0,0,0,0,3.81679389312977e-07
0,0,0,0,0,0,0,0,0,0,0,0,0,0,0,0,0,0,0,0,0,0,0,0,0,0,0.00996677740863787,0,0,0,0,0,0,0,0,0.000250563768479078,0,0.000720461095100865,0,0,0,0,0,0,0,0,0,6.73241996835763e-05,0,0,0,0,0,0,0,0,0,0,0,0,0,0.000567013962718832,0,0,0,0,0,0,0,0,0,0,0,0,0,0,0,0,0,0,0,0,0,0,0,0,0,0,0,7.04374163555681e-05,0,0,0,0,0,0,0,0,0,0,0,0,0.000418672807201172,0,0,0,0,0,0,0,0,0,0,0,0,0,0,0,3.26675682915515e-06,0,0,0,0,0,0,0,0,0,0,0,0,0,0,0,0,2.70160745643658e-05,0,0,0,0,0,0,0,0,0,0,0,0,0,0,0,0,0,0,0,0,0.000839387094804957,0,0,0,0,0,0,0,0,0,0,0,0,0,0.988641244690498,0,0,0,0,0.000547461905775723,0.000233590282644242,0,0,8.55480780198471e-05,9.67164756516273e-05,0,0,0,0,0,0,0,0,0,0,5.07572988995818e-06,0,0,0,0,0,0,0,0,0,0,0,0,0,0,0,0.000150647785477553,0,0,0,0,0,0,0,0,0,0,0,0,0,0,0,0,0,0,0,0,0,0,0,0,0,0,2.42643847360844e-05,0,0,0,0,0,0,0,0,0,0,0,0,0,0,0,0,0,0,0,0,0,0,2.51170033740508e-05,0,0,0,0,0,0,0,0,0.000822368421052632,0,0,0,0,0,0,0,0,0,0,0,0,0,0,0,0,0,0,0,0,0,0,4.93559054340852e-05,0,0,0,0,0,0,0,0,0,0,0,0,0,0,0,0,0,0,0,0,0.000113374400060466,0,0,0,0,0,0,0,0,4.34149316974587e-06,0,0,0,0,0,0,0,0,0,0,0,9.19667080516853e-05,0,0,0,0,0,0,0,0,0.0011054609772275,0,0,0,0,0,0,0,0,0,0,0,0,0,0,0,0,0,0,0,0,0,0,0,0.000901713255184851,0,0,0,0,0,0,0,0,0,0,0,0,0,0,0,0,0,0,0,0,0,0,0,0,0,0,0,0,0,0,0,0,0,0,0,0,0,0,0,3.09386795371574e-05,0,0,0,0,0,0,0,0,0,0,3.63279689032586e-05,0,0,0,0,0,0,3.93454663093515e-05,0,0,0,0,0,0,0,0,0,0,0,0,0,0,0,0,0.000181702552920869,0,0,0,3.68663594470046e-05,0,0,0,0,0,0,0,0,0,0,0,0,0,0,0,0,0,0,0,8.76501007976159e-05,0,0,0,0,0,0,0,0,0,0,0,0,0,0,0,0,0,0,0,0,0,0,0,0,0,0,0,0,0,0,0,0,0,0,0,0,0,0,0,0,0,0,0,0,0,0,0,0,0,0,0,0,0,0,0,0.00373951112732579,0,0,0,0,0,4.47147200858523e-05,0,0,0,0,0,0,0,0,0,0,0.000167224080267559,0,0,0,0,0,0,0,0,0,0,0,0.000101564086938858,0,0,0,0,0,0,0,0,0,0,0,0,0,0,0,0,0,0,6.83060109289617e-05,0,0,0,0,0,0,0,0,0,0,0,0,0,0,0,0,0,0,0,0,0,0,0,0,0,0,0,0,0,0,0,0,0,0,0,0,0,0,0,0,0,0,0,0,0,0,0,0,0,0,0,0,0,0,0,0,0.000188679245283019,0,0,0,0,0,0,0,0,0,0,0.000104975855553223,0,0,0,0,0,0,0,0,6.5641205172527e-05,0,0,0,0
0,0,0,0,0.000130565347956652,2.76571618220538e-05,7.15903656549516e-06,1.45888497421421e-05,0,0,0,0,0,0,0,0,0,0,0,0,0,0,0,0,0,0,0,0,0,0,0,0,7.44956643523347e-06,0,0,0,0,0,0,0,0,7.74035744970703e-06,0,0,0,0,0,0,0,0,0,0,0,0,0,0,0,0,0,0,0.000512257175869272,0,0,0,0,0,0,0,0,0,0,0,0,0,1.30206637934402e-05,0,0,0,0,0,0,0,0,0,0,0,0,0,0,0,0,0,0,0,9.67202174270488e-06,0,0,0,0,0,0,0,0,0,0,0,0,0,0,0,0,0,0,0,0,0,0,0,0,0,0,0,0,0,0,0,0,0,0,0,0,0,0,0,0,0,0,0,0,0,0,0,0,0,0,0,0,0,7.00549931696382e-05,0,0,0,0,0,0,0,0,0,0,0,0,0,0,0,0,0,0,0,0,0,0,0.968657187993681,0,0,0,0,0,0,0,0,0,0,0,0,0,0.000254478827361564,0,0,0,0,0,0,0.000160744686292132,0.00010011599646487,0,0,0,0,0,0,0,0,0,0,0,0,0,0,0,0,0,0,0,0,0,0,0,0,0,0,0,0,0,0,0,0,0,0,0,0,7.00471417263819e-06,0,0,0,0,0,0,0,0,0,0,0,0,0,0,0,0,0,0,0,0,0,0,0,0,0,0,0,0,0,0,0,0,0,7.45156482861401e-05,0,0,0,6.93762981019543e-06,0,0,0,0,0,0,0,0,0,0,0,0,0,0,0,1.90124912067228e-05,0,0,0,0,0,0,0,0,0,0,1.12731945978851e-05,0,0,0,0.00318025696476275,0,0,0,0,0,0,0,0,0,0,0,0,0,0,0,0,0,0,0,0,0,0,0,0,0,0,0,0,0,0,0,0,0,0,0,0,0,0,0,0,0,1.39125982751161e-06,8.02536013803619e-06,0,0,0,0,0,0,0,0,0,0,0,0,0,0,0,0,0,0,0,0,0,0,0,0,0,0,0,0,0,0,0,0,0,5.92880688690208e-06,0,0,0,0,0,0,0,0,0,0,0,0,0,0,0,0,0,0,0,0,0,0,0,0,0,8.00403403315271e-06,0,0,0,0,0,0,0,0,3.57595811837852e-06,0,0,0,0,0,0,0,0,0,0,0,0,0,0,3.5405624537514e-06,0,8.95575855274942e-05,0,0,0,0,9.82163903512218e-06,0,0,0,0,0,0,0,0,0,0,0,0,0,0,0,0,0,0,0,0,0,0,0,0,0,0,0,0,0,0,3.80334186972286e-05,0.000303352040042469,0,0,0,0,0,0,0,0,0,0,0,0,0,5.3984020729864e-05,0,0,0,0,0,0,0,0,0,0,0,0,0,0,0,0,0,0,0,0,0,0,0,0,0,0,0,8.30514428942431e-07,0,0,0,0,0,0,0,3.97413632082408e-06,2.24294705299187e-06,0,0,0,0,0,0,0,2.38685131348428e-06,0,0,0,0,0,0,0,0,0,8.0901567063354e-06,0,0,0,0,0,0,0,0,0,9.97687858388185e-06,0,0,0,0,0,0,0,0,0,0,0,0,0,0,0,0,0,0,0,0,0,0,0,0,0,0,0,0,0,0,0,0,0,4.71827198007002e-06,0,0,0,0,0,0,0,0,0,0,0,0,0,0,0,0,0,2.17520240258356e-06,0,0,0,0,0,0,0,0,0,0,0,0,0,0,0,0,0,0,0,0,0,0,0,0,0,0,0,0,0,3.24075574423956e-05,0,5.5972237770066e-05,0,0,0,0,0,0,0,0,0.000720616848021907,0,0,0,0,0,0,0,4.79156684235745e-08,6.07533414337789e-08,0,0
0,0,0,0,0,0,0,0,0,0,0,0,0,0,0,0,0,0,0,0,0,0,0,0,0,0,0,0,0,0,0,0,0,0,0,0,0,0,0,0,0,0,0,0,0,0,0,0,0,0,0,0,0,0,0,0,0,0,0,0,0,0,0,0,0,0,0,0,0,0,0,0,0,0,0,0,0,0,0,0,0,0,0,0,0,0,0,0,0,0,0,0,0,0,0,0,0,0,0,0,0,0,0,0,0,0,0,0,0.000335382895472331,0,0,0,0,0,0,0,0,0,0,0,0,0,0,0,0,0,0,0,0,0,0,0,0,0,0,0,0,0,0,0,0,0,0,0,0,0,0,0,0,0,0,0,0,0,0,0,0,0,0,0,0,0,0,0,0,0,0,0,0,7.97225654721569e-05,0,0,0.98224158150444,0,0,0,0,0.000338456006007594,0,0,0,0,0,0,0,0,0,0,0,0,0,0,0,0,0,0,0,0,0,0,0,0,0.000442673749446658,0,0,0,0,0,0,0,0,0,0,0,0,0,0,0,0,0,0,0,0,0,0,0,0,0,0,0,0,0,0,0,0,0,0,0,0,0,0,0,0,0,0,0,0,0,0,0,0,0,0,0,0,0,0,0,0,0,0,0,0,0,0,0,0,0,0,0,0,0,0,0,0,0,0,0,0,0,0,0,0,0,0,0,0,0,0,0,0,0,0,0,0,0,0,0,0,0,0,0,0,0,0,0,0,0,0,0,0,0,0,0,0,0,0,0,0,1.51952260941105e-05,0,0,0,0.000243387960408892,0,0,0,0,0,0,0,0,0,0,0,0,0,0,0,0,0,0,0,0,0,0,0,0,0,0,0,0,0,0,0,0,0,0,0.000617426873504669,0,0.000115531251203451,0,1.67156993848623e-05,0,0,0,0,0.00136855070480361,0,0,0,0,0.000191828122002686,0,0,0,0,0,0,0,0,0,0,0,0,0,0,0,0,0,0,0,0,0,0,0,0,0,0,0,0,0,0,0,0,0,0,0,0,0,0,0,0,0,0,0,0,0,0,0,0,0,0,0,0,0,0,0,0,0,0,0,0,0,0,0,0,0,0,0,0,0,0,0,0,0,0,0,0,0,0,0,0,0,0,0,0,0,0,0,0,0,0,0,0,0,0,0,0,0,0,0,0,0,0,0,0,0,0,0,0,0,0,0,0,0,0,0,0,0,0,0,0,0,0,0,0,0,0,0,0,0,0,0,0,0,0,0,0.000239654896948394,0,0,0,0,0,0,0,0,0,0,0,0,0,0,0,0,0,0,0.000283045570336824,0,0,0,0,0,0,0,0,0,0,0,0,0,0,0,0,0,0,0,0,0,0,0,0,0,0,0,0,0,0,0,0,0,0,0,0,0,0,0,0,0,0,0,9.6515780330084e-05,0,0,0,0,0,0,0,0,0,0,0,0,0,0,0,0,0,0,0,0,0,0,0,0,0,0,0,0,0,0,0,0,0,0,0,0,0.000329924117452986,0,0,0,0,0,0,0,0,0,0,0,0,0,0,0,0,0,0,0.00814901047729918,0,0,0,0,0,0.00217450394128839,0,0,0,0,0,0,0,0,0,0,0,0,0,0,0
0,0,0,0,0,0.00094034350194983,2.86361462619806e-06,7.29442487107104e-06,0,0,0,0,0,0,0,0,3.93344609212131e-05,0.000408496732026144,0,8.42722668397057e-06,6.34367493317996e-06,0,0,0,0,0,0,0,3.3398646241539e-05,0.000100677897845493,0,0,0,0,0,0,0,0,0,0,0,0,0,0,0,0,0,0,0,0,0,0,0,0,0,0,0,0,0,0,0,0,0,0,0,0,0,0,0,0,0,0,0,0,0,0,0,0,0,0,0,0,0,0,0,0,0,0,0,0,0,0,0,3.076232107865e-06,0,0,0,0,0.00247043731185937,0,0,0,0,0,0,0,0,0,0,0,0,3.64794863688319e-05,0,0,0.00180346398058575,0,0,0,3.26675682915515e-06,0,0,0,0,0,0,3.35979733702463e-06,0,0,0,0.000308373440236126,0,0,0,0,0,0,0,0,0,0,0,0,0,0,0,0,0,0,3.50274965848191e-05,0,0,0,0,9.13659205116492e-05,0,8.10418743364697e-06,0,0,0,0,0,0,0,0,0,0,0,0,0,0,0,0,0,0.972141773548476,0,0,0,0,0,0,0,0,0,0.000208811860513677,0,5.08957654723127e-05,0,0,0,0,0,0,0,6.90455148033584e-06,0,0,0,0,0,0,0,0,0,0,0,0,0,0,1.7028232809999e-05,0,0,0.000427968604223194,0,0,0,0,0,0,0,0,0,0,0,0,0,0,0,0,0,0,2.10141425179146e-05,1.38404473232575e-05,0,0.000826446280991736,0,0,0,0,0.000104881169634804,0,0,0,0,0,0,0,0,0,0.000459643316786174,0,0.000158679784195493,0,0,0,0,0,0,0,0,0,0,0,0,0.0021491510853213,0.000894187779433681,0,0,0,6.0398188935819e-06,0,0,1.42188248709997e-06,0,0,0,0.000561429774492374,3.32845160431367e-05,0,0,6.20628448366816e-06,0,0,0,9.28203462198914e-05,0,0.000188837255127342,0,0.0002028671896132,0,0,0,0,0,0,0,0.000112731945978851,0,0,0,0,0,0,0,0,0,0,0,0,0,0,0,0,0,0,0,0,0,0,0,0,0,0.00014682131845544,0,0,0,0,0,0,0,0,0,0,0,0,6.57591898467811e-05,0,0,0,1.6548345992818e-05,0,0,2.78251965502321e-06,0,8.84642604387827e-05,0,0,0,0,0,0.000300255216934394,0,0,0,0,0,0,0,0,0,0,0,0,0,0,0,0,0,0,0,0.000194628260023355,0,0,0,0,0,0,0,0,0,0,0,0,0,0,0,0,0,0,0,0,0,0,0,0,6.1012440436605e-06,0,0,0,0,0,0,8.11589498031895e-05,8.00403403315271e-06,0,0,0,0,0,0,0,0,7.15191623675703e-06,0,0,0,0,0,0,0,0,0,0,0,0,0.000392091630625921,0,0,0,0,0,0,0,0,0,0,0,0,0,0,0,0,0,0,0,0,0,0,0,0,0,0,0,0,0,0,0,0,0,0.00140029873039582,0,0,0,0,0,0,5.05586733404116e-05,0,0,0,0,0,0,0,0,0,0,0,0,0.000104555117973025,0,0,0,0,0,0,0,0.000180034206499235,0,0,0,0,0,0,0,0,3.26519950368968e-05,0,0,0,0,3.12052399838981e-06,0,0,0,0,0,0.00530142381096637,3.32205771576973e-06,0,0,0,0,2.73374922771584e-06,0.00131397689943838,0,0,1.79435764239349e-05,0,0,0,0,0,0,0,0,0,0,0,0,0,0,0,0,0,2.6967189021118e-06,0,0,0,2.25580870742161e-05,0,0,0,0,0,2.49421964597046e-06,0,0,0,0,0,0,0,0,0,0,0,0,0,0,6.92343374620077e-06,0,0,0,0,0,0,0,0,0,0,0,0,0,0,0,0,0,0,2.35913599003501e-06,0,0,0,0,4.41580386765541e-06,0,0,0,0,0,0,0,0,0,0.000519345624513113,0,8.21247310415058e-06,1.37762818830292e-05,0,0,0,0,0.000209775540172016,0,0,0,0,0,0,0,0,0,0,0.000274393590165734,0,0.000164122763827343,0,0,0,0,0,0,0,0,0.000326370757180157,0,0,0,0,0,0,0,0,0,0,0,0,0,0,0,0,0,0,5.75979988809532e-05,0,0,1.91662673694298e-07,9.11300121506683e-07,0,0
0,0,0,0,0,0,0,0,0,0,0,0,0,0,0,0,0,0,0,0,0,0,0,0,0,0,0,0,0,0,0,0,0,0,0,0,0,0,0,0,0,0,0,0,0,0,0,0,0,0,0,0,0,0,0,0,0,0,0.000154942671211652,0,0,0,0,0,0,3.92279930958732e-05,0,0,0,0,0,0.000284656988329063,0,0,0,0,0,0,0,0.000185459940652819,0,0.00172801105927078,0,0,4.23599579789217e-06,0,0,0,0,0,0,0,0,0,0,0,0,0,0,3.2824014048678e-05,0,0,0,0,0.000286820593718629,0,0,0,0,0,0,0,0,0,0,0,0,0,0,0,0,0,0,0,0,0,0,0,0,0,0,0,0,0,0,0,0,0,0,0,0,0,0,0,0.000518761888293273,0,8.05996614814218e-05,0,0,0,0,0,0,0,0,0,0,0,0,0,0,0,0,0,0,0,0,0.000144833079875444,0,7.97225654721569e-05,0,0,0,0,0.932445599220526,0,0,3.17302505632119e-05,0,0,0,0,0,0,0,0,0,0,0,0,0,0,0,0,0,0,0,0,0.000109545023004455,0,0,0,0,0,0,0,0,0,0,0,0,0,0,0,0,0,0,0,0,0,0,0,0,0,0,0,0,0,0,0,0,0,0.000273897562311695,0,0,0,0,0.00011877895236964,0,0,0,0,1.74895499938787e-05,0,0,0,0,0,0,0,0,0.000163880694854146,0,0,0,0,0,0,0,0,0,0,2.65380103922849e-06,0,0,0,0,0,0,0,0,0,0,0,0,0,0,0,0,0,0,0,0,0,0,0,0.00267062314540059,0,0,0,0,0,0,0,0,0,0,0,0,0,0,0,0,0,0,0,0,0,0,0,0,0,0,0,0,0,0,0,0,0.000818371462497097,0,0,0,0,0,0,0,0,0,0,0,0,0,0,0,0,0,0,0,0,0,0,0,0,0,0,0,0,0,0,0,0,0,0,0,0,0,0,0,0,0.000115531251203451,0,0.000234019791388072,0,0,0,0,0.000136855070480361,0,0,0,0,0,0,0,0,0,4.50653447498873e-05,0,0,0,0,0,0,0,0,0,0,0,0,0,0,0,0,0,0,0,0,0,0,0,0,0,0,0,0,0,0,0,0,0.00125850657220099,0,0.00056483498749294,0,0,0,0,0,0,0,0,0,0,4.65116279069767e-05,0,0,0,0,0,0,0,0,0,0,0,0,0,0,0,0,0,0,0,0,0,0,0,0,0,0,0,2.7680894646515e-05,0,0,0,0,0,0,0,0,0,0,0,0,0,0,0,0,0,0.000456516776991554,0,0,0,0,0,0,0,0,0,0,0,0,0,0,0,0,0,0,0,0,0,0,0,0.000250218941573877,0,0,0,0,0,0,0,0,0,0,0,0,0,0,0,0,0,0,0,0,0,0,0,0,0,0,0,0,0.000220555800617556,0,0,0,0,0,0,0,0,0,0,0,0,0,0,0,0,0,0,5.86544665376268e-05,0,0,0,0,0.000158503724837534,0,0,0,0,0,0,0,0,0,0,0,0,2.30781124873359e-06,0,0,0,0,0,0,0,0,0,0,0,0,0,0,0,0,0,0,0,0,0,0,0,0,0,0,0,0,0,0,0,0,0,0,0,0,0,0,0,0,0,0,0,0,0,0,0,0,0,0,0,0,0,0,0,0,0,0,0,0,0,0,0,0,0,0,0,0,0,0.000742772254599474,0,0,0,0,0,0,0,0,0,0,0,0,0,0,0,1.43747005270724e-07,0,0,0
0,0,0,0,0,0,0,0,0,0,0,0,0,0,0.000639386189258312,0,0,0,0,0,0,0,0,0,0,0,0.00158202816010125,0,0,0,0,4.09785682088268e-05,0,0,0,0.00851916812828865,0,0.000360230547550432,0,0,0,0,0,0,0,0,0,0,0,0,0,0,0,0,0,0,0,0,0,0,0,0,0,0,0,0,0,0,0,0.000124470998257406,0,0,0,0,0,0,0,0,0,0,0,0,0,0,0,0,0,0,0,0.000140874832711136,0,0,0,0,0,0,0,0,0,0,0,0,0.000209336403600586,0,0,0,0,0,0,0,0,0,0,0,0,0,0,0,0,0,0,0,0,0,0,0,0,0,0,0,0,0,0,0,0,2.70160745643658e-05,0,0,0,0,0,0,0,0,0,0,0,0,0,0,0,0,0,0,0,0,0.000198400586044808,0,0,0,0,0,0,0,0,0,0,0,0,0,0.000668162077029542,0,0,0,0,0.989506980139299,0,0,0.000545553737043099,0.000826964754191856,9.67164756516273e-05,0,0,0,0,0,0,0,0,0,0,3.04543793397491e-05,0,0,0,0,0,0,1.82575038340758e-05,0,0,0,0,0,0,0,0,0.000150647785477553,0,0,0,0,0,0,0,0,0,0,0,0,0,0,0,0,0,0,0,0,0,0,0,0,0,0,8.08812824536146e-06,0,0,0,0,0,0,0,0,0,0,0,0,0,0,0,0,0,0,0,0,0,0.000251952632905014,1.25585016870254e-05,0,0,0,0,2.65380103922849e-06,0,0,0,0.0119243421052632,0,0,0,0,0,0,0,0,0,0,0,0,0,0,0,0,0,0,0,0,0,3.77643504531722e-05,4.93559054340852e-05,0,0,0,0,0,0,0,0,0,0,0,0,0,0,0,0,4.32002764817695e-05,0,0,0,0.000604663466989154,0,0,0,0,0,0,0,0,8.68298633949174e-06,0,0,0,0,0,0,0,0,0,0,0,0.00119556720467191,0,0,0,0,0,0,0,0,0,0,0,0,0,0,0.000244319569997557,0,0,0,0,0,0,0,0,0,0,0,0,0,0,0,0,0,0.000801522893497645,0.000543478260869565,0,0,0,0,0,0,0,0,0,0,0,0,0,0,0,0,0,0,0,0,0,0.000244857982370225,0,0,0,0,0,4.27414356848247e-05,0,0,4.17367496254127e-06,0,0,3.38249222026789e-05,0,0,0,0,0,0,8.8073135932078e-06,0,0,0,0,0,0,0,0,0,0.000207986688851913,0,0,0,0,0,0.000104921243491604,0,0,0,0,0,0,0,0,0,0,0,0,0,0,0,0,9.08512764604343e-05,0,0,0,3.68663594470046e-05,0,0,0,0,0,0,0,0,0,0,0,0,0,0,0,0,0,0,0,0,0,0,0,0,0,0,0,0,0,0,0,0,0,0,0,0,0,0.000204708290685773,0,0,0,0,0,0,0,0,0,0,0,0,0,0,0,0,0.000150060024009604,0,0,0,0,0,0,0,0,0,0,0,0,0,0,0,0,0,0,0,0,0.00793506019700839,0,0,0,0,0,0,0,0,0,0,0,0,0,0,0,0,0.000668896321070234,0,0,0,0,0,0,0,0,0,0,0,0,0,0,0,0,0,0,0,0,0,0,0,0.000118764845605701,0,0,0,0,0,0,0.000273224043715847,0,0,0,0,0,0,0,0,0,0,0,0,0,0,0,0,0,0,0,0,0,0,0,0,0,0,0,0,0,0,0,0.000477213075638272,0,0,0,0,0,0,0,0,0,0,0,0,0,0,0,0,0,0,0,0,0,0,0,0,0.00471698113207547,0,0,0,0,0,0,0,0,0,0,0.000104975855553223,0,0,0,0,0,0,0,0,0,0,0,0,1.52671755725191e-06
0,0,0,0,0,0,0,0,0,0,0,0,0,0,0,0,0,0,0,0,0,0,0,0,0,0.000451758631816715,0,0,0,0,0,0,0,0,0,0,0,0,0,0,0,0,0,0,0,0,0,0,0,0,0,0,0,0,0,0,0,0,0,0,0,0,0,0,0,0,0,0,0,0,0,0,0,0,0,0,0,0,0,0,0,0,0,0,0,0,0,0,0,7.04374163555681e-05,0,0,0,0,0,0,0,0,0,0,0,0,0,0,0,0,0,0,0,0,0,0,0.000570450656018254,0,0,0,0,0,0,0,0,0,0,0,0,0,0,0,0,0,0,0,0,0,0,0,0,0,0,0,0,0,0,0,0,0,0,0,0,0,0,0,0,0,0,0,3.05231670838166e-05,0,0,0,0,0,0,0,0,0,0,0,0,0,0,0,0,0,0,0,0.983531885073581,0,0,0,0.000290149426954882,0,0,0,0,0,0,0,0,0,0,0,0,0,0.00102075535896563,0,0,0,0,0,0,0,0,0,0,0,0,0,0,0,0,0,0,0,0,0,0,0,0,0,0,0,0,0,0,0,0,0,0,0,0,0,0,0,0,0,0,0,0,0,0,0,0,0,0,0,0,0,0,0,0,0,0,0,0,0,0.000755857898715042,0,0,0,0,0,0,0,0,0,0,0,0,0,0,0,0,0,0,0,0,0,0,0,0,0.000240038406144983,0,0,0,0,0,0,3.77643504531722e-05,0,0,0,0,0,0,0,0,0,0,0,0.000431778929188256,0,0,0,0,0,0,0,0,0,0,0,0,0,0,0,0,0,0,0,5.0612410162972e-05,0,0.000407276676622319,0,0,0,0,0,0,0,0,0,0,0,0,0,0,0,0,0,0,0,0,0,0,0,0,0,0,0,0,0,0,0,0,0,0,0,0,0,0,0,0,0,0,0,0,0,0,0,0,0,0,0,0,0,0,0,0,0,0,0,0,0,0,0,0,0,0,2.26244343891403e-05,0,0,0,0.00115401876349027,0,0,0,0,0,0,0,0,0,0,0,0,0,0,0,0,0,0,0,0,0,7.26559378065172e-05,0,0,0,0,0,0,4.37171847881684e-06,0,0,0,0,0.000120569086086327,0,0,0,0,0,0,0,0,0,0,0,0,0,0,0,0,0,0,0,0,0,0,0,0,0,0,0,0,0,0,0,0,0,0,0,0,0,0,0,0,0,0,0,0,0,0,0,0,0,0,0,0,0,0,0,0,0,0,0,0,0,0,0,0,0,0,0,0,0,0,0,0,0,0,0,0,0,0,0,0,0,0,0,0,0,0,0,0,0,0,0,0,0,0,0,0,0,0,0,0,0,0,0,0,0,0,0,0,0,0,0,0,0,0,0,0,0,0,0,0,0,0,0,0,0,0,0,0,0,0,0,0,0,0,0,0,0,0,0,0,0,0,0,0,0,0,0,0,0,0,0,0,0,0,0,0,0,0,0,0,0,0,0,0,0,0,0,0,0,0,0,0,0,0,0,0,0,0,0,0,0,0,0,0,0,0,0,0,0,0,0,0,0,0.000170241743275451,0,0,0,0,0,0,0,0,0,0,0,0,0,0,0,0,0,0,0,0,0,0,0,0,0,0,1.14503816793893e-06
0,0.000197511356903022,0,0,0,0,1.43180731309903e-06,0,0,0,0,0,0,0,0,0,0,0,0,0,0,0,0,0,0,0,0,0,0,0,0,0,0,0.000389408099688474,0,0,0,0,0,0,0,0,0,0,0,0,0,0,0,0,0,0.000972132209980557,0,0,0,0,0,0.000189861401177141,0,0,0,0,0,0,0,0,0,0,0.00400962309542903,0,0,0.0273270708795901,0,0,0,1.28183764244421e-05,0.000111982082866741,0,0,0,0,0,0,0,1.27079873936765e-05,0,1.58105266486427e-05,0,0,7.04374163555681e-05,0,9.85512959495417e-06,0,3.076232107865e-06,0,0,0,0,0,1.6412007024339e-05,0,0,0,0,0,0,0,0,0.000111794298490777,1.98027644659194e-05,0,0,0,4.9031625398382e-05,0,0,0,0,3.26675682915515e-06,0,0,0,0,0,0,0,0,0,0,0,0,0,0,0,0,2.70160745643658e-05,0,0,0,0,0,0,0,0,0,0,0,0.000672494956287828,0,0,0,0,0.001,0,0,0,0,0,0,0,0,0,0,0,0,0,0,0,0,0.000159445130944314,4.77258626449673e-05,0,0.00536103199865974,0,0,0,0,0.987043481020022,0,0,0,0.000141502759303806,0,0,0,0,0,0,0,0,0,3.55301092297072e-05,0,0,0,0,0,0,3.65150076681516e-05,0.00834202294056309,0.00054860653938995,0,0.000885347498893316,0.000789265982636148,0,0,0,0,0,0,0,0,0,0,0,0,0,0,0.000120148984741079,0,0,0,0,0,0,0,0,0,0,0,0,0,0,0,6.47050259628917e-05,0,0,0.00011877895236964,0,0,0,0,0,0,0,0.000945626477541371,0,0,0,1.63802846893479e-05,0,0,0,0,0,0,0,4.18616722900846e-06,0,0,0,0,0,0,0,0,0,0,1.63238348475187e-07,0,0,8.53129492259983e-06,0,0,7.49456643933148e-05,0,0,0,0,0,6.07182974589393e-05,0,0,0,0,0,9.89119683481701e-05,0,0,0,0,0,0,0,0,0,0,0,0,0,0,0,0,0.000171526586620926,0,0,0,0.00066577896138482,0,0,0,0,0,0,0,0,0,0,0,0.000293050788957846,0,0,0,0.00616582833035859,0,0,0,0,0,0,0,0,0,0,0,0,6.6554854511088e-06,0,0,3.89574973703689e-05,0,1.39125982751161e-06,0,0,0,0,0,0,0,0,0,0,0,0,1.58963557604419e-05,0,0,0,0.000385891795940418,0,0.00100127084376324,0,0.000300882588927521,8.34724540901503e-05,0,0,0,0.0135486519775558,0,0,0,0,0,0,0,0,0,0,0,0,0,0,0,0,0,0,0,0,0,2.26244343891403e-05,0,0,0,0,0,0,4.17367496254127e-06,0,0.00061576354679803,0,0.000479731350443751,0,0,0,0.00058783491120599,0,0,0.000631274563707822,0,0,4.66113545259625e-05,1.19198603945951e-06,0,0,0,3.63279689032586e-05,0.000831946755407654,0,0.00108166576527853,0.000407830342577488,0.000579038795599305,0,0,0,0,0,0,0,0,0,0,0,0,0,0,0,0,0,0,0,0,0,0,0,0,0,0,0,0,0,0,0,0,0,0,0,0,0,0,0.00308536167295166,0,0,0,0,0,0,0,0,0,0,0.00256492465533825,0,0,0,0,0,0,0,0,0,0,0,0,0,2.14192387602545e-05,0,0,0.000128139415684264,0,0,0,0,0,0,0,0,0,0,0,0,0,0.000233317778814746,0,0.000157952930026852,0,0,0,1.66102885788486e-06,0.00103850455344304,0,0,0,2.73374922771584e-06,0,0,0,0,0,0,9.12075884713608e-05,0,0.000165070980521624,0.000220555800617556,0,0,0,0,0.000424568355505236,0.00183749059552057,0,0,0,0,0,0,0,0,0,0,0,0,5.86544665376268e-05,0,0,0,0,0,0,0,0,0,0,0,0.000531632110579479,0,0,0,0,0,0,0,0,0,0,0,0,0.00104058272632674,0,0,0,0,0.000579094681980504,0.0025265725736191,0,0,0,0,0,0,0,0,0,0,0,0.000330087473180393,0,0,0,0,0,0,0,0.000368019136995124,0,0,0,0,0,0,0,0.0147080894491971,0,0,0,0,0,0,0,0,0.021749190189727,0,0,0,0,0,0,0,0,0,0.00190597204574333,2.77796518019073e-05,0,0,0,0,0,0,0.00388048117966628,0,0,6.45994832041344e-05,0,0.000107723796186578,0.0279967382440881,0,0,0,0,0,0,0,0,0,0,0,1.43747005270724e-07,0,0,2.29007633587786e-06
0,0,0,0,0,0,0,0,0,0,0,0,0,0,0,0,0,0,0,0,0,0,0,0.00351782363977486,0,0,0,0,0,0,0,0,0,0,0,0,0,0,0,0,0,0,0,0,0,0,0,0,0,0,0,0,0,0,0,0,0,0,0,0,0,0,0,0,0,0,0,0,0,0,0,0,0,0,0,0,0,0,0,0,0,0,0,0,0,0,0,0,0,0,0,0,0,0,0,0,0,0,0,0,0,0,0,0,0,0,0,0,0,0,0,0,0,0,0,0,0,0,0,0,0,0,0,0,0,0,0,0,8.5397096498719e-05,0,0,0,0,0,0,0,0,0,0,0,0,0,0,0,0,0,0,0,0,0,0,0,0,0,0,0,0,0,0,0,0,0,0,0,0,0,0,0,0,0,0,0,0,0,0,0,0,0,0.970540098199673,0,0,0,0,0,0,0,0,0,0,0.000329218106995885,0,0,0,0,0,0,0,0,0,0,0,0,0,0,0,2.68716074595582e-05,0,0,0,0,0,0,0,0,0,0,0,0,0,0,0,0,0,0,0,0,0,0,0,0,0,0,0,0,0,0,0,0,4.19524678539215e-05,0,0,0,0,0,0,0,0,0,0,0,0,0,0,0,0,0,0,4.18616722900846e-06,0,0,0,0,2.91918114315134e-05,0,0,0,0,0,0,0,0,0,0,0,0,0,0,0,0,0,0,0,0,0,0,0,0,0,0,0,0,0,0,0,0,0,0,0,0,0,0,0,0,0,0,0,0,0,0,0,0,0,0,0,0,0,0,0,0,0,0,0,0,0,0,0,0,0,0,0,0,0,0,0,0,0,0,0,0,0,0,0,0,0,0,0,0,0,0,0,0,0,0,0,0,0,0,0,0,0,0,0,0,0,0,0,0,0,0,0,0,0,0,0,0,0,0,0,0,0,0,0,0,0,0,0,0,0,0,0,0,0,0,0,0,0,0,0,0,0,0,0,0,0,0,0,2.64219407796234e-05,0,0,0,0,0,0,0,0,0,0,0,0,0,0,0,0,0,0,0,0,0,0,0,0,0.000146670577882077,0,0,0,0,0,0,0,0,0,0,0,0,0,0,0,0,0,0,0,0,0,0,0,0,0,0,0,0,0,0,0,0,0,0,0,0,0,0,0,0,0,0,0,0,0,0,0,0,0,0,0,0,0,0,0,0,0,0,0,0,0,0,0,0,0,0,0,0,0,0,0,0,0,0,0,0,0,0,0,0,0,0,0,0,0,0,0,0,0,0,0,0,0,0,0,0,0,0,0,0,0,0,0,0,0,0,0,0,0,0,0,0,0,0,0,0,0,0,0,0,0,0,0,0.0001900779319521,0,0,0,0,0,0,0,0,0,0,0,0,0,0,0,0,0,0,0,0,0,0,0,0,0,0,0,0,0,0,0,0,0,0,0.000321414222579349,0,0,0,0,0,0,0.0020708221163802,0,0,0,0,0,0,0,0,0,0,0,0,0,0,0,0,0,0,0,0,2.25275963054742e-05,0,0,0,0,0,0,0,0,0,0,0,0,0,0,0,0,0,0,0,0,0,0,0,0,0,0,0,0,0,0
0,0,0,0,0,0,0,0,0,0,0,0,0,0,0.000639386189258312,0,0,0,0,0,0,0,0,0,0,0,0,0,0,0,0,0,0,0,0,0.0045101478326234,8.75886835420864e-05,0,0,0,0,0,0,0,0,0,0,6.73241996835763e-05,0,0,0,0,0,0,0,0.000135098621994056,0,0,0,0,0,0,0,0,0,0,0,0,0,0,0,0,0,0,0,0,0,0,0,0,0,0,0,0,0,0,0,0,0,0.00169049799253363,0,0,4.76054460630296e-05,0,0,0,0,0,0,0,0,0,0.000209336403600586,0,0,0,2.49345468146116e-05,0,0,0,0,0,0.000126766812448501,0,0,0,0,0,0,0,0,0,0,0,0,0,0,0,0,0,0,0,0,0,0,2.70160745643658e-05,0,0,0,0,0,0,0,0,0,0,0,0,0,0,0,0,0,0,0,0,0.000122092668335266,0,0,0,0,0,0,0,0,0,0,0,0,0,0.000477258626449673,0,0,0,0,0.000821192858663585,0.000116795141322121,0,0,0.984800958138474,0.000386865902606509,0,0,0,0,0,0,0,0,0,0,2.53786494497909e-05,0,0,0,0,0,0,0,0,0,0,0,0,0,0,0,0,0,0,0,0,0,0,0,0,0,0,0,0,0,0,0,0,0,0,0,0,0,0.000349040139616056,0,0,0,0,3.23525129814458e-05,0,0,0,0,0,0,0,0,0,0,0,0,0,0,0,0,0.000163880694854146,0,0,0,0,0,2.09308361450423e-05,0,0,0,0,5.30760207845697e-06,0,0,0,0.00123355263157895,0,8.16191742375933e-08,0,0,0,9.57982871266262e-06,0,0,0,0,0,0,0,3.03591487294696e-05,0,0,0,0,0,0,0,0.00033987915407855,0,8.02729279550472e-05,0,0,0,0,0,0,0,0,0,0,3.03665239440041e-05,0,0,0,0,0,0,0,0,0,0,1.74956698217191e-05,0,0,0,0,0,0,0,2.5306205081486e-05,0,0.000271517784414879,0,0,0,0,0,0,0,0,0.00846093714075505,0,0,0,0,0,0,0,0,0,0,0,0,0,0,0.000977278279990227,0,0,0,0,0,0,0,0,0,0,0,0,0,0,0,0,0.000417362270450751,0.000200380723374411,0,0,0,0,0,0.00015271838729383,0,0,0,0,0,0,0,0,0,0,0,0,0,0,0,0,0.0149363369245837,0,2.26244343891403e-05,0,0,0,0.000320560767636185,0,0,0,0.000270855904658722,0,6.76498444053579e-05,0,0,0,0,0,0,0,0,0,0,0,0,0,0,0,0,0,0,0,0,0,0,0.000100549525012787,0,0,0,0,0.00096455268869062,0,0,0.000475059382422803,0,0,0,0,0,0,0,0,9.08512764604343e-05,0,0,0,0,0,0,0,0,0,0,0,0,0,0,0,0,0,0,0,0,0,0,0,0,0,0,0,0,0,0,0,0,0,0,0,0,0,0,0,0,0,0,0,0,0,0,0,0,0,0,0,0,0,0,0,0,0,0,0,0,0,0,0,0,0,0,0,8.30514428942431e-07,0,0,0,0,0,0,0,0,0,0,0,0.00145932141554177,0,0,0,0,0,0,0,0,0,0,0,0,0,0,0,0,0.000167224080267559,0,0,0,0,0,0,0,0,0,0,0,0,0,0,0,0,0,0,0,0,0,0,0,0,0,0,0,0,0,0,0.00484972677595628,0,0,0,0,0,0,0,0,0,0,0,0,0,0,0,0,0,0,0,0,0,0,0,0,0,0,0,0,0,0,0,0.000477213075638272,0,0,0,0,0,0,0,0,0,0,4.78973081712808e-05,0,0,0,0,0,0,0,0,0,0,0,0,0,0.000943396226415094,0,0,0,0,0,0,0,0,0,0,0.000104975855553223,0,0,0,0,0,0,0,0,0,0,0,0,3.81679389312977e-07
0,0,0,0,0,0,0,0,0,0,0,0,0,0,0,0,0,0,0,0,0,0,0,0,0,0.00122620200064537,0,0,0,0,0,0,0,0,0,0.000250563768479078,0,0,0,0,0,0,0,0,0,0,0,0,0,0,0,0,0,0,0,0,0,0,0,0,0,0,0,0,0,0,0,0,0,0,0,0,0,0,0,0,0,0,0,0,0,0,0,0,0,0,0,0,0,0.00197224765795591,0,0,4.76054460630296e-05,0,0,0,0,0,0,0,0,0,0,0,0,0,0,0,0,0,0,0,0.000316917031121252,0,0,0,0,0,0,0,0,0,0,0,0,0,0,0,0,0,0,0,0,0,0,0,0,0,0,0,0,0,0,0,0,0.000159108989657916,0,0,0,0,0,0,0,0,0,0,0.000106831084793358,0,0,0,0,0,0,0,0,0,0,0,0,0,4.77258626449673e-05,0,0,0,0,0,0.000467180565288484,0,0,0.000171096156039694,0.984041781517481,0,0,0,0,0,0,0,0,0,0,0,0,0,0.000680503572643756,0,0,0,0,0,0,0,0,0,0,0,0,0,0,0,0,0,0,0,0,0,0,0,0.000480595938964316,0,0,0,0,0,0,0,0,0.00010671219720414,0,0,0,0,0,0,0,0,0,0,0,0,0,0,0,0,0,0,0,0,0,0,0,0,0,0,0,0,0.00125976316452507,0,0,0,0,0,0,0,0,0,0,0,1.63238348475187e-07,0,0,0,9.57982871266262e-06,0,3.74728321966574e-05,0,0,0,0,0,0,0.000960153624579933,0,0,0,0,0,0,0,4.93559054340852e-05,4.01364639775236e-05,0,0,0,0,0,0,0,0,0,0.00129533678756477,0,0,0,0,0,0,0,0,0,3.77914666868221e-05,0,1.74956698217191e-05,0,0,0,0,0,0,0,5.0612410162972e-05,0,0.000678794461037198,0,0,0,0,0,0,0,0,4.59833540258426e-05,0,0,0,0,6.6554854511088e-06,0,0,0,0,0,0,0,0,0,0,0,0,0,0,0,0,0,0,0,0,0,0,0,0,0,0,0,0,0,0,0,0,0,0,0,0,0,0,0,0,0,0,0,0,0,0,0,0,0.00341530054644809,0,0.000489715964740451,0,4.52488687782805e-05,0,0,0,0.00365439275105251,0,0,0,0,0,0.000101474766608037,0,0,0,0,0,0,0,0,0,0,0,0,0,0,0,0,0,0,0,0,0,0,6.55757771822526e-05,0,0,0,0,0.00409934892693513,0,0,0.000475059382422803,0,0,0,0,0,0,0,0,4.54256382302171e-05,0,0,0,0,0,0,0,0,0,0,0,0,0,0,0,0,0,0,0,0,0,0,0,0,0,0,0,0,0,0,0,0,0,0,0,0,0,0,0,0,0,0,0,0,0,0,0,0,0,0,0,0,0,0,0,0,0,0,0,0,0,0,0.000642880102860816,0,0,0,0,8.30514428942431e-07,0,0,0,0,0,0,0,0,0,0,0,0,0,0,0,0,0,0,0,0,0,0,0,0,0,0,0,0,0,0,0,0,0,0,0,0,0,0,0,0,0,0,0,0,0,0,0,0,0,0,0,0,0,0,0.000377500943752359,0,0,0,0,0.000478142076502732,0,0,0,0,0,0,0,0,0,0,0,0,0,0,0,0,0,0,0,0,0,0,0,0,0,0,0,0,0,0,0,0,0,0,0,0,0,0,0,0,0,0,0,0,0,0,0,0,0,0,2.25275963054742e-05,0,0,0,0.000898876404494382,0,0,0,0,0,0,0,0,0,0,0,0,0,0,0,0,0,4.50024751361325e-05,0,0,0,0,0,0,0,7.63358778625954e-07
0,0,0,0,0,0,0,0,0,0,0,0,0,0,0,0,0,0,0,0,0,0,0,0,0,0,0,0,0,0,0,0,0,0,0,0,0,0,0,0,0,0,0,0,0,0,0,0,0,0,0,0,0,0,0,0,0,0,0,0,0,0,0,0,0,0,0,0,0,0,0,0,0,0,0,1.28183764244421e-05,0.00347144456886898,0,0,0,0,5.76003686423593e-05,0,0,4.23599579789217e-06,0,0,0,0,0,0,0,0,0,0,0,0,0,0,0,0,0,0.000209336403600586,0,0.00143410296859314,0,0,0,0,0,0,0,0,2.4515812699191e-05,0,0,0,0,0,0,0,0,0,0,0,0,0,0,0,0,0,0,0,0,0,0.000675401864109145,0,0,0,0,0,0,0,0,0,0,8.05996614814218e-05,0,0,0,0,0,0,0,0,0,0,0,0,0,0,0,0,0,0,0,0,0,0,3.98612827360784e-05,0,0,0,0,0,0,0,1.05767501877373e-05,0,0,0,0.955568133578605,0,0,0,0,0,0,0,0,0.000561482313307131,5.07572988995818e-06,0,0,0,0,0,0,0,0,0,0,0,0,0,0,0,0,0,0,0,0,0,0,0,0,0,0,0,0,0,0,0,0,0,0,0,0,0,0,0,0,0,0,0,0,0,0,0,0,0,0.00109289617486339,0,0,0,0,0,0,0,0,0,0,0,0,0,0,0,8.37233445801693e-06,0,0,0,0,0,0,0,0,0,0,0,0,0,0,0,0,0,0,0,0,0,0,0,0,0,0,0,0,0,0,0,0,0,0,0,0,0,0,0,0,0,0,0,0,0,0,0,0,0,0,0,0,0,0,0,0,0,0,0,0,0,0.000128074048507503,0,0,0,0,0,0,0,0,0,0,0,0,0,0,0,0,0,0,0,0,0,0,0,0,0,0,0,0,0,0,0,0,0,0,0,0,0,0,7.71783591880837e-05,0,3.85104170678168e-05,0,0.00183872693233485,0,0,0,0,0.000410565211441084,0,0,0,0,0.000383656244005371,0,0,0,0,0,0,0,0,0,0,0,0,0,0,0,0.000173460537727667,0,0,0,0,0,0,0,0,0,0,0,0,0,0,0,0,0,0,0,0,0,0,0,0,0,0,0,0,0,0,0,0,0,4.37171847881684e-06,0,0,0,0,0,0,0,0,0,0,0,0,0,0,0,0,0,0,0,0,0,0,0,0,6.52656311186529e-05,0,0,0,0,0,0,0,0,0,0,0,0,0,0,0,0,0,0,0,0,0,0.000228258388495777,0,2.47328848436882e-05,0,0,0,0,0,0,0,0,0,0,0,0,0,0,0,0,0,0,0,0,0,0,0,0,0,0,0,0,0,0,0,0,0,0,0,0,0,0,0,0,0,0,0,0,0,0,0,0,0,0,0.000441111601235112,0,0,0,0,0,1.44684298859888e-05,0,0,0,0,0,0,0,0,0,0,0,0,0,0,0,0,0,0,0,0,0,0,0,0,0,0,0,0,0,0,0,0,0,0,0,0,0,0,0,0,0,0,0,8.7123192193762e-05,0,0,0,0,0,0,0,0,0,0,0,0,0,0,0,0,0,0,0,0,0,0,0,0,0,0,0,7.5041272699985e-05,0,0,0,0,0,0,0,0,0,0,0,0,0,0,0,0,0,0,0,0,0,0,0,0,0,0,0,0,0.00125699920009142,6.45994832041344e-05,0,0,0,4.73133881117227e-05,0,0,0,0,0,0,0,0,0,0,0,0,1.80505415162455e-07,0
0,0,0,0,0,0,0,0,0,0,0,0,0,0,0,0,0,0,0,0,0,0,0,0,0,0,0,0,0,0,0,0,0,0,0,0,0,0,0,0,0,0,0,0,0,0,0,0,0,0,0,0,0,0,0,0,0,0,0,0,0,0,0,0,0,0,0,0,0,0,0,0,0,0,0,0,0,0,0,0,0,0,0,0,0,0,4.7431579945928e-05,0,0,0,0,0,0,5.537217794157e-05,0,2.01178908403243e-05,0,0,0,0,0,0,0,0,0,0,0,0,0,0,0,0,0,0,0,0,0,0,0,0,0,0,0,0,3.92958189248664e-05,0,0,0,0,0,0,0,0,0,0,0,0,0,0,0,0,0,0,0,0,0,0,0,3.50274965848191e-05,0,0,0,0,0,0,0,0,0,0,0,0,0,0,0,0,0,0,0,0,0,0,6.31911532385466e-05,0,0,0,0,0,0,0,0,0,0,0.96983253039688,0,0,0.000152687296416938,0,0,0,0,0,0,3.65328832482117e-06,0,0,0,0,0.000106315118009781,0,0,0,0,0,0,0,0,0,0,0,0,0,0,0,0.00543319079140062,0,0,0,0,0,0,0,0,0,0,0,3.55101026241966e-05,0,0,0,0,0,0,0,0,0,0,0,0,0,0,0,0,0,0,0,0,0,0,0,0,0,0,0,0,0,0,0,0,0,0,0,0,0,0,0,0,0,0,1.63238348475187e-07,0,0,0,0,0,0,0,0,0,0,0,0,0,0,0,0,0,0,0,0,0,0,0,0,0,0,0,0,0,0,3.18025696476275e-05,0,0,0,0,0,0,0,0,0,0,0,0,0,0,0,0,0,0,0,0,0,0,0,0,0,0,0,0,0,0,0,0,0,0,0,0,0,0,0,0,0,1.39125982751161e-06,0,0,0,0,0,0,0,0,0,0,0,0,0,0,0,0,0,0,0,0,0,0,0,0,0,0,0,0,0,0,0,0,0.000256180350967081,0,0,0,0,0,0,0,0,0,0,0,0,0,0,0,0,0,0,0,0,0,0,0,0,0,0,0,0,0,0,0,0,0,0,0,0,1.19198603945951e-06,0,0,0,0,0,0,0,0,0,0,0,0,0,0,0,0,0,0,0,0,0,0.000294649171053665,0,0,0,0,0,0,0,0,0.00282411084635072,0,0,0,0,0,0,0,0,0,0,0,0,0,0,0,0,0,0,0,0,0,0,0.000202234693361646,0,0,0,0,0,0,0,0,0,0,0,0,0,0,0,0,0,0,0,5.29081866600825e-05,0,0,0,0,0,0,0,0,0,0,0,0,0,0,6.24104799677962e-06,0,0,0,0,0,0,0,0,0,0,0,2.18699938217267e-05,0,0,0,0,0,0,0,0,0,0,0,0,0,0,0,0,0,0,0,0,0,0,0,0,0,0,0,0,0,0,0,0,0,0,0,0,0,0,0,0,0,0,0,0,0,0,6.92343374620077e-06,0,0,0,0,0,0,0,0,0,0,0,0,0,0,0,0,0,0,2.35913599003501e-06,0,0,0,0,1.4719346225518e-06,0,0,0,0,0,0,0,0,0,0,0,0,0,0,1.09870791948668e-05,0,0,0,0,0,0,0,0,0,0,0,0,0,0,0,0,0,0,0,0,0,0,0,0,0,0,0,3.24075574423956e-05,0,0.000111944475540132,0,0,0,0,0,0,0,0,0,7.65081672468536e-06,0,0,0,0,0,0,0,0,0,0
0,0,0,0,0,0,0,0,0,0,0,0,0,0,0,0,0,0,0,0,0,0,0,0,0,0,0,0,0,0,0,4.09785682088268e-05,0,0,0,0,0,0,0,0,0,0,0,0,0,0,0,0,0,0,0,0,0,0,0,0,0,0,0,0,0,0,0,0,0,0,0,0,0,0,0,0,0,0,0,0,0,0,0,0,0,0,0,0,0.000368531634416619,0,0,0,0,0,0,0,0,0,0,0,0,0,3.17536929544906e-06,0,0,0,0,0.000121241513094083,0,0,2.49345468146116e-05,0,0,0,0,0,0,0,0,0,0,0,3.26675682915515e-06,0,0,0,0,0,0,0,0,0,0,0,0,0,0,0,2.58856114828573e-05,0,0,0,0,0,0,0,0,0,0,0,0,0,0,0,0,0,0,0,0.000243328737123854,0,0,0,0,0,0.000580046403712297,0,0,0,0,0,7.40667588386332e-05,0,0,0,0,0,0,0,0,0,0,0,0,0,0,0,0,0.969513468365003,0,0,0,0,0,0,0,0,0,0,0,0,0,0,0,0,0,0,0,0,0,0,0,0,0,0,0,0,0,0,0,0,0,0,0,0,0,0,0,0,0,0,0,0,0,0,0,0,0,0,0,0,0,0,0,0,0,0,1.74895499938787e-05,0,0,0,0,0,0,0,0,0,0,0,0,0,0,0,0,0,0,0,0,0,0,0,0,0,0,0,0,2.84376497419994e-06,0,0,0,0,0,0,0,0,0,0,0,0,0,0,0,0,0,0,0,0,0,0,0,0,0.000536085237552771,0,0,0,0,0,0,0,0,0,0,0,0,0,0,0,0,0.000324636287122761,0,0,0,0,0,0,0,0,0,0,0,0,0,0,0,0,0,0,0,0,0,0,0,0,0,0,0,0,0,0,0,0,0,0,0,0,0.000113417262107293,0,0,0,0,0,0,0,0,0,0,0,0,0,0,0,0,0,0,0,0,0,0,0,0,0,0,0,0,0,0,0,0,0,0,0,0,0,0,0,0,0,0,0,0,0,0,0,0,0,0,0,0,0,0,0,0,0,0,0,0,0,0,0,0,0,0,0,0,0,0,0,0,0,0,0,0,0,0,0,0,0,0,0,0,0,0,0,0,0,0,0,0,0,0,0,8.32875251944764e-05,0,0,0,0,0,0,0,0,0,0,0,0,0,0,0,0,0,0,0,0,0,0,0,0,0,0,0,0,0,0,0,0,0,0,0,0,0,0,0,0,0,0,0,0,0,0,0,0,0,0,0,0,0,0,0,0,0,0,0,0,0,0,0,0,0,0,0,0,0,0,0,0,0,0,0,0,0,0,0,0,0,0,4.63821892393321e-05,0,0,0,0,0,0,0,0,0,0,0,0,0,0,0,0,0,0,0,0,0,0,0,0,0,0,0,0,0,0,0,0,0,0,0,0,0,0,2.84867821330902e-05,0,0,0,0,0,0,0,0,0,0,0,0,0,0,0,0,0,0.00223493652780261,0,0,0,0,0,0,0,0,0,0,0,0,0,0,0,0,0,0,0.000179662234998203,0,0,0,0,0,0,0,0,0,0,0,0,0,0,3.1748173487894e-05,0,0,0,0,0,0,0,0,0,0,0,0,0,0,0,0,0,0,0,0,0,0,0,0,0,0,0,0
0,0,0,0,0,0,0,0,0,0,0,0,0,0,0,0,0,0,0,0,0,0,0,0,0,0,0,0,0,0,0,0,0,0,0,0,0,0,0,0,0,0,0,0,0,0,0,0,0,0,0,0,0,0,0,0,0,0,0,0,0,0,0,0.00171673819742489,0,0.000706103875725718,0,0,0,0,0,0,0,0,0,0,0,0,0,0,0,0,0,0.000521512385919166,0,0,0,0,0,0,0,0,0,0,0,0,0,0,0,0,0,0,0,0,0,0,0,0,0,0,0,0,0,0,0,0,0,0,0,0.000370164723301869,0,0,0,0,0,0,0,0,0.00187873612297182,0,0,0,0,0,0,0,0,0,0,0,0,0,0,0,0,0,0,0,0,0,0,0,0,0,0,0,0,0,0,0,0,0,0,0,0,0,0,0,0,0,0,0,0,0,0,0,0,0,0,0,0,0,0,0.000208811860513677,0.987527284066105,0,0,0,0,0,0,0,0,0,0,0,0,0,0,0,0,0,0,0,0,2.68716074595582e-05,0,0,0,0,0,0,0,0,0,0,0,0,0,0,0,0,0,0,0,0,0,0,0,0,0,0,0,0,0,0,0,0,0,0,0,0,0,0,0,0,0,0,0,8.19014234467395e-06,0,0,0,0,0,0,0,0,0,0,0,0,3.44994135099703e-05,0,0,0,0,0,1.63238348475187e-07,0,0,2.84376497419994e-06,0,0,0,0,0,0,0,0,0,0,0,0,0,0,0,0,0,0,0,0,0,0,0,0,0,0.00146555935515388,0,0,0,0,0,0,0,0,0,0,0,0,0,0,0,0,0,0,0,0,0,2.17074658487294e-06,0,0,0,0,0,0,0,0,0,0,0,0,0,0,0,0,0,0,0,0,0,0,0,0,0,0,0,0,0,0,0,0,0,0,0,0,0,0,0,0,0,0,0,0,0,0,0,0,0,0,0,0,0,0,0,0,0,0,0,0.000878220140515222,0.000233644859813084,0,0,2.83575317604356e-05,0,0,0,0,0,0,0,0,0,0,0,0,0,0,0,0,0,0,0,0,0,0,0,0,0,0,0,0,0,0,0,0,0,0,0,0,0,0,0,0,0,0,0,0,0,0,0,7.33352889410384e-05,0,0,0,0,0.001743679163034,0,0,0,0,0,0,0,0,0,0,0,0,0,0,2.7680894646515e-05,0,0,0,0,0,5.62841222491135e-05,0,0,0,0,0,0,0,0,0,0,0,0,0,0,0,0,0,0,0,0,0,0,0,0,0,0,0,0,0,0,0,0,0,0,0,0,0,0,0,0,0,0,3.12052399838981e-06,0,0,0,0,0,0,0,0,0,0,0,0,0,0,0,0,0,0,0,0,0,0,0,0,0,0,0,0,2.3191094619666e-05,0,0,0,0,0,0,0,0,0,0,0,0,0,0,0,0,0,0,0,0,0,0,0,0,0,0,0,0,0,0,0,0,0,0,0,0,0,0,0,0,0,0,0,0,0,2.44176393026322e-05,0,0,0,0,0,0,0,0,0,0,0.000178794922224209,0,0,0,8.03535556448373e-05,0,0,0,0,0,0,0,0,0,0,0,0,0,0,0,0,0,0,0,0,0,0,0,0,0,0,0,0,0,0,0,0,0,0,0,0,0,0,0,0,0.000498566620964726,0,0,0,0,0,0,0,0,0,0,0,0,0,0,0,0,0
0,0,0,0,0.0027418723070897,0,0,0,0,0,0,0,0,0,0,0,0,0,0,0,0,0,0,0,0,0,0,0,0,3.3559299281831e-05,0,0,0,0,0,0,0,0,0,0,0,0,0,0,0,0,0,0,0,0,0,0,0,0,0,0,0,0,0,0,5.69174639854747e-06,0,0,0,0,0,0,0,0,0,0,0,0,0,0,0,0,0,0,0,0,0,0,0,0,0,0,0,0,0,0,0,0,0,0,0,0,0,0,0,0,0,0,0,0,0,0,0,0,0,0,0,0,0,0,0,0,0,0,0,0,0,0,0,0,0,0,0,0,0,0,0,0,0,0,0,0,0,0,0,0,0,0,0,0,0,0,0,0.000910714911205296,0,0,0,0,0,0,0,0,0,0,0,0,0,0,0,0,0,0,0,0,0,0,6.31911532385466e-05,0,0,0,0,0,0,0,0,0,0,0.000114705207616426,0,0,0.968393729641694,0,0,0,0,0,0,3.65328832482117e-06,3.45227574016792e-06,0,0,0,0.000265787795024452,0,0,0,0,0,0,0,0,0,0,0,0,0,4.27968604223194e-06,0,2.92894382285748e-05,0,0,0,0,0,0,0,0,0,0,0,0.00161570966940094,0,0,0,0,0,0,0,0,0,0,0,0,0,0,0,0,0,0,0,0,0,0,0,0,0,0,0,0,0,0,0,0,0,0,0,0,0,0,0,0,0,0,2.04047935593983e-06,0,2.20157632865131e-05,1.42188248709997e-06,0,0,0,0,0,0,0,0,0,0,0.00159489633173844,0,0,8.21031544031922e-06,0,0,0,0,0,0,0,0,0,0,0,0,0,0.000159012848238138,0,0,0,0,0,0,0,0,0,0,0,0.000451787788821479,0,0,0,0,0,0,0,0,0,0,0,0,0,0,0,0,0,0,0,0,0,0,0,0,0,0,0,0,0,1.39125982751161e-06,0,0,0,0,0,0,0,0,0,0,0,0,0,0,0,0,0,0,0,0,0,0,0,0,0,0,0,0,0,0,0,0,0.000256180350967081,0,0,0,0,0,0,0,0,0,0,0,0,0,0,0,0,0,0,0,0,0,0,0,0,0,0,0,0,0,0,0,0,0,0,0,0,0,0,0,0,0,0,0,0,0,0,0,0,0,0,0,0,0,0.000268672756582483,0,0,0,0,9.82163903512218e-06,0,0,0,0,0,0,0,0,0,0,0,0,0,0,0,0,0,0,0,0,0,0,0,0,0,0,0,0,0,0,0,0.000960614793467819,0,0,0,0,0,0,0,0,0,0,0,0,0,0,0,0,0,0,0,0,0,0,0,0,0,0,0,0,0,1.63259975184484e-05,0,0,0,0,0,0,0,0,0,0,0,2.49154328682729e-06,0,0,0,0,2.73374922771584e-06,0,0,0,0,0,0,0,0,0,0,0,2.38685131348428e-06,4.47147200858523e-05,0,0,0,0,0,0.000237079184447606,0,0,0,0,0,0,0,0,0,0,0,0,0,0,0,0,0,0,0,0,0,0,0,0,0,0,0,9.23124499493435e-06,0,0,0,0,0,0,0,0,0,0,0,0,0,0,0,0,0,0,4.71827198007002e-06,0,0,0,0,2.94386924510361e-06,0,0,0,0,0,0,0,0,0,0,0,0,7.25067467527853e-07,0,0,0,0,0,0,0,0,0,0,0,0,0,0,0,0,0,0,0,0,0,0,0,0,0,0,0,0,0,0.000518520919078329,0,0.00274263965073324,0,0,0,0,0,0,0,0,0,0,0,0,0,0,0.000311720698254364,0,0,0,0,0
0,0,0,8.66359686551065e-06,0,0,0,0,0,0,0,0,0,0,0,0,0,0,0,0,0,0,0,0,0,0,0,0,0,0,0,0,0,0,0,0,0,0,0,0,0,0,0,0,0.00272040302267003,0,0,0,0.00220409962530306,0,0,0,0,0,0,0,0,0,0,0,0,0,0,0,0,7.84559861917464e-05,0,0,0,0,0,0,0,2.47437781769774e-06,0,0,0,0,0.000107991360691145,0,0,0,0,0,0,0,0,0,0.00014494854326714,0,0,0,0,0,0,0,0,8.17177061839874e-05,0,0,0,0,0,0,0,0,0,0,0,0,0,1.21598287896106e-05,0,0,0,0,0,0,0,0,0,0,0,0,0,0,0,0,0,0,0,0,0,0,0,0,0,0,0,0,0,0,0,0,0,0,0,0,0,0.000116529744217211,0,0,0,0,0,0,1.52615835419083e-05,0,0,0,0,0,0,0,0,0,0,0,0,0,0,0,0,0,0,0,0,0,0,0,0,0,0,0,0,0,0.939800210304942,0,0,0.000164609053497942,0,5.07572988995818e-06,0,0,0,0,0,0,0,0,0,0,0,0,0,8.06148223786747e-05,0,0,0,4.91827466924603e-05,0,0,0,0,0,0,0,0,0,0,0,0,0,0,0,0,0,0,0,0,0,0,0,0,8.08812824536146e-06,0,0,0,0.000188786105342647,0,0,0,0,0,0,0,0,0,0,0,0,0,0,0,0,0.000461467466543609,0,4.18616722900846e-06,0,0,0,0,7.96140311768546e-06,0,0,0,0,0,1.06104926508871e-06,0,0,0,0,0,0,0,0,0.000414593698175788,0,0,0,0,0,0,0,0,0,0,0,0,0,0,0,0,0,0,0,0,0,0,0,0,0,0,0,0,0,0,0,0,0,0,0,0,0,0,0,0,0,0,0,0,0,0,0,0,0,0,0,0,0,0,0,0,0,0,0,0,0,0,0,0,0,0,0,0,0.000244319569997557,0,0,0,0,0,0,0,0,2.12089077412513e-05,0,0,0,0,0,0,0,0,0,0,0,0,4.75330354596445e-05,0,0.00015271838729383,0,0,0,0,0,0,0,0,0,0,0,4.09564700983638e-05,0,0,0,0,0,0,0,0,0.000150112584438329,0,0,4.27087083056235e-05,0,0,0,0,0,0,0,0,0,0,0,1.76146271864156e-05,0,0,0,0,1.19198603945951e-06,0,0,0,0,0,0,0,0,0,0,0,0,0,0,0,0,0,0,0,0,0,0,0,0,0,0,0,0,0,0,0,7.37327188940092e-05,0,0,0,0,8.52514919011083e-05,0,0,0,0,0,0,0,0,0,0,0,0,0,0,0,0,0,0,0,0,0,0,0,0,0,0,0,0,0,0,0,0,0,0,0,2.14192387602545e-05,0,0,0,0,0,0,0,0,0,0,0,0,2.20616623462578e-05,0,0,0,0,0,0,0,0,0,8.30514428942431e-07,0,0,0,0,0,0,0,3.97413632082408e-06,0,0,0,0,0,0,0,0,0,8.94294401717045e-05,0,0,0,0,0.0013986013986014,0,0,0,0,0,0,0,0,0,0,0,0,0,0,0,0,0,0,0,4.82951801410219e-05,0,0,0,0,0,0,0,0,0,0,0,0,0,2.83865107301011e-05,0,0,0,0,0,0,0,0,0,0,7.32529179078967e-05,0,0,0,0,0,0,0,4.41580386765541e-06,0,5.38604475803194e-05,0,0.00016597510373444,0,0,0,0,0,0,0,0.000509173332457336,0,0,1.09870791948668e-05,0,0,0,0,0,0,0,0,0,0,0,0,0,0,0,0,0,0,0,0,0,0,0,0,0,0,0,0,0,0,0,0,0,0,0,1.57711293705742e-05,0,0,0,0,0,0,0.000131831707408942,0,0,4.37608034483513e-05,0,0,0,0
0,0,0,4.33179843275533e-06,0,0,0,0,0,0,0,0,0,0,0,0,0,0,0,0,0,0,0,0,0,0,0,0,0,0,0,0,0,0,0,0,0,0,0,0,0,0,0,0,0,0,0,0,0.000110204981265153,0,0,0,0,0,0,0,0,0,0,0,0,0,0,0,0,0,0,0,0,0,0,0,0,0,0,0,0,0,0.000539956803455724,0,0,0,0,0,0,0,0,0,9.66323621780934e-05,0,0,0,0,0,0,0,0,0,0,0,0,5.71521881123449e-05,0,0,0,0,0,0,0,0,0,0,0,0,0,0,0,0,0,0,0,0,0,0,0,0,0,0,0,0,0,0,0,0,0,0,0,0,0,0,0,0,0,0,0,0,0,0,0,0,0,0,0,0,0,0,0,0,0,0,0,0,0,0,0,0,0,0,0,0,0,0,0,0,0,0,0,0,0,0,0,0,0,0,0,0,0,0.986285080069764,0,0,0,0,0,0,0,0,0,0,0,0,0,0,0,0,0,0,0,0,0,1.63942488974868e-05,0,1.28390581266958e-05,0,0,0,8.61400637436472e-05,0,0,0,0,0,0,0,0,0,0,0,0,0,0,0,0,0,0,0,0,8.48572277143706e-05,0,0,0,0,0,0,0,0,0,0,0,0,0,0,0,0,0,0,0,0,0,0,0,0,0,0,0,0,0,0,0,0,0,2.20157632865131e-05,0,0,0,0,0,0,0,0,0,0,0,0,0,0,0,0,0,0,0,0,0,0,0,0,0,0,0,0,0,0,6.07330478880083e-05,0,0,0,0,0,0,0,0.000181028240405503,0,0,0,0,0,0,0,0,0,0,0,0,0,0,0,0,0,0,0,0,1.79314302108736e-05,0,0,0,0,0,0,0,0,0,0,0,0,0,0,0,0,0,0,0,0,0,0,0,0,0,0,0,0,0,0,0,0,0,0,0,0,0,0,0,0,0,0,0,0,0,0,0,0,0,0,0,6.8260783497273e-06,0,0,0,0.00118829529137991,0,0,0,3.17951544184666e-05,0,0,0,0.000982300291029341,0,0,0,0,0,0,0,0,0,0,0,1.76146271864156e-05,0,0,0,0,0,0,0,0,0,0,0,0,0,0,0,0,0,0,0,0,0,0.000268672756582483,0,0,0,5.74914194056537e-06,0,0,0,0,0,0,0,0,0,0,3.68663594470046e-05,0,0,1.66575050388953e-05,0,0,0,0,0,0,0,0,0,0,0,0,0,0,0,0.000503068719187041,0,0,0,0,0,0,0,0,0,0,0,0,0,0.000146430035728929,0,0,0,0,0,0,0,0,0,0,0,0,0,0,0,0,0,0,0,0,1.10308311731289e-05,0,0,0,0,0,0,0,0,0,8.30514428942431e-07,0,0,0,0,0,0,0,0,0,0,0,0,0,0,0,0,0,8.94294401717045e-05,0,0,0,0,0.000310800310800311,0,0,0,0,0,0,0,0,0,0,0,0,0,0,0,0,0,0,0,0,0,0.0101261620185923,0,0,0,0,0,0,0,0,0,0,0,0,0,0,0,0,1.8067500180675e-05,0,0,0,0,0,0,0,0,0,0,0,0,0,2.20790193382771e-05,0,0,0,0,0,0,0,0,0,0,0,8.21247310415058e-06,0,0,1.09870791948668e-05,0,0,0,0,0,0,0,0,0,0,0,0,0,0,0,0,0,0,0,0,0,0,0,0,0,0,0,0,0,0,0,0,0,0,0,0,0,0,0,0,0,0,1.88331010584203e-05,0,0,0,0,0,9.02527075812274e-08,0
0,0,0,0.000173271937310213,0,0,1.14544585047923e-05,1.82360621776776e-05,0,0,0,0,0,0,0,0,0,0,0,2.52816800519117e-05,6.34367493317996e-06,0,0.000180567638996044,0,0,0,0,1.8379650051463e-05,0,0,0,4.09785682088268e-05,1.48991328704669e-05,0,0,0,0,0,0,0,0,0.0077093960199082,0,0,0.000302267002518892,0,0,0,5.51024906325766e-05,0,0,0,0.00014682131845544,0,0,0,0,0,0,0,1.13834927970949e-05,0,1.9418858300591e-05,0,5.34616412723871e-05,0,0,0,0,0,0,0,0,4.94875563539548e-06,5.20826551737608e-05,0,0,0,0,0,0,0,0,0,4.23599579789217e-06,0,0,0,0,0,0,5.9130777569725e-05,0,9.22869632359501e-06,0,6.03536725209729e-05,0,2.04294265459969e-05,0,0,0,0,0,0,0,7.17118331695913e-06,0,3.66260117935758e-05,0,0,0,0,0,0,1.385148986625e-06,0,0,0.000104369607570276,3.26675682915515e-05,0,0,0,0,0,0,0,0,0,0,1.10133371512902e-05,0,0,2.96577495699626e-05,0,0,0,0,0,4.07697325505545e-05,0,0,0,3.63993739307684e-05,4.29000429000429e-05,0,0,0,0,0,0,0.000133958472873409,0,0,0,0,0,0,0,0,0,0,0,4.01214342075348e-05,0,0,0,0,0,0,0,0,0,0,0,0,0,0,0,0,0,0,0,0,0,0,0,0,0,0.959239406564374,0,0,0,7.30657664964234e-06,3.45227574016792e-06,0,0,0,0,1.82575038340758e-05,0,0,0,0,0,4.20698359276399e-06,0,4.17370980195747e-05,0,0,0,0,0,0,0,0,0,0,0,0,0,0,0,0,9.49036727721363e-05,0,0,9.98213198374909e-06,0,0,0,2.80188566905527e-05,1.38404473232575e-05,0,0,0,0,0,0,0,0,0,0,0,0,0,0,0,0,0,0,0,0,0,0,0,0,0,0,0,5.50751776174478e-05,0,0,0,0,0,0,0,0,1.15899227417382e-05,0,2.20157632865131e-05,0,0,0,0,0,0.000166422580215684,0,0.000127942681678608,1.24125689673363e-05,0,0,0,0,0,0,0,0,0,0,0,0,0,0,0,0,0,0,0,0,0,0,0,0,0,0,0,0,0,0,0,0,0,0,0,0,0,0,0,0,0,0,0,0,0,0,0,3.21926407623217e-05,0,0,1.79314302108736e-05,0,4.84439793822424e-06,0,0,0,0,0,0.000537821244766586,0,0,5.56503931004643e-06,2.00634003450905e-05,0,0.0118850363097065,0,0,2.58431321876211e-05,0,0,0,0,0,0,0,0,0,0,0,0,0,0,0,0,0,0,0,0,0,0,0,0,0,0,0,3.42125970782442e-05,2.37152275476083e-05,0,0,0,0,0,0,0,0,0,0,0,0,0,0,0,0,2.13707178424123e-05,0,0,1.25210248876238e-05,0,0,0,0,0,0,0,0,0,0,0,0,8.30923654734603e-05,0,4.76794415783802e-06,0,0,0,0,0,0,0,0,0,0,0,0,0,0,8.14329364362823e-05,0,0,0,0,0,4.02439935839576e-05,1.96432780702444e-05,0,0,0,0,0,0,0,0,0,0,0,0,0,0,0,0,0,0,0,0,0,0,0,0,9.33532486930545e-05,0,0,0,0,0,0,5.05586733404116e-05,0,0,0,0,0,0,0,0,1.31675971768672e-05,0,0,0,0,0,0,0,0,0,0,0,0,0,0,0,0,0,0,0,0,0.00292235355580226,0,0,0,0,3.12052399838981e-06,0,0,0,0,0,0,0.000683513375019621,0,0,0,0,8.20124768314753e-06,0,0,7.55085900956575e-05,2.24294705299187e-06,0,0,0,0,0,0,0,0.000639676152013786,0,2.61749270373909e-05,0,0,0,0,0,0,6.58327847267939e-05,0,0,0,0,0,0,0,0,0,0,9.97687858388185e-06,0,0,5.68685880666955e-06,0,0,0,0,0,0,0,0,2.36266981689309e-05,0,0,2.30781124873359e-06,0,0.000100381449508131,0,0,0,0,0,0,0,0,0,0,0,0,2.83350334353395e-05,0,0,0,7.07740797010503e-06,0,0,0,0,1.03035423578626e-05,0,0,0,0,0,0,0,0,0,0,1.38513747489438e-05,8.21247310415058e-06,9.4258770778621e-06,0,2.19741583897337e-05,0,0,0,0,0,0,0,0,0,0,0,0,0,0,0,0,0,0,0,0,0,0,0,0,0,0,0,0,0,0,0,0,0,0,0,0,0,0,0,7.65081672468536e-06,0,0,3.76662021168406e-05,0,0,0,9.5831336847149e-08,0,0,0
0,0,0,0,0,0,0,7.29442487107104e-06,0,0,0,0,0,0,0,0,0,0,0,0,0,0,0,0.000234521575984991,0,0,0,0,0,0,0,0,0,0,0,0,0,0,0,0,0,0,0,0,0,0,0,0,5.51024906325766e-05,0,0,0,0,0,0,0,0,0,0,0,0,0,0,0,0,3.92279930958732e-05,0,0,0,0,0,0,0,2.47437781769774e-06,0,0,0,0,0,0,0,0,0,0,4.23599579789217e-06,0,0,0,9.66323621780934e-05,0,0,0,0,3.076232107865e-06,0,0,0,0,0,0,0,8.16459830176355e-06,0,0,0,0,0,0,0,0,0,0,0,0,0,0,0,0,0,0,0,0,0,0,0,0,0,0,0,0,0,0,0,0,0,0,0,0,0,0,0,0,0,0,0,0,0,0,0,0,0,0,0,0,0,0,0,0.000120685493603669,0,0.000167751459437697,0,0,0,0,0,0,0,0,0,0,0,0,0,0,0,0,0,0,0.000545553737043099,0,0,0,0,0,0,0,0,0,0,0.955061728395062,0,0,0,0,0,0,0,0,0,0,0,0,0,0,0,0.000295587682055141,0,0,0,3.27884977949735e-05,0,0,0,0,0,0,0,0,0,0,0,0,0,0,0,0,0,0,0,0,0,1.38404473232575e-05,0,0,0,0,0,0,0.000314643508904411,0,0,0,0,0,0,0,0,0,0,8.19014234467395e-06,0,0,0,0,0,0.000115366866635902,0,0,0,0,0,0,2.12304083138279e-05,0,0,0,0,0,4.8971504542556e-07,0,0,0,1.91596574253252e-05,0,0,0,0,0,0,0,0,0,0,0,0,0,0,0,0,0,0,0,0,0,0,0,0,0,0,0,0,0,0,0,0,0,0,0,0,0,0,0,0,0,0,0,0,0,0,0,0,0,0,0,0,0,0,0,0,0,0,0,0,0,0,0,6.6554854511088e-06,0,0,0,0,0,0,0,0,0,0,0,0,0,0,0,0,0,0,0,0,0,0,0,0,0,0,0,0,0,0,0,0,0,0,0,0,0,0,0,0,0,0,0,0,0,1.36521566994546e-05,0,6.23596906959342e-05,0,0.000148536911422488,0,0,0,0,0.00130097573179885,0,0,0,0,0,0,0,0,0,0,0,0,0,0,1.76146271864156e-05,0,4.38391395838204e-05,0,0,0,0,0,0,0,0,0,0,0,0,0,0,0,0,0,0,0,0,0,0,0,0,0,0.0079004329004329,0,0,0,0,0,0,0,0,0.000110599078341014,0,0,0,0,0,0,0,0,0,0.00280448717948718,0,0,0,0,0,0,0,0,0,0,0,0,0,0,0,0,0,0,0,0,0,0,0,0,0,0,0,0,8.97021887334051e-05,0,0,0,0,0,0,0,0,0,0,0,0,0,0,0.000330924935193867,0,0,0,0,0,0,0,0,0,0,0,0,0,0,0,0,0,0,0,0,0,0,0,0,0,0,0,0,0,0,0,0,0.000310800310800311,0,0,0,2.6967189021118e-06,0,0,0,0,0,0,0,0,0,0,0,0,0,0.0024375380865326,0,0,0,0,0,0,0,0,0,0,0,0,0,0,0,0,0,0,0,0,0,0,0,0,0,0,0,0.000107169649555246,0,0,0,0,0,0,1.4719346225518e-06,0,0,0,0,0,0,8.03535556448373e-05,0,0,0,0,1.64249462083012e-05,0,0.00165665769310416,0,0,0,0,0,0,0.000207339829981339,0,0,0,0,0,0,0.000157306905773163,0,0,0,0,0,0,0,0,3.96852168598675e-06,0,0,0,0,0,0,0,0,0,0,0,0,0,0,0,0,0,0,0,4.50024751361325e-05,0,0,0,0,0,0,9.02527075812274e-08,0
0,0,0,0,0,0,0,0,0,0.000178890876565295,0,0,0,0,0,0,0,0,0,0,0,0,0,0,0,0,0,0,0,0,0,0,0,0,0,0,0,0,0,0,0,0,0,0,0,0,0,0,0,0,0,0,0,0,0,0,0,0,0,0,0,0,0,0,0,0,0,0,0,0,0,0,0,0,0,1.28183764244421e-05,0.000111982082866741,0,0,0,0,0.000115200737284719,0,0,0,0,0,0,0,0,0,0,0,0,0,0,0,0,0,0,0,0,0,0,0.000860461781155887,0,0,0,0,0,0,0,0,0,0,0,0,0,0,0,0,0,0,0,0,0,0,0,0,0,0,0,0,0,0,0.000405241118465487,0,0,0,0,0,0,0,0,0,0,0,0,0,0,0,0,0,0,0,0,0,0,0,0,0,0,0,0,0,0,0,0.000144833079875444,0,0,0,0,0,0,0,0,0,0,0,0,0,0.000141502759303806,0,0,0,0,0,0,0,0,0.948905109489051,0,0,0,0,0,0,0,0,0,0,0,0,0,0,0,0,0,0,0,0,0,0,0,0,0,0,0,0,0,0,0,0,0,0,0,0,0,0,0,0,0,0,0,0,0,0,0,0,0,0,0.00965391621129326,0,0,0,0,0,0,0,0,0,0,0,0,0,0,0,0,0,0,0,0,0,0,0,0,0,0,8.16191742375933e-08,0,0,0,0,0,0,0,0,0,0,0,0,0,0,0,0,0,0,0,0,0,0,0,0,0,0,0,0,0,0,0,0,0,0,0,0,0,0,0,0,0,0,0,0,0,0,0,0,0,0,4.99271714520775e-05,0,0,0,0,0,0,0,0,0,0,0,0,4.84439793822424e-06,0,0,0,0,0,0,0,0,0,0,0,0,0,0,0,0,0,0,0,0,0,0,0,0,0,0,0,0,0,5.01470981545868e-05,0,0,0,0,0,0,0,0,0,0,0,0,0,0,0,0,0,0,0,0,0,0,0,0,0,0,0,0,0,0,0,0,0,0,0,0,0,0,0,0,0,0,0,0,0,0,0,0,0,0,0,0,0,0,0,0,0,0,2.43593491181916e-05,0,0,0,0,0,0,0,0,0,0,0,0,0,0,0,0,0,0,0,0,0,0,0,0,0,0,0,0,0,0,0,0,0,0,0,0,0,0,0,0,0,0,0,0,0,0,0,0,0,0.000321527502967946,0,0,0,0,0,0,0,0,0,0,0,0,0,0,0,0,0,0,0,0,0,0.000375328412360816,0,0,0,0,0,0,0,0,0,0.00142157637024167,0,0,0,0,0,0,0,0,0,0,0,0,0,0,0,0,0,0,0,0,0,0,0,0,0,0,0,0,0,0,0,0,0,0,0,0,0,0,0,0,0,0,0.00459660802028848,0,0,0,0,0,0,0,0,0,0,0,0,0,0,0,0,0,0,0,0,0,0,0,0,0,0,0,0,0,0,0,0,0,0,0,0,0,0,0,0,0,0,0,0,0,0,0,0,0,0,0,0,0,0,0,0,0,0,0,0,0,0,0,0,0,0,0,0,0,0,0,0,0,0,0,0,0,0,0,0,0,0,0.000399954290938178,0,6.23208276205908e-05,0,0,0,0,0,0,0,0,0,0,0,0,0,4.79156684235745e-08,0,0,0
8.21827744904668e-05,0.00111923102245046,0,0,0,0,1.43180731309903e-06,0,0,0.00035778175313059,0,0,0,0,0.00639386189258312,0,0,0,0,0,0,0,0,0,0,6.45369474023879e-05,0.000158202816010125,0,0,0,0,4.09785682088268e-05,0,0,0,0,0,0.00432276657060519,0,0,0,0,0,0,0,0.000354484225451967,0,6.73241996835763e-05,5.51024906325766e-05,0,0,0,0,0,0,0.000810591731964334,0,0.000569584203531422,0,0,0,7.0876745339854e-05,0,0,0,0.00011768397928762,0,0,0,0.00585013691809808,0,0.00085397096498719,0,0,0,0.000166638893517747,0,0,0,0,0,0,0,0,8.47199159578434e-06,0,1.58105266486427e-05,0,0,0.000140874832711136,0,0,0.000190421784252118,0,0,0,0,0,0,0,0,0,0.00188402763240528,0,0,0,0,0,0,0,0,0,0,0,0,0,0,0,3.26675682915515e-06,0,0,0,0,0.000647249190938511,0,0,0,0,0,1.10133371512902e-05,0,0,0,0.000209380234505863,0,5.40321491287316e-05,0,0.00012131505519835,0,0,0,0,0,0,0,0.000159108989657916,0,0,0,0,0,0,0,0,0,0,0.000152615835419083,0,0.000586123525533006,0,0,0,0,0.0023489932885906,0,0,0,7.24165399377218e-05,0,3.98612827360784e-05,0,0,0,1.06086163181736e-05,0,3.04145503208735e-05,0,5.28837509386866e-05,0,5.70320520132314e-05,9.67164756516273e-05,0,0,0,0,0,0,0,0,0,0,0.988945060299671,0,0,0,0,0,0,0,0,0.00010972130787799,0,0,0.000789265982636148,0,0.000107486429838233,0,0,0,0,0,0,0,0,0,0,0,0,0.000600744923705395,0,0,0,0,0,0,0,0,0,0,0.00383944153577661,0,0,0.000273897562311695,0,0.00666461767417784,0.000216076058772688,0,0.00011877895236964,0,0,0,0,1.74895499938787e-05,0,0,0,0,0,0,0,0,0,0,0,0,0,0.000503905265810028,2.09308361450423e-05,0,0,0,0,6.89988270199407e-05,0,0,0,0,0,7.34572568138339e-07,0,0,5.68752994839988e-06,3.83193148506505e-05,0,0.000337255489769917,0,0,0,0,0,0.00613254804335286,0,0,0,0,0,0,0,0.00196374622356495,4.93559054340852e-05,0,0,0,0,0,0,0,0,0,0,0,0,0,0,0,0,0,0,0,0,7.55829333736442e-05,0,0.000489878755008135,1.20235661897319e-05,0,0,0,0,0,6.51223975461881e-05,0,0,0,8.11293201362973e-05,0,0,0,0,0,0,0,0.000137950062077528,0,0,0,0,1.33109709022176e-05,0,0,0.000272702481592582,0,1.39125982751161e-06,4.0126800690181e-06,0,0,0,0,0,0,0,0,0,0,0,7.94817788022096e-06,0,0,0,0,0,0,0,5.01470981545868e-05,0.0013355592654424,0.000500951808436028,0,0.000172205958326158,0,0,0,0,0,0,0,0,0,0,0,0,0,0,0,1.36521566994546e-05,0,0,0,0,0,0,0,0,0,0,4.27414356848247e-05,0,0.000388701736201088,0,0,0.000123152709359606,0.000676498444053579,0,0,0,0,0.000216570756760101,6.09421658845755e-05,2.64219407796234e-05,0.000101818478017391,2.92260930558803e-05,0,9.32227090519251e-05,1.19198603945951e-06,0,0.00175870559268378,0,3.63279689032586e-05,0.00124792013311148,0,0,0,0,2.43593491181916e-05,4.37171847881684e-05,0,0,0,0,0,0,0,0,0,5.74914194056537e-06,0,0,0,0,0,0,9.08512764604343e-05,0,0,0,0,0,0,1.66575050388953e-05,0,0,0,0,0,0,0,0,0,0,5.62841222491135e-05,0,0,0,0,0,0,0,0,0,0,0.000873743993010048,0,0.000320615581917281,0.000222595963593194,0.00311526479750779,0,0,0,2.92860071457857e-05,0,0,0,0,0.000204708290685773,0,0,2.14192387602545e-05,0,0,0,0.00313334106997795,0,0,0,0,0,0,0,0,1.10308311731289e-05,0.000150060024009604,0,3.12052399838981e-06,0.00204153056462902,0,0,0,0,0,5.81360100259702e-06,7.98849656494648e-05,0,0,0,0,0,0,0,0,0,0,0.000273622765414082,0,0.0047870584351271,0.000110277900308778,0,0,0,0,0,0.000144684298859888,2.3191094619666e-05,0.000310800310800311,0,0,0,0,0,0.00234113712374582,0,0,0,0,0,0,0.000445831475702185,0,0,0,0,0,0.000345423143350604,0,0.000731885825811174,0,0,0,0,0,0,0.000975371860521824,0,0.0260095011876485,0,0,0,0,0,0.000520291363163372,6.83060109289617e-05,0,0,0,9.6515780330084e-05,0.000174246384387524,0.000293599530240752,0,2.44176393026322e-05,0,0,0,0,0,0,0,0,0,0,0,0,0,0.000178762960314623,8.03535556448373e-05,0,0.000460023921243905,0,0,0,7.25067467527853e-07,0,1.09870791948668e-05,0,0,0,0,0,0,0,0,0,0,0.000462748727441,0,0,5.48787180331467e-05,0,0,0,0,0,2.25275963054742e-05,0.000952986022871665,0,0,0,0,0.000754716981132075,0,0,0,0,0,0,0,0.000215447592373155,0.000271812992661049,0.00111975018531077,0,0,0,0,0,0,1.88331010584203e-05,0,0,0,4.79156684235745e-08,0,0,4.9618320610687e-06
0,0,0,8.66359686551065e-06,0,8.29714854661615e-05,0.000350792791709263,0.000331896331633732,0,0,0,0,0,0,0,0,0,0,0,0,1.26873498663599e-05,0,0,0,0,0,0,0,4.4531528322052e-05,3.3559299281831e-05,0,0,7.44956643523347e-06,0,0,0,0,0,0,0,0,1.54807148994141e-05,0,0,0,0,0,0,0,0,0,0,0,0,0,0,0,0,0,0,0.00529901589704769,0,5.17836221349093e-05,0,0,0,0,0,0,0,0,0,0,0,0.000104165310347522,0,0,0,0,0,0,0,0,0,4.23599579789217e-06,0,1.58105266486427e-05,0,0,0,0,9.85512959495417e-05,0,4.6143481617975e-05,0,2.01178908403243e-05,0,0,9.52610788634718e-06,0,0,8.16459830176355e-06,0,0,0,9.32253831204687e-05,0,0,0,0,0,0,0,0,2.77029797325e-06,0,0,0,0,0,0,0,0,0,0,2.6878378696197e-05,0,0,0,1.10133371512902e-05,0,0,0,0,0,0,0,0,4.07697325505545e-05,0,0,0,0,0,0,0,0,0,0.000105082489754457,0,0,0,0,0,0,3.24167497345879e-05,0,0,0,0,0,0,0,0,0,0,0,0,0,0,0,0.00240126382306477,0,3.18258489545209e-05,0,0,0,0,0,0,0,0,0,0,0,0.000865228013029316,0,3.96384969081972e-05,3.81058835484199e-05,0,0,5.07572988995818e-06,0.955038980586426,0.0142233760494918,0,0,0,0.000212630236019562,1.82575038340758e-05,0,0,0,0,0,0.000151451409339504,2.68716074595582e-05,2.08685490097873e-05,0,8.51411640499949e-06,9.83654933849206e-05,0,2.56781162533917e-05,0,5.85788764571496e-05,0,0,0,0,0,0,0,0,0,0,0,0.000124285359184688,3.99285279349964e-05,0,0,0,1.40094283452764e-05,0,0,0,0,0,0,0,0,0,0,0,0,0,0,0,0,0,0,0,0,0,0,0,0,0,0,0,0,0,0,0,2.65380103922849e-06,0,7.45156482861401e-05,0,0,0,0.000440661921708766,0,4.40315265730263e-05,0,0,0,0,0,6.65690320862735e-05,0,1.82775259540869e-05,3.7237706902009e-05,0,0,7.97448165869218e-05,0,0.000703462174648744,0,0,0,0,0,0,0,0,0,0,0,0,0,0,0.00139931306449561,0,0,0,0,0,5.29240539825351e-05,0,0,0,0,0,0,0,0,0,0,0,0,0,0,0,0,0,0,0,0,0,0,0,0,0,0,0,0,0,0,0,0,8.27417299640901e-06,0,0,5.2867873445441e-05,0.0031700172545243,0,2.04561726500972e-05,0,0,0,0,0,0,0,0,0,0,2.12089077412513e-05,0,0,0,0,0,0,0,0,0,0,0,0,0,0,0,0,0,9.72289742343218e-05,0,0,1.18576137738042e-05,0,0,0,0,8.41042893187553e-05,6.8260783497273e-06,0,0,0,0,0,0,0,0,0,0,0,0,0,0,0,0,0,0,4.05794749015948e-05,0.000240121020994581,0,0,0,0,0,0,0,0,5.12553996967588e-05,0,0,0,0,0,0,0,0,0,0,0,0,5.94078228221092e-06,0,1.7702812268757e-05,0,0.000268672756582483,0,0,0,2.87457097028269e-05,5.89298342107331e-05,0,0,0,0,0,0,0,0,0.00017650692789692,0,0,0,0,0,0,0,0,0,0,0,0,0,0,0,9.33532486930545e-05,0,0,0,0,0,0.000177489287253734,0.000960614793467819,0,0,0,0,0,0,0,0,6.58379858843358e-06,0,0,0,6.97034119820165e-05,0,0,0,0,0,0,3.5272124440055e-05,0,0,0,0,0,0,0,0,0,0.000163259975184484,0,1.10308311731289e-05,0,0,9.36157199516943e-06,0,0,0,0,0,0,6.64411543153945e-06,0,0,0,0,2.73374922771584e-06,0,0,7.94827264164815e-06,1.57006293709431e-05,0,0,0,0,0,0,0,2.62553644483271e-05,0,0,0,0,0,0.000310800310800311,0,0,0,2.6967189021118e-05,0,0,0,0,0,5.83464612871229e-05,0,0,0,0.000414040461231097,0,0,2.27474352266782e-05,0,0,0,0,0,0,0,0,1.18133490844654e-05,1.02946323786778e-05,0,2.07703012386023e-05,0,0,0,0,0,0,0,0,0,1.8067500180675e-05,0,0,0,0,0,2.44176393026322e-05,0,0,4.01053118305952e-05,0,0,0,0,1.4719346225518e-05,0,5.38604475803194e-05,0,0,0,0,0,0,0,0,0,0,3.19029685712256e-05,0,0.000252702821481937,0,0,0,0,0,0,0,0,0,0,0,0,0,0,0,0,3.06767286336585e-05,0,0,0,0,0,0,0,0,0,0,0.000194445344654373,0,0.000615694615470727,0,0,0,0,0,0,0,0,0.000936801902428479,3.06032668987414e-05,0,0,0,0,7.7930174563591e-05,0,4.79156684235745e-08,0,0,0
0,0,0,4.33179843275533e-06,0,8.29714854661615e-05,0.000730221729680507,0.000372015668424623,0,0,0,0,0,0,0,0,5.90016913818196e-05,0,0,8.42722668397057e-06,2.53746997327198e-05,0,2.46228598630969e-05,0,0,0,0,0,4.4531528322052e-05,0.000100677897845493,0,0,0,0,0,0,0,0,0,0,0,0,0,0,0,0,0,0,0,0,0,0,0.00014682131845544,0,0,0,0,0,0,0,0.00250436841536089,0,0.000110040197036682,0,0,0,0,0,0,0,0,0,0,4.94875563539548e-06,7.81239827606411e-05,0,0,0,0,0,0,0,0,0,0,0,6.32421065945707e-05,0,0,0,0,6.89859071646792e-05,0,6.15246421573e-05,9.67202174270488e-06,4.02357816806486e-05,0,0,0,0,0,8.16459830176355e-06,0,0,0,9.32253831204687e-05,0,3.66260117935758e-05,0,0,0,0,0,0,6.92574493312501e-06,0,0,0,0,0,0,0,0,0,0,3.02381760332217e-05,0,0,0,0,4.49539222297145e-05,0,0,0,0,0,0,0,0,0,0,0,0,8.58000858000858e-05,0,0,0,0,0,0,0.000133958472873409,0,0,0,0,2.43125623009409e-05,0,0,0,0,0,0,1.33738114025116e-05,0,0,0,0,0,0,0,0,0.00214849921011058,0,1.06086163181736e-05,0,0,0,0,0,0,0,0,5.73526038082129e-05,0,0,0.000152687296416938,0.000262881177707676,3.96384969081972e-05,2.54039223656132e-05,0.000164609053497942,0,0,0.0145072079378649,0.929808329650906,0,0,0,5.31575590048905e-05,3.65150076681516e-05,0,0,0,0,0,0.00016827934371056,0,0,0,1.7028232809999e-05,0,0,1.71187441689278e-05,0,0.000131802472028587,0,0,0,0,0,0,0,0,0,0,0,5.32651539362949e-05,4.99106599187454e-05,0,0,0,2.80188566905527e-05,2.7680894646515e-05,0,0,0,0,0,0,0,0,0,0,0,0,0,0,0,0,0,0,0,0,0,0,0,0,0,0,0,0.000110150355234896,0,0,5.30760207845697e-06,0,0.00014903129657228,0,0,0,0.00110267504394988,0,2.20157632865131e-05,1.42188248709997e-06,0,0,0,0,9.98535481294102e-05,0,0,6.20628448366816e-05,0,0,7.97448165869218e-05,0,0.000646424701028576,0,0,0,0,0,0,3.5650623885918e-05,0,0,0,0,0,0,0,0.00111308993766696,0,3.03665239440041e-05,0,0,1.09635899178827e-05,0,0,0,0,0,0,0,0,0,0,0,0,0,0,0,0,0,0,0,0,0,2.8048130592096e-05,1.07308802541072e-05,0,0,0,0,9.68879587644847e-06,0,0,0,6.6554854511088e-06,0,2.4822518989227e-05,0,0,5.42591332729527e-05,0.00162112274788331,0,6.13685179502915e-05,0,0,1.55058793125727e-05,0,0,0,0,0,0,0,0.000127253446447508,0,0,0,0,0,0,0,0,0,0,0,0,0,0,0,0,0,0,0,0,2.37152275476083e-05,0,0,0,0,0,0,0,0,0,0,0,0,0,0,0,0,0,0,0,8.34734992508254e-06,0,0,0,0,0,0.000104052442430985,0,0,0,8.8073135932078e-06,0,1.46130465279401e-05,0,0,5.48313578151373e-05,0,0,0,0,0,0,0,0,0,0,0,0,0,0,1.41622498150056e-05,0,8.95575855274942e-05,0,0,0,1.14982838811307e-05,0.000157146224561955,0,0,0,0,0,0,0,0,8.825346394846e-05,0,0,0,0,6.52656311186529e-05,0,0,7.5642965204236e-05,0,0,0,0,0,0,0,0,0,0,0,0,0,0.000253556124648191,0.000303352040042469,0,0,0,0,0,0,0,0,0,0,0,0,1.74258529955041e-05,5.3984020729864e-05,0,0,0,0,0,8.81803111001376e-05,0,0,0,0,0,0,0,0,0,0.000114281982629139,0,0,0,0,4.68078599758471e-05,0,0,0,0,0,0.000151469251741896,1.1627202005194e-05,0,0,0,0,2.73374922771584e-06,0,0,1.98706816041204e-05,2.24294705299187e-05,0,0,0,0,0,0,0,4.05764723292327e-05,0.000313003040600966,0,0,0,0,0.000466200466200466,0,0,0,4.0450783531677e-05,0,0,0,0,0,0,0,0,0,0.000498843929194093,0,0,3.98080116466868e-05,0,0,0,0,0,0,0,0,4.72533963378618e-05,2.57365809466944e-05,0,9.23124499493435e-06,0,0,0,0,5.67730214602021e-05,0,0,0,0,3.613500036135e-05,0,0,0,0,0,0,0,0,4.24644478206302e-05,0,0,0,0,2.20790193382771e-05,0,0,0,0,0,0,8.03535556448373e-05,0,0,0,0,0,5.36549925970612e-05,0,0.00020875450470247,0,0,0,0,0,0,0,0,0,0,0,0,0,0.000109757436066293,0,0,0,0,0,0,0,3.96852168598675e-06,0,0,1.91982798341269e-05,0,0,6.48151148847911e-05,0,0,0,0,0,0,0,0,0,0,0.000763853858903221,0,0,0,3.76662021168406e-05,2.46848566632656e-05,0,0,2.87494010541447e-07,6.07533414337789e-08,0,0
0,0,0,0,0,0,0,0,0,0,0,0,0,0,0,0,0,0,0,0,0,0,0,0,0,0.000193610842207164,0.000158202816010125,0,0,0,0,0,0,0,0,0,0,0,0,0,0,0,0,0,0,0,0,0,0,0,0,0,0,0,0,0,0,0,0,0,0,0,0,0,0,0,0,0,0,0,0,0,0,0,0,0,0,0,0,0,0,0,0,0,0,0,0,0,0,0,0,0,0,0,0,0,0,0,3.17536929544906e-06,0,0,0,0,0,0,0,0,0,0,0,0,0,0.000823984280915256,0,0,0,0,0,0,0,0,0,0,0,0,0,0,0,0,0,0,0,0,0,0,0,0,0,0,0,0,0,0,0,0,0,0,0,0,0,0,0,0,0,0,0,0,0,0,0,0,0,0,0,0,0,0,0,0,0,0,0,0,0,0,0,0.00128474655454333,0,0,0,9.67164756516273e-05,0,0,0,0,0,0,0,0,0,0,0,0,0,0.9673358285131,0,0,0,0,0,0,0,0,0,0,0,0,0,0,0,0,0,0,0,0,0,0,0,0,0,0,0,0,0,0,0,0,0,0,0,0,0,0,0,0,0,0,0,0,0,0,0,0,0,0,0,0,0,0,0,0,0,0,0,0,0,0.000251952632905014,0,0,0,0,0,0,0,0,0,0,0,0,0,0,0,0,0,0,0,0,0,0,0,0,0.000240038406144983,0,0,0,0,0,0,0,0,4.01364639775236e-05,0,0,0,0,0,0,0,0,0,0.00259067357512953,0,0,0,0,0,0,0,0,0,0,0,0,0,0,0,0,0,0,0,0,0,0.00257941895194135,0,0,0,0,0,0,0,0,0,0,0,0,0,0,0,0,0,0,0,0,0,0,0,0,0,0,0,0,0,0,0,0,0,0,0,0,0,0,0,0,0,0,0,0,0,0,0,0,0,0,0,0,0,0,0,0,0,0,0,0,0,0,0,0,0,0,4.52488687782805e-05,0,0,0,0.00036330220332101,0,0,0,0,0,0,0,0,0,0,0,0,0,0,0,0,0,0,0,0,0,0,0,0,0,0,0,0,4.37171847881684e-06,0,0,0,0,0,0,0,0.00237529691211401,0,0,0,0,0,0,0,0,0,0,0,0,0,0,0,0,0,0,0,0,0,0,0,0,0,0,0,0,0,0,0,0,0,0,0,0,0,0,0,0,0,0,0,0,0,0,0,0,0,0,0,0,0,0,0,0,0,0,0,0,0,0,0,0,0,0,0,0,0,0,0,0,0,0,0,0,0,0,0,0,0,0,0,0,0,0,0,0,0,0,0,0,0,0,0,0,0,0,0,0,0,0,0,0,0,0,0,0,0,0,0,0,0,0,0,0,0,0,0,0,0,0,0,0,0,0,0,0,0,0,0,0,0,0,0,0,0,0,0,0,0,0,0,0,0,0,0,0,0,0,0,0,0,0,0,0,0,0,0,0,0,0,0,0,0,0,0,0,0,0,0,0,0,0,0,0,0,0,0,0,0,0,0,0,0,0,0,0,0,0,0,0,0,0,0,0,0,0,0,0,0,0,0,0,0,0,0,0,0,0,0,0,0,0,0,0,0,1.52671755725191e-06
0,0,0,0,0,0,1.43180731309903e-06,0,0,0,0,0,0,0,0,0.000879640863867993,0,0,0,0,0,0,0,0,0.000134977053900837,0,0,0,0,0,0,0,0,0,0,0,0,0,0,0,0,0,0,0,0,0,0,0,0,0,0,0,0,0,0,0,0,0,0,0,0,0,0,0,5.34616412723871e-05,0,0,0,0,0,0,0,0,0,0,0,0,0,0,0,0,0,0,0,0,3.56188780053428e-05,0,0,0,0,0,0,0,0,9.67202174270488e-06,0,0,0,0,8.2060035121695e-06,0,0,0,0,0,0,0,0,0,0,0,0,0,0.000147094876195146,0,0,0,0,0,0,0.000533807829181495,0,0,0,0,0,0,0,0,0,0,0.000115861429730043,0,0,0,2.70160745643658e-05,0,0,4.07697325505545e-05,0,0,0,0,0,0,0,0,0,0,0,0,0,0,0,0,0,0,0,0,0,0,0,0,0,0,0,0,0,0.000211954217888936,3.98612827360784e-05,0,0,0,0,0,0,0,0,0,0,0,0,0,0,0,0,0,0,0,0,0,5.07572988995818e-06,0,0,0,0.990055504162812,0,0,0,0,0,0,0,0,0,0,0,0,0,0,0,0,0,0,0,0,0,0,0,0,0,0,0,0,0,0,0,0,2.51768674941464e-05,0,0,0,0,0,0,0,0,0,0,0,0,0,0,0.000502104055087988,0,0,0,0,0,4.91408540680437e-05,0,0,0,0,0,0,0,0,0,5.50751776174478e-05,0,0,0,0,0,0,0,0,3.26476696950373e-07,0,0,9.24223616614981e-05,0,8.77721999960361e-05,0,0,3.32845160431367e-05,0,0,0,0,0,0,0,0,0,0,0,0,0,0,0,0,0,0,0,0,0,0,0,0,0,0,0,0,0,0,0,0,0,0,0,0,1.20235661897319e-05,0,0,0,0,0,0,0,0,0,0,0,0,0,0,0,0.00201829924650161,1.79314302108736e-05,0,0,3.62884203650615e-05,0,0,0,0,0,0,0,2.78251965502321e-06,4.0126800690181e-06,0,0,0,0,5.16862643752423e-06,0,0,0,0.000136332651670075,0,0,3.17927115208838e-05,0,0,0,0,0,0,0,0,0,0,0,0,0,0,0,0,0,0,0,0,0,0,0.000112663361874718,0,0,0,0.00151387720773759,0,0,0,0,0,0,0,0,0,0,0,0,0,0,0,0,0,0,0,0,0,0,0,0.00164543847888354,0,0,0,0,0,0,0,0,0,0,0,0,0,0,0,0,0,0,0,4.00978387264926e-05,0,0,0,0,0,0,0,0,0,0.000295741324921136,0,0,0.000444148345547413,0,0,0.00607917059377945,0,0,0,0,0,0.000195796893355959,0,0,0,0,0,0,0,0.000263400500460951,0,0,0,0,0,0,0,0,0,0,0,0.000316555872111428,0,0,0,0,0,0,0,0,0,0,0,0,0,0,0,0,0,0,0,0,0,0,0.00181702552920869,0,0,0,0,0,0,0,0,2.00156121774984e-05,3.12052399838981e-06,0,0,0,0,0,0,8.30514428942431e-07,0,0,0,0,0,0,6.17894216510133e-05,3.97413632082408e-06,0,0,0,0,0,0,0,0,0,0,0,0,0,0,0,0,0,0,0,0.000446328944432046,0,0.000467508181393174,0,0,0,0,0.000144320969836917,0,0,0,0,0,0,0,0,0,0,0,0,0,0,0,0,2.30781124873359e-06,0,0,0,0,0,0,0,0,0,0,0,0,0,0,0,0,0,0,0,0,0,0,0,0,0,0,0,0,0,8.93814801573114e-05,0,6.09533097647202e-05,0,0,0,0,0,0,0,0,0,0,0,0,0,0,0,0,0,0,0,0,0,4.79938567863313e-05,0,0,0.0017921146953405,0,0,0,0,0,0,0,0,0,0,0,0,0,0,0,0,0,0,0,0,0,0,0,0,0,0,0,0,4.79156684235745e-08,0,0,0
0,0,0,0,0,0,0,0,0,0,0,0,0,0,0,0,0,0,0,0,0,0,0,0,0,0,0,0,0,0,0,0,0,0,0,0,0,0,0,0,0,0,0,0,0,0,0,0,0,0,0,0,0,0,0,0,0,0,0,0,0,0,0,0,0,0,0,0,0,0,0,0,0,0,0,0,0,0,0,0,0,0,9.59079283887468e-05,0,0,0,0,0,0,0,0,0,0,0,0,0,0,0,0,0,0,0,0,0,0,0,0,0,0,0,0,0,0,0,0,0,0,0,0,0,0,0,0,0,0,0,0,0,0,0,0,0,0,0,0,0,0,0,0,0,0,0,0,0,0,0,0,0,0,0,0,0,0,0,0,0,0,0,0,0,0,0,0,0,0,0.000233154581487526,0,0,0,0,0,0,0,0,0,0,0,0,0,0,0,0,0,0,0,0,0,0,0,0,0,0,0,0,0,0,0.986478873239437,0,0,0,0,0,0,0,0,0,0,0,0,0,0,0,0,0,0,0,0,0,0,0,0,0,0,0,0,0,0,0,0,0,0,0,0,0,0,0,0,0,0,0,0,0,0,0,0,0,0,0,0,0,0,0.000983284169124877,0,0,0,0,0,4.18616722900846e-06,0,0,0,0,0,0,0,0,0,0,0,0,0,0,0.000258655375241891,0,0,0,0,0,0,0,0,0,0,0,0,0,0,0,0,0,0,0,0,0,0,0,0,0,0,0,0,0,0,0,0,0,0,0,0,0,0,0,0,0,0,0,7.14183688044565e-05,0,0,0,0,0,0,0,0,0,0,0,0,0,0,0,0,0,0,0,0,0,0,0,0,0,0,0,0,0,0,0,0,0,0,0,0,0,0,0,0,0,0,0,0,0,0,0,0,0,0,0,0,0,0,0,0,0,0,0,0,0,0,0,0,0,0,0,0,0,0,0,0,0,0,0,0,0,0,0,0,0,0,0,0,0,0,0,0,0,2.64219407796234e-05,0,0,0,0,0,0,0,0,0,0,0,0,0,0,0,0,0,0,0,0,0,0,0,0,0,0,0,0,0,0,0,0,0,0.000373692077727952,0,0,0,0,0,0,0,0,0,0,0,0,0,0,0,0,0,0,0,0,0,0,0,0,0,0,0,0,0,0,0,0,0,0,0.000128982329420869,0,0,0,0,0,0,0,0,0,0,0,0,0,0,0,0,0,0,0,0,0,0,0,0,0,0,0,0,0,0,0,0,0,0,0,0,0,0,0,0,0,0,0,0,0,0,0,0,0,0,0,0,0,0,0,0,0,0,0,0,0,0,0,0,0,0,0,0,0,0,0,0,0,0,0,0,0,0,0,0,0,0,0,0,0,0,0,0,0,0,0,0,0,0,0,0,0,0,0,0,0,0,0,0,0,0,0,0,0,0,0,0,0,0,0,0,0,0,0,8.21247310415058e-06,0,0,0,0,0,0,0,0,0,0,0,0,0,0,0,0,0,0,0,0,0,0,0,0,0,0,0,0,0,0,0,0,0,0,0,0,0,0,0,0,0,0,0,0,0.00036001980108906,0,0,0,0,0,0,9.02527075812274e-08,0
0,0,0,0,0.000652826739783262,0,1.43180731309903e-06,0,0,0,0,0,0,0,0,0,0,0,0,0,0,0,0,0,0,0,0,0,0,0,0,0,0,0,0,0,0,0,0,0,0,0,0,0,0,0,0,0,0,0,0,0,0,0,0,0,0,0,0,0,1.70752391956424e-05,0,0,0,0,0,0,0,0,0,0,0,0,0,0,0,0,0,0,0,0,0,0,0,0,0,0,0,0,0,0,9.85512959495417e-06,0,6.15246421573001e-06,0,0,0,0,0,0,0,8.16459830176355e-06,0,0,0,7.17118331695913e-06,0,0,0,0,0,0,0,0,1.385148986625e-06,0,0,0,0,0,0,0,0,0,0,0,0,0,0,0,0,0,0,0,0,0,0,0,0,0,0,0,0,0,0,0,0,0,0.000105082489754457,0,0,0,0,0,0,8.10418743364697e-06,0,0,0,0,0,0,0,0,0,0,0,0,0,0,0,0.000126382306477093,0,0,0,0,0,0,0,0,0,0,0.000172057811424639,0,0,0.000967019543973941,0,0,0,0,0,0,3.65328832482117e-06,0,0,0,0,0.988252179459919,0,0,0,0,0,0,0,0,0,0,0,0,0,8.55937208446388e-06,0,5.85788764571496e-05,0,0,0,0,0,0,0,0,0,0,0,0.000887752565604915,9.98213198374909e-06,0,0,0,0,0,0,0,0,0,0,0,0,0,0,0,0,0,0,0,0,0,0,0,0,0,0,0,0,0,0,0,0,0,0,0,0,0,0,0,0,0,1.46914513627668e-06,0,0,0,0,2.83136129019471e-06,0,0,0,0,0,0,0,0,7.97448165869218e-05,0,0,0,0,0,0,0,0,0,0,0,0,1.12731945978851e-05,6.70106546940964e-05,0,0,0.000159012848238138,0,0,0,0,0,0,0,0,0,0,0,0,0,0,0,0,0,0,0,0,0,0,0,0,0,0,0,0,0,0,0,0,0,0,0,0,0,0,0,0,0,2.78251965502321e-06,0,0,0,0,0,0,0,0,0,0,0,0,0,0,0,0,0,0,0,0,0,0,0,0,0,0,0,0,0,0,0,0,0.000512360701934162,0,0,0,0,0,0,0,0,0,0,0,0,0,0,0,1.05983848061555e-05,0,0,0,0,0,0,0,0,0,0,0,0,0,0,0,0,0,0,0,0,0,0,0,0,0,0,0,0,0,0,0,0,0,1.78223468466328e-05,0,0,0,0.00116424861185742,0,0,0,0,3.92865561404887e-05,0,0,0,0,0,0,0,0,0,0,0,0,0,0,0,0,0,0,0,0,0,0,0,0,9.33532486930545e-05,0,0,0,0,0,1.26778062324095e-05,0.00187067091359523,0,0,0,0,0,0,0,0,0,0,0,0,0,0,0,0,0,0,0,1.76360622200275e-05,0,0,0,0,0,0,0,0,0,0,0,0,0,0,0,0,0,0,0,0,0,8.30514428942431e-07,0,0,0,0,0,0,0,3.97413632082408e-06,0,0,0,0,0,0,0,0,0,0,0,0,0,0,0,0,0,0,5.3934378042236e-06,0,0,0,0,0,0,0,0,0,0,0,0,0,0,0,0,0,0,0,0,0,0,0,0,2.30781124873359e-06,0,0,0,0,0,0,0,0,0,7.22700007227e-05,0,0,0,0,0,0,0,0,2.35913599003501e-06,0,0,0,0,1.17754769804144e-05,0,0,0,0,0,0,0,0,0,0,0,0,1.45013493505571e-06,0,1.09870791948668e-05,0,0,0,0,0,0,0,0,0,0,0,0,0,0,0,0,0,0,0,0,0,3.96852168598675e-06,0,0,0,0,0,0.000162037787211978,0,0.00027986118885033,0,0,0,0,0,0,0,0,1.44123369604381e-05,0,0,0,0,0,0.000311720698254364,0,1.43747005270724e-07,0,0,0
0,0,0,4.33179843275533e-06,0,0,1.43180731309903e-06,0,0,0,0,0,0,0,0,0,0,0,0,0,0,0,0,0,0.000179969405201116,0,0,0,0,0,0,4.09785682088268e-05,0,0,0,0,0,0,0,0,2.21695080586162e-05,0,0,0,0,0,0,0,0,0,0,0,0,0,0,0,0.000216590859865714,0,0,0,0,0,0,0,5.34616412723871e-05,0,0.0119455875628715,0,0,0,0,0,0,0,0,2.56367528488842e-05,0.000111982082866741,0,0,0,0,5.76003686423593e-05,0,0,3.38879663831373e-05,0,0,0,0,0,0,0,0,0,0,0,0,0,0,9.8472042146034e-05,0,0,0,0,0,0,9.97381872584466e-05,0,0,3.96055289318389e-05,0,0,0,9.80632507967639e-05,0,0,0,0,1.96005409749309e-05,0,0.000355871886120996,0,0,0,0,3.35979733702463e-06,0,0,0,0,0,0,2.96577495699626e-05,0,2.58856114828573e-05,2.70160745643658e-05,0,0.00133446560718185,4.07697325505545e-05,0,0,0,0,0,0,0,0.000725396953332796,0,3.50274965848191e-05,0,0,0,0,0,0,0,0,0,0,0,0,0,0,0,0,0,2.46889196128777e-05,0,0,3.98612827360784e-05,0,0,0.000335064499916234,0,0.000649561545956479,0,0,2.11535003754746e-05,0,0,0,0.000283005518607613,0,0,0,0,0,0,0,0,0.000280741156653565,2.53786494497909e-05,0,0,0,0,0,0,0.979168188125319,0,0,0.000420875420875421,0,0,0,0,0,0,8.51411640499949e-06,0,0,4.27968604223194e-06,0,0,0,0,0,0,0,0,0,0,0.000256607646907878,0,0,0,0,0,5.03537349882928e-05,0.000349040139616056,0,0,0,0,8.08812824536146e-06,0,0,0.00011877895236964,0,0,0,0,0,0,6.8203519301596e-05,0.000472813238770686,0,0,0,0.000597880391161198,0,0,0,0,0,0,0,0,0,5.50751776174478e-05,0,0,1.32690051961424e-05,0,0,0.000190949016612564,0,0,7.34572568138339e-07,0,0,2.84376497419994e-05,0,2.26508903215577e-05,0,0,0,0,0,0,0,0,0,0,0,0,0.00029673590504451,0,0,0,0,0,0,0,0,0,0,0,0,0,0,0,0,0.000171526586620926,0,0,0,0,0,0,0,0,0,0,0,0,0,0,0,0.000434149316974587,0,0,0,8.11293201362973e-05,0,0,0,0,0,0,0,0,9.68879587644847e-06,0,0,0,0,0,0,0,0,0,0,0,0,0,0,5.16862643752423e-06,0,0,0,0,0,0,2.38445336406629e-05,0,0,0,0,0,7.70208341356337e-05,0,0.000133725595078898,0,0,0,0,0,0,0,0,0,0,0,0,0,0,2.25326723749437e-05,0,0,0,0,0,0,0,0,0,0,0,0,0,0,0,0,0,0,4.17367496254127e-06,0,0,0,0,0,0,0,0,0,0,2.03636956034781e-05,0,0,0.00177123147198658,0,8.06907124989914e-05,0,0,0,0,0,0,0.000407830342577488,0,2.43593491181916e-05,0,0.00027906976744186,0,4.00978387264926e-05,3.5405624537514e-06,0,0,0,0,0,5.74914194056537e-06,0,0,0,0,0,0,0,0,0,0,0,0.00521722633276418,0,1.66575050388953e-05,0,0,0,0,0,0,0,0.000232270052647879,0,0,0,0.000186706497386109,0,0,0,0,0,0,0,0,0,0,0.000456516776991554,0,0,0,0,0,0,0,0,0,0,0.000205296653664545,0,0,0,0,0,0,0.000896975909789851,0,0,2.27128191151086e-05,0,0,0.000125109470786939,2.90338970748349e-05,0,0,0,0,4.00312243549969e-05,0,0,0,0.000157952930026852,0,0,0,8.30514428942431e-07,0,0,0,0,0,0,0,1.19224089624722e-05,2.24294705299187e-06,0,0,9.12075884713608e-05,0,0,0,0,7.16055394045283e-06,0,0,0.000141522785168412,8.68105793159326e-05,4.63821892393321e-05,0,0,0,0,2.6967189021118e-06,0,0,0,0,0,0,5.86544665376268e-05,0,0,0,0,0,0,0,0,0,0,0,0,0,0,0,0,0.000243842965130456,2.30781124873359e-06,0,0,0,0,0,0,0,0,0.000199407474931632,0,0,0,0.000174246384387524,0,2.83350334353395e-05,2.44176393026322e-05,0,0,2.35913599003501e-06,0,0,0,0,1.4719346225518e-06,0,0,0,0,0,0.00589917769038255,0,0,0,0,0,0,0,0,0,0,0,0,0,0,0,0,0,0,0,0,0,0,0,1.59979522621104e-05,0,0,0.000336021505376344,0,0,0,7.93704337197351e-05,0,0,0,0,0,0,0,0,0.000285681636384413,0.000129198966408269,0,0,0,1.57711293705742e-05,0,0.00360576923076923,0,0,0,0,0,0,0,0,7.18735026353618e-07,0,0,0
0,0,0,0,0,0,0,0,0,0,0,0,0,0,0,0,0,0,0,0,0,0,0,0,0,0,0,0,0,0,0,0,0,0.000389408099688474,0,0,0,0,0,0,0,0,0,0,0,0,0,0,0,0,0,0.000324044069993519,0,0,0,0,0,0,0,0,0,0,0,0,0,0,0,0,0.00160384923817161,0,0,0,0,0,0,0,0,0,0,0,0,5.76003686423593e-05,0,0,0,0,0,0,0,0,0,0,0,0,0,0,0,0,0,0,0,0,0,0,0,0,0,0,0,0,0,0,0,0,0,0,0,0,0,0,0,0,0,0,0,0,0,0,0,0,0,0,0,0,0,0,0,0,0,0,0,0.000367917586460633,0,0,0,0,0,0,0,0,0,0,0,0,0,0,0,0,7.32654406916258e-05,0,0,0,0,0,0,0,0,0,0,0,0,0,0.000167532249958117,0,0,0,0,0.000359609506383069,0,0,0,0,0,0,0,0,0,0,0,0,0,0,0,0,0,0,0,0,0,0.948644421272159,0.00021944261575598,0,0,0,0,0,0,0,0,0,0,0,0,0,0,0,0,0,0,0,0,0,0,0,0,0,0,0,0,0,0,0,0,0,0,0.000216076058772688,0,0.00023755790473928,0,0,0,0,0,0,0,0,0,0,0,8.19014234467395e-06,0,0,0,0,0,0,0,0,0,0,0,0,0,0,0,0,0,0,0,0,0,1.42188248709997e-06,0,0,0,0,0,0,0,0,0,0,0,0,0,0,0,0,0,0,0,0,0,0,0.000548847420417124,0,0,0,0,0,0,0,0,0,0,0,0,0,0,0,0,0,0,0,0,0,0,0,0,1.95367192638564e-05,0,0,0,8.11293201362973e-05,0,0,0,0,0,0,0,0,0,0,0,0,0,0,0,0,0,0,0,0,0,0,0,0,0,0,0,0,0,0,0,0,0,0,0,0,0.000154041668271267,0,5.01470981545868e-05,0,0,0,0,0,0,0,0,0,0,0,0,0,0,0,0,0,0,0,0,0,0,0,0,0,0,0,0,0,0,0,0,0,0,0,0,0,0,0,0,0,0,0,0,2.03636956034781e-05,0,0,0,0,0,0,0,0,0,0,0,0,0,0,0,0,0,0,0,0,0,0,0,0,0,0,0,0,0,0,0,0,0,0,0,0,0,0,0,0,0,0,0,0,0,0,0,0,0,0,0,0,0,0,0,0,0,0,0,0,0,0,0.000961846745751844,0,0,0,0,0,0,0,0,0,0,0,0,0,0,0,0,0,0,0,0,0,0,0,0,0,0,0,0,0,0,0,0,0,0,0,0,0,0,0,0.000472813238770686,0,0,0,0,0,0,0,0,0,0,0,0,0,0,0,0,0,0.001287690259853,0,0,0,0,0,0,0,0,0,0,0,0,0,0,0,0,0,0,0,0,0,0,0,0,0,0,0,0,0,0.000243842965130456,0,0,0,0,0,0,0,0.000520291363163372,0,0,0,0,9.6515780330084e-05,0,0,0,0,0,0,0,0,0,0,0,0,0,0,0,0,0,0,0,0,0,0,0,0,0,0,0,0,0.00270148581719946,0,0,0,0,0,0,0,0,0.001850994909764,0,0,0,0,0,0,0,0,0,0,7.93704337197351e-06,0,0,0,0,0,0,0,0,0,0,0,0,0,0,0,0,0,0,0,0,0,0,0,0,0,0,0,0
0,0,0,0,0,0,0,0,0,0,0,0,0,0.00613045610593428,0,0,0,0,0,0,0,0,0,0,0,0,0,0,0,0,0,0,0,0.000778816199376947,0,0,0,0,0,0,0,0,0,0,0,0.00354484225451967,0,0,0,0,0,0,0,0,0,0,0,0,0,0,0,0,0,0,0,0,0,0,0,0,0,0,0,0,0,0,0,0,0,0,0,0,0,0,0,0,0,0,0,0,0,0,0,0,0,0,0,0,0,0,0,0,0,0,0,0,0,0,0,0,0.000238322211630124,0,0,2.4515812699191e-05,0,0,0,0,0,0,0,0,0,0.0181229773462783,0,0,0,0,0,0,0,0,0,0,0,0,0,0,0,0,0,0,0,0,0.000172920629431091,0,0,0.00201748486886348,0,0,0,0,0,0,0,0,0,0,0,0,0,0,0,0,0,0,0,0,0,0,0,0,0,0,0,0,0,3.17302505632119e-05,0,0,0,0,0,0,0,0,0,0,0,0,0,1.52271896698745e-05,0,0,0,0,0,0,0,0.000260688216892596,0.970594689488699,0,0,0,0,0,0,0,0,0,0,0,0,0,0,0,0,0,0,0,0,0,0,0,0,0,0,0,0,0,7.00471417263819e-06,0,0.000273897562311695,0,8.08812824536146e-06,0.000432152117545376,0,0.00035633685710892,0,0,0,0,0,0,0,0.000945626477541371,0,0,0,0,0,0,0,0,0,0,0,0,0,0,0,0,0,0,0,0,0,0,0,0,0,0,0,0,3.74728321966574e-05,0,0,0,0,0,0,0,0,0,0,0,0,0,0,0,0,0,0,0,0.00548847420417124,0,0,0,0,0,0,0,0,0,0,0,0,0.00183089214380826,0,0,0,0,0,0,0,0,0,0,0,6.51223975461881e-06,0,0,0,8.11293201362973e-05,0,0,0,0,0,0,0,0,0,0,0,0,0,0,0,0,0,0,0,0,0,0,0,0,0,0,0,0,0,0,0,0,0,0,0,0,3.85104170678168e-05,0,3.34313987697245e-05,0,0,0,0.000344411916652316,0,0,0,0,0,0,0,0,0,0,0,0,0,0,0,0,0,0,0,0,0,0,0,0,0,0,0,0,0,0,0,0,0,0.000719597025665627,0,0,0,0.000433141513520203,0,0,0.00244364347241737,0,0,0,0,0,0,0,0,0,0,0.000270416441319632,0,0,2.43593491181916e-05,0,0,0,0,0,0,0,0,0,0,0,0,0,0,0,0,0,0,0,0,0,0,0,0,0,0,0,0,0,0,0,0,0,0,0,0,0,0,0,0,0,0,0,0,0,0,0,0,0,0,0,0,0,0,0,0,0,0,0,0,0,0,0,0,0,0.000128139415684264,0,0,0,0,0,0,0,0,0,0,0,0,0,0,0,0,0,0,0,0,0,0,0.00189125295508274,0,0,0,0,0,0,0,0,0,0,0,0.000110277900308778,0.000524109014675052,2.38685131348428e-06,0,0,0,0.000144684298859888,0,0,0,0,0,0,0,0,0,0,0,0,0,0,0,0,0,0,0,0,0,0,0,0,0,0,0,0,0,0,0,0,0,0,0,0,0,0,0,2.84867821330902e-05,0,0,0,0,0,0,0,0,0,0,0,0,0,0.000800640512409928,0,0,0,0,0,0,0,0,0,0,0,0,0,0,0,0,0,0,0,0,0,0,0,0,0,0,0,0,0,0,0,0,0,0,0,0,0.00127064803049555,3.96852168598675e-06,0,0,0,0,0,0,0,0,0,0,0,0.000861790369492621,0,0,0,0,0,0,0,0,0,0,0,0,0,0,0,0
0,0,0,0,0,0,0,0,0,0,0,0,0,0.000245218244237371,0,0,0,0,0,0,0,0,0,0,0,0,0,0,0,0,0,0,0,0,0,0,0.000350354734168345,0,0,0,0,0,0,0,0,0,0,0,0,0,0,0,0,0,0,0,0.000433181719731427,0,0.00216919739696312,0,0,0,0,0,0,0,0.000685871056241427,0,0,0,0,0,0,0,0,0,0.000111982082866741,0,0,0,0,0,0,0,4.23599579789217e-06,0,0,0,0,0,0,0,0,0,0,0,0,0,0,1.6412007024339e-05,0,0,0,0,0,0,2.49345468146116e-05,0,0,0,0,0,0,0,0,0,0,0,0,0,0,0,0,0,0,0,0,0,0,0,0,0,0,0,1.29428057414286e-05,0,0,0,0,0,0,0,0,0,0,0,0.000322398645925687,0,0,0,0,0,0,0,0,0,0,0,0,0,0,0,0,0,0,0,0,0,0,0,0,0,0,0,0,0,0,0,0,0,0,0,0,0,0,0,0,0,0,0,0,0,0,0,0,0,0,0,0.00021909004600891,0,0,0.990267255892256,0,0,0,0,0,0,0,0,0,0,0,0,0,0,0,0,0,0,0,0,0,0,0,0,0,0,5.03537349882928e-05,0,0,0,0,0,0,0,0,0,0,0,0,0,0,0,0,0,0,0,0,4.91408540680437e-05,0,0,0,0,0,0,0,0,0,0,0,0,0,0,0,0,0,0,0,0,0,8.53129492259983e-06,0,2.83136129019471e-06,0,0,0,0,0,0,0,0,0,0,0,0,0,0,0,0,0,0,0,0,0,0,0,0,0,0,0,0,0,0,0,0,0,0,0,0,0,0,0,1.20235661897319e-05,0,0,0,0.000213447171824973,0,1.51952260941105e-05,0,0,0,0,0,0,0,0,0,0,0,0,0,0,0,0,0,0,0,0,0,0,0,0,0,0,0,0,0,0,0,0,0,0,0,0,0,0,0,0,0,0,3.34313987697245e-05,0,0,0,0,0,0,0,0,0,0,0,0,0,0,0,0,0,0,0,0,0,0,0,0,0,0,0,0,0,0,0,0,0,0,0,0,0,0,0,0,0,0,0,0,0,0,0,0,0,0,0,0,0,0,0,0,0.000407830342577488,0,0,0,0,0,0,0,0,0,0,0,0,0,0,0,0,0,0,0,0,0,0,0,0,0.00104344526655284,0,0,0,0,0,0,0,0,0,0.00112263858779808,0,0,0,0,0,0,0,0,0,0,0,0,0,0,0,0,0,0,0,0,0,0,0,0,0,0,0,0,0,0,0,0,0,0,0,0,0,0,0,0,0,0,0,0,0,3.12052399838981e-06,0,0,0,0,0,0,0,0,0,0,0,0,0,0,0,0,0,0,0,0,0,0,0,0,0,0,0,0,0,0,0,0,0,0,0,0,0,0,0,0,0,0.000577283879347669,0,0,0.000227014755959137,0,0,0,0,0,0,0,0,0,0,0,0,0,0,0,0,0,0,0,0,0,0,2.84867821330902e-05,0,0,0,0,0,0,0,0,0.000105831304899989,0,0,0,0,0,0,0,0,0,0,0,8.93814801573114e-05,0,0,0,0,0,0,0,0,0,0,0,0,0,0,0,0,0,0,0.000329924117452986,0,0,0,0,0,0,0,0,0,0,0,3.96852168598675e-06,0,0,0,0,0,0,0,0,0,0,0,0,0,0,0,0,0,0,0,0,0,0,0,0,0,0,0,0
0,6.5837118967674e-05,0,0,0,0,0,0,0,0,0,0,0,0,0,0,0,0,0,0,0,0,0,0,0,0,0,0,0,0,0,0,0,0,0,0,0,0,0,0,0,0,0,0,0,0,0,0,0,0,0,0,0,0,0,0,0,0,0,0,0,0,0,0,0,0,0,0,0,0,0,0.00398519783660689,0,0,0,0,0.000111982082866741,0,0,0,0,0,0,0,0,0,0,0,0,0,0,0,0,0,0,0,0,0,0,0,0,0,0,0,0,0,0,0,0,0,0,0,0,0,0,0,0,0,0,0,0,0,0,0,0,0,0,0,0,0,0,0,0,0,0,0,0,0,0,0,0,0.000735835172921266,0,0,0,0,0,0,0,0,0,0,0,0,0,0,0,0,0,0,0,0,0,0,0,0,0,0,0,7.97225654721569e-05,0,0,0,0,0,0,0,6.34605011264239e-05,0,0,0,0,0,0,0,0,0,0,0,0,0,1.01514597799164e-05,0,0,0,0,0,0,0,0,0,0,0.972554227534307,0.0015785319652723,0,0,0,0,0,0,0,0,0,0,0,0,0,0,0,0,0,0,0,0,0,0,0,0,0,0,0,0,0,0,0,0,0,0,0,0.00347222222222222,0,0,0,0,0,0,0,0,0,0,0,0,0,0,0,0,0,0,0,0,0,0,0,0,0,0,0,0,0,0,0,0,0,0,0,0,0,0,0,0,0,0,0,0,0,0,0,0,0,0,0,0,0,0,0,0,0,0,0,0,0,0,0,0,0,0,0,0,0,0,0,0,0,0,0,0,0,0,0,4.34149316974587e-06,0,0,0,0,0,0,0,0,0,0,0,0,0,0,0,0,0,0,0,0,0,0,0,0,0,0,0,0,0,0,0,0,0,0,0,0,0,0,0,0,3.85104170678168e-05,0,0,0,0,0,0,0.000136855070480361,0,0,0,0,0,0,0,0,0,0,0,0,0,0,0,0,0,0,0,0,0,0,0,0,0,0,0,0,0,0,0.000985221674876847,0,0,0,0,0,0,0,0,0,0,0,0,0,0,0,0,0,0.00062396006655574,0,0,0,0,0,0,0,0,0,0,0,0,0,0,0,0,0,0,0,0,0,0,0,0,0,0,0,0,0,0,0,0,0,0,0,0,0,0,0,0,0,0,0.000342817963661296,0,0,0,0,0,0,0,0,0.000873743993010048,0,0.000641231163834562,0,0,0,0,0,0,0,0,0,0,0,0,0,0,0,0,0,0,0,0,0,0,0,0,0,0,0,0,0,0,0,0,0,0,0,0,0,0,0,0,0,0,0,0,0,0,0,0,0,0,0,0,0,0,0,0,0,0,0,0,0,0,0,0,0,0,0,0,0,0,0,0,0,0,0,0,0,0,0,0,0,0,0,0,0,0,0,0.000487685930260912,0,0,0,0,0,0,0,0,0,0,0,0,0,0.000784108729743858,0,0,0,0,0,0,0,0,0,0,0,0,0,0,0,0,0,0,0,0,0,0,0,0,0,0,0,0,0,0,0,0,0,0,0,0,0,0,0,0,0,0,0,0,0,0,0,0,0,0,0,0,0,0,0.000388048117966628,0,5.71363272768826e-05,0,0,0,0,0,0,0,0,0,0,0,0,0,0,0,0,0,0,0
0,0,0,0,0,0,0,0,0,0,0,0,0,0,0,0,0,0,0,0,0,0,0,0,0,0,0,0,0,0,0,0,0,0,0,0,0,0,0,0,0,0,0,0,0,0,0,0,0,0,0,0,0,0,0,0,0,0,0,0,0,0,0,0,0,0,0,0,0,0,0,0.000569313976658127,0,0,0,0,0,0,0,0,0,0,0,0,0,0,0,0,0,0,0,0,0,0,0,0,0,0,0,0,0,0,0,0,0,0,0,0,0,0,0,0,0,0,0,0,0,0,0,0,0,0,0,0,0,0,0,0,0,0,0,0,0,0,0,0,0,0,0,0,7.53295668549906e-05,0,0,0,0,0,0,0,0,0,0,0,0,0,0,0,0,0,0,0,0,0,0,0,0,0,0,0,0,0,0,0,0,0,0,0,0,0,0,0,0,0,0,0,0,0,0,0,0,0,0,1.01514597799164e-05,0,0,0,0,0,0,0,0,0,0,0,0.982636148382005,0,0,0,0,0,0,0,0,0,0,0,0,0,0,0,0,0,0,0,0,0,0,0,0,0,0,0,0,0,0,0,0,0,0,0,0,0,0,0,0,0,0.000472813238770686,0,0,0,0,0,0,0,0,0,0,0,0,0,0,0,0,0,0,0,0,0,0,0,0,0,0,0,0,0,0,0,0,0,0,0,0,0,0,0,0,0,0,0,0,0,0,0,0,0,0,0,0,0,0,0,0,0,0,0,0,0,0,0,0,0,0,0,0,0,0,0,0,0,0,0,0,0,0,0,0,0,0,0,0,0,0,0,0,0,0,0,0,0,0,0,0,0,0,0,0,0,0,0,0,0,0,0,0,0,0,0,0,0,0,0,0,0,0,0,0,0,0,0,0,0,0,0,0,0,0,0,0,0,0,0,0,0,0,0,0,0,0,0,0,0,0,0,0,0,0,0,0,0,0,0,0,0,0,0,0,0,0,0,0,0,0,0,0,0,0,0.000415973377703827,0,0,0,0,0,0,0,0,0,0,0,0,0,0,0,0,0,0,0,0,0,0,0,0,0,0,0,0,0,0,0,0,0,0,0,0,0,0,0,0,0,0,0,0,0,0,0,0,0,0,0,0,0,0.000961846745751844,0,0,0,0,0,0,0,0,0,0,0,0,0,0,0,0,0,0,0,0,0,0,0,0,0,0,0,0,0,0,0,0,0,0,0,0,0,0,0,0,0,0,0,0,0,0,0,0,0,0,0,0,0,0,0,0,0,0,0,0,0,0,0,0,0,0,0,0,0,0,0,0,0,0,0,0,0,0,0,0,0,0,0,0,0,0,0,0.000975371860521824,0,0.000237529691211401,0,0,0,0,0,0.000520291363163372,0,0,0,0,0,8.7123192193762e-05,0,0,0,0,0,0,0,0,0,0,0,0,0,0,0,0,0,0,0,0.00110405741098537,0,0,0,0,0,0,0,0,0,0,0,0,0,0,0,0,0,0,0,0,0,0,0,0,0,0,0,0,0,0,0,0,0,0,0,0,0,0,0,0,0,0,0,0,0,0,0,0,0,0,0,0,0,0,0,0
0,0,0,4.33179843275533e-06,0,5.53143236441076e-05,0.000929242946201272,0.00570059303674202,0,0,0,0,0,0,0,0,0,0,0,5.05633601038234e-05,8.45823324423994e-06,0,0,0,0,0,0,0,1.1132882080513e-05,3.3559299281831e-05,0,0,7.44956643523347e-06,0,0,0,0,0,0,0,0,7.74035744970703e-06,0,0,0,0,0,0,0,0,0,0,0,0,0,0,0,0,0,0,5.69174639854747e-05,0,3.23647638343183e-05,0,0,0,0,0,0,0,0,0,0,7.42313345309322e-06,0.000364578586216325,0,0,0,0,0,0,0,0,0,0,0,3.16210532972853e-05,0,0,0,0,6.89859071646792e-05,0,2.460985686292e-05,0,4.02357816806486e-05,0,0,9.52610788634718e-06,0,0,2.44937949052907e-05,0,0,0,0.00136969601353919,0,0,0,0,0,0,0,0,8.31089391975001e-06,0,0,0,3.26675682915515e-06,0,0,0,0,0,0,3.35979733702463e-06,0,0,0,0,0,0,0,0,0,0,0,0,0,0,0,0,0,0,0,0,0,0,0,0,0,0,0,0,0,0,0,0,0,0,0,0,0,0,0,0,0,0,0,0,0,0,0,2.12172326363472e-05,0,0,0,0,0,0,0,0,0,0,0,0,0.000262881177707676,0,1.27019611828066e-05,0.000164609053497942,0,0,0.000153438109642489,0.000120829650905877,0,0,0,0,0,0,0,0,0,0,0.970084139671855,0,2.08685490097873e-05,0,1.7028232809999e-05,6.5576995589947e-05,0,1.28390581266958e-05,0,0,0,0,0,0,0,0,0,0,0,0,0,1.77550513120983e-05,1.99642639674982e-05,0,0,0,7.00471417263819e-06,1.38404473232575e-05,0,0,0,0,0,0,4.19524678539215e-05,0,0,0,0,0,0,0,0,0,0,0,0,0,0,0,0,0.000115366866635902,0,8.37233445801693e-06,0,0,0,0,5.30760207845697e-06,0,7.45156482861401e-05,0,0,0,9.03524258810157e-05,0,8.80630531460526e-05,0,0,0,0,0,0,0,0,1.24125689673363e-05,0,0,0,0,0.00180618666463867,8.21031544031922e-06,0,0,0,0,0,0,0,0,0,1.12731945978851e-05,0,0,0,6.36051392952551e-05,0,0,0,0,1.09635899178827e-05,0.000370468377877745,0,0,0,0,0,0,0,0,0,0,0,0,0,0,0,0,0,0,0,0,0,2.14617605082145e-05,0,0,0,0,4.84439793822424e-06,0,0,0,0,0,8.27417299640901e-06,0,0,2.36514170676973e-05,0.00348300629990771,0,2.04561726500972e-05,0,0,0,0,0,0,0,0,0,0,0.000424178154825026,0,0,0,0,0,0,0,0,0,0,0,0,0,0,0,0,0,0,0,0,5.92880688690208e-06,0,4.81394117363886e-05,0,0,0,0,0,0,0,0,0,0,0,1.05983848061555e-05,0,0,0,0,0,8.34734992508254e-06,0,0,0,0,0,0.0118059501989002,0,0,0,0,0,0,0,0,1.07278743551356e-05,0,0,0,0,0,0,0,0,0,0,0,0,5.94078228221092e-06,0,0,0,0,0,0,0,6.32405613462191e-05,2.94649171053665e-05,0.000108225108225108,0,0,0,0,0,0,0,0,0,0,0,0,0,0.000170502983802217,0,0,0,0,0,0,0,0.000214730513205927,0,0,0,0,0,0,0,0.000316945155810239,0,0,0,0,0,0,0,0,0,0,0,0,0,0,0,0,0,0,0,0,5.29081866600825e-05,3.00057010832058e-05,0,0,0,0,0,0,0,0,3.26519950368968e-05,0,0,0,0,1.24820959935592e-05,0,0,0,0,0,0,4.98308657365459e-06,0,0,0,0,2.73374922771584e-06,0,0,3.97413632082408e-06,8.97178821196747e-06,0,0,0,0,0,0,0,3.34159183887799e-05,0.0020568771239492,0,0,0,0,0.000310800310800311,0,0,0,8.0901567063354e-06,0,0,0,0,0,0,0,0,0,0.000995193638742215,0,0,1.70605764200086e-05,0,0,4.82951801410219e-05,0,0,0,0.000124409056979348,0,2.36266981689309e-05,0,0,1.15390562436679e-05,0,0,0,0,0,0,0,0,0,9.0337500903375e-05,0,0,0,0,0,0,0,0,2.12322239103151e-05,0,0,0,0,5.15177117893132e-05,0,2.69302237901597e-05,0,0,0,0,0,0,0,0,0,1.64249462083012e-05,2.4652293895947e-05,0,0.00284565351147051,0,0,0,0,0,0,0,0,0,0,0,0,0,0,0,0,0,0,0,0,0,0,0,0,1.91982798341269e-05,0,0,0,0,0,0,0,0,0,0,0,0,0,5.76493478417525e-05,0,0,0,7.53324042336811e-05,2.46848566632656e-05,0,0,9.5831336847149e-08,0,0,0
0,0,6.6795805223432e-05,0,0,0,0,3.64721243553552e-06,0,0,0,0,0,0,0,0,0,0,0,0,0,0,0,0.000234521575984991,0,0,0,0,0,0,0,8.19571364176536e-05,0,0,0,0,0,0,0,0,0,0,0,0,0,0,0,0,0,0,0,0,0,0,0,0,0,0,0,0,0,0,0,0,0,0,0,0,0,0,0,0,0,7.42313345309322e-06,0,0,0,0,0,0,0,0,0,0,0,0,0,0.000130446125750065,4.83161810890467e-05,0,0,0,0,0,0,0,0,2.04294265459969e-05,3.17536929544906e-06,0,0,0,0,0,0,0,0,0,0,0,0,0,0,0,0,0,0,0,0,0.000185082361650935,0,0,0,0,0,0,0,0,0,1.10133371512902e-05,0,0,0,0,0,0,0,0,0,0,0,0,0,0,0,0,0,0,0,0.00040785410476024,0,0,0,0,0,0,0,0,0,0,0,0,0,0,0,0.000233154581487526,0,0,0,0,0,0,0,0,0,0,0,0,0,0,0,0,0,0,0.000103939299449122,0,0.000788643533123028,0,0,0.00164609053497942,0,0,0,0,0,0,0,0,1.82575038340758e-05,0,0,0,0,0,0,0.971919170204762,0,0,0,0,0,0,0,0,0,0,0,0,0,0,0,0,0,0,0,0,0,0,0,0,0,0,0,0,0,0,0,0,0.000104881169634804,0,0,0,0,0,0,0,0,0,0,0,0,0,0,0,0,0,0,2.93031706030593e-05,0,0,0,0,0.00185500692642071,0,0,0,0,0,4.08095871187966e-07,0,2.20157632865131e-05,1.42188248709997e-06,0,0,0,0,0,0,0,0,0,0,0,0,0,0,0,0,3.77643504531722e-05,0,4.01364639775236e-05,0,0,0,0,0,0,0.000244259892525647,0,0,0,0,0,0,0,0,0,0,0,0,0,0,0,0,0,0,0,0,0,2.17074658487294e-06,0,0,0,0,5.58784085829236e-05,0,0,0,0,0,0,0,0,0,0,0,3.3277427255544e-05,0,0,0,0,0,0,0,0,0,0,0,0,0,0,0,0,0,0,2.12089077412513e-05,0,0,0,0,0,0,0,0,0,0,0,0,0,0,0,0,0,0,0,0,0,0,0,0,0.000350467289719626,0,6.8260783497273e-05,0,0,0,0,0,0,0,0,0,0,0,0,0,4.17367496254127e-06,0,0,3.38249222026789e-05,0,0,0,0,0,0,8.8073135932078e-06,0,0.00100830021042787,0,0,0,0,0,0,0,0,0.000179710665828017,0,0,0,2.43593491181916e-05,4.37171847881684e-06,0,0,0,0,0,0,0,0,0.00242006453505427,0,0,0.000541125541125541,0,0.0001743679163034,0,0,0,0,0,0,0,0,0,3.33150100777905e-05,0,0,0,0,2.7680894646515e-05,0,0,1.2903891813771e-05,0,0,0,0,0,0,0,0,0,0,0,0,0,0,0,0,2.47328848436882e-05,0,0.0154542027892951,0,0,0,0,0,0,0,0,0,0,0.000728254117848652,0,0,0,0,4.05284915295453e-05,0,0,0,0,0,0,0,0,0.000150060024009604,0,0,0,0,0,0,0,0,0,0,0,0,0,0,0,0,0,0,0,0,0,0,0,0,0,0,4.47147200858523e-05,0,0,1.44684298859888e-05,0,0.000932400932400932,0,0,0,0,0,0,0,0,0,0,0,0,0,0,0,0,0,0,0,0,0,0,0,0,0,0,0,0,0,0,0,0,0.000161995788109509,0,0,0,0,0,0,0,0,0,0,0,0.000122088196513161,0,0,0,0,0,0.00027667619662455,0,2.94386924510361e-06,0,0,0,0,0,0,8.03535556448373e-05,0,0,0,0,8.21247310415058e-06,7.25067467527853e-07,0.0010354110581901,1.09870791948668e-05,0,0,0,0,0,0.000207339829981339,0,0,0,0,0,0,0,0,0,0,0,0,0,0.000112637981527371,0,0,0,0,0,0,0,0,0,0,0,0,0,0,0,1.57711293705742e-05,0,0,0,0,0,0,3.76662021168406e-05,0,0,0,0,0,0,7.63358778625954e-07
0,0,0,3.46543874620426e-05,0,0,0,3.64721243553552e-06,0,0,0,0,0,0,0,0,0,0,0,1.68544533679411e-05,0,0.00025062656641604,0,0,0,0,0,0.000165416850463167,0,0,0.000145053669857847,0,0,0,0,0,0,0,0,0,0,6.19228595976562e-05,0,0,0,0,0,0,5.51024906325766e-05,0,0,0,0.00022023197768316,0,0,0,0,0,0,0,0,0,0,0,5.34616412723871e-05,0,0,0,0,0,0,0,0,7.42313345309322e-06,0,0,0,0,0,0,0,0,0,0,0,0,0,0,0,0,0,9.85512959495417e-06,0,0,0,0,0,0,0,0,0,0,0,0,0,0,0,0,0,0,0,0,0,0,1.385148986625e-06,0,0,0.00274839966601726,1.30670273166206e-05,0,0,0,0,0,0,0,0,0,0,0,0,0,0,0,0,0,0,0,0,0,0,0,0,0.000643500643500643,0,0,0,0,0,0,0.000669792364367046,0.000297000297000297,0,0,0,0,0,0.000120685493603669,0,0,0,3.71774853148933e-05,8.02428684150696e-05,0,0,0,0,0,0,0,0,0,0,0,0,0,0,0,0,0,0,0,0,0,0,0,0,0,5.08078447312265e-05,0,0,0,3.65328832482117e-06,0,0,0,0,0,0,0,0,0,0,0,0,0,0.985663306830276,0,0,0,0,0,0,0,0,0,0,0,0,0,0,0,0,0,0,0,0,0,0,0,1.40094283452764e-05,4.15213419697725e-05,0,0,0,0,0,0,0,0,0,0,0,0,0,0,0,0,0,0,0,0,0,0,0,0,0,0,0,0,0,0,0,0,0,0,0,0,5.71334219663153e-07,0,0,0,0,0,0,0,6.65690320862735e-05,0,2.74162889311303e-05,0,0,0,0,0,0,0,0,0,0,0,0,0,0,0,0,0,0,0,0,0,0,0,0,0,0,0,0,0,0,0,0,0,0,0,0,0,0,0,0,0,0,0,0,0,0,0,2.8048130592096e-05,0.000160963203811609,0,0,0,0,4.84439793822424e-06,0,0.000131518379693562,0,0,0,2.4822518989227e-05,0,0,0,0,8.84642604387827e-05,2.04561726500972e-05,0,0,5.16862643752423e-06,0,0,0,0,0,0,0,0,0,0,0,0,0,0,0,0,0,0,0,0,0,0,0,0,0,0,0,0.000957952718190838,4.74304550952166e-05,0,9.62788234727772e-05,0,0,0,0,0,0,0,0,0,0,0,0,0,0,0,0,0,3.33893997003301e-05,0,0,0,0,0,0,0,0,0,0,0,0,1.66184730946921e-05,0,2.38397207891901e-06,0,0,0,0,0,0,0,0,0,0,0,0,0,0,3.18650620837626e-05,0,0,0,0,0,5.74914194056537e-06,0,0,0,0,0,0,0,0,0,0,0,0,0,0,0,0,0,0,0,0,0,0,0,0,0,0,0,0,0,0,0,0,0,0,0,0,0,0,0,0,0,4.60865901190351e-05,0,0,0,0,0,0,0,0,0,0,0,0,0,0,0,0,0,0,0,0,1.63259975184484e-05,0.000195098158761127,0,0,0,0,0,0,0,0,0,0,0.000117102534480883,0,0,0,0,0,0,0,2.38448179249445e-05,0,8.2525273364968e-05,0,0,0,0,0,0,2.38685131348428e-05,0,0,0,0,0,0,0,0,0,5.3934378042236e-06,0,0,0,2.25580870742161e-05,0,0,0,0,0,0,0,0,0,0,0,0,0,0,0,0.00149290868375218,0,1.18133490844654e-05,0,0,0,0,5.01907247540654e-05,0,0,2.83865107301011e-05,0,0,0,0,0,0,0,0,0,0,0,0,0,0,0,0,0,0,5.88773849020722e-06,0,0,0,0,0,0,0,0,0,0,0.00288108594778032,0,2.17520240258356e-06,0,0,0,0,0,0,0,0,0,0,0,0,0,0,0,0,0,0.000164122763827343,0,0,0,0,0,0,0,0,0,0,0,0,0,0,0,0,0,0,0,0,0,0,0,0,0,0,0,0,0,0,2.39578342117873e-07,0,0,0
0,0,0,0,0,0,0,0,0,0,0,0,0,0,0,0,0,0,0,0,0,0,0,0,0,0,0,0,0,0,0,4.09785682088268e-05,0,0,0,0,0,0,0,0,0,0,0,0,0,0,0,0,0,0,0,0,0,0,0,0,0,0,0,0,0,0,0,0,0,0,0,0,0,0,0,0,0,0,0,1.28183764244421e-05,0,0,0,0,0,0,0,0,0,0,0,0,0,0,0,0,0,0,0,0,0,0,0,0,0,0,0,0,0,0,0,0,0,0,0,0,0,0,0,0,0,0,0,0,0,0,0,0,0,0,0.000768344218209758,0.000558347292015634,0,0,0,0,0,0,0,0,0.002389486260454,0,0,0,0,0,0,0,0,0,0,0,0,0,0,0,0,0,0,0,0.000305231670838166,0,0,0,0,0,0,0,0,0,0,0,0,0,4.77258626449673e-05,0,0,0,0,3.04145503208735e-05,0,0,0,0,0,0,0,0,0,0,0,0,0,0,0,0,0,0,0.000340251786321878,0,0,0,0,0,0,0,0,0,0,0,0,0.974540524254293,0,0,0,0,0,0,0,0,0,0,0,0,0,0,0,0,0,0,0,0,0,0,0,0,0,0,0,0,0,0,0,0,0,0,0,0,0,0,0,0,0,0,0,0.000163880694854146,0,0,0,0,0,0.000121398849641245,0,0,0,0,5.30760207845697e-06,0,0,0,0,0.000920951650038373,0,0,0,0,9.57982871266262e-06,0,0,0,0,0,0,0,0,0,0,0,0,0,0,0,0,0,0,0,0,0,0,0,0,0,0,0,0,0,0,0,0,0,0,0,0,0,0,0,0,0,0,0,0,0,0,0,0,0,0,0,0,0,0,0,0,0,0,0,0,0,0,0,6.6554854511088e-06,0,0,0,0,0,0,0,0,0,0,0,0,0,0,0,0,0,0,0,0,0,0,0,0,0,0,0,0.000100190361687206,0,0,0,0,0,0,0,0,0,0,0,0,0,0,0,0,0,6.8260783497273e-06,0,0,0,0,0,0,0,0,0,0,2.13707178424123e-05,0,0,0,0,0,0,0,0,0,0,0,0,0,0,0,0,0,0,0,0,0,0,0,0,0,0,0,0,0,0,0,0,0,0,0,0,0,0,0,0,0,0,0,0,0,0.00272553829381303,0,0,0,0,0,0,0,0,0,0,0,0,0,0,0,0,0,0,0,0,0,0,0,8.76501007976159e-05,0,0,0,0,0,0,0,0,0,0,0,0,0,0,0,0,0,0,0,0,0,0,0,0,0,0,0,0,0,0,0,0,0,0,0,0,0,0,0,0,0,0,0,0,0,0,0,0,0,0,0,0,0,0,0,0.000182415176942722,0,0,0,0,0,0,0,0,0,0,0,0,0,0,0,0,0,0,0,0,0,0,0,0,0,0,0,0,0,0,0,0.000243961941937058,0,0,0,0,0,0,0,0,0,0,0.000755001887504719,0.000161995788109509,0,0,0,0,0,0,0,0,0,0.000293599530240752,0,0,0,0,0,0,0,0,0,0,0,0,0,0,0,0,0,0,0,0,0,0,0,0,0,0,0,0,0,0,0,0,0,0,0,0,0,0,0,0,0,0,0,0,0,0,0,0,0,0,0,0,0,0,0,0,0,0,0,0,1.57711293705742e-05,0.00188956539995801,0,0,0,0,0,0,0,0,4.37608034483513e-05,0,0,0,0
0,0,0,0,0.000130565347956652,0.000110628647288215,1.86134950702874e-05,3.64721243553552e-05,0,0,0,0,0,0,0,0,1.96672304606065e-05,0,0,0,4.01766079101397e-05,0,0,0,0,0,0,0,0.000400783754898468,0.000302033693536479,0,4.09785682088268e-05,0,0,0,0,0,0,0,0,0,0,0,0,0,0,0,0,0,0,0,0,0,0,0,0,0,0,0,6.66666666666667e-05,5.69174639854747e-06,0,1.29459055337273e-05,0,0,0,0,0,0,0,0,0,0,4.94875563539548e-06,6.51033189672009e-05,0,0,0,0,0,0,0,0,0,0,0,0.000268778953026925,0,0,0,0,9.85512959495417e-06,0,2.1533624755055e-05,0,0,0,0,6.35073859089812e-06,0,0,0,0,0,0,1.43423666339183e-05,0,0,0,0,0,0,0,0,8.31089391975001e-06,0,0,0,0,0,0,0,0,0,0,0.00676327203943058,0,0,0,0,3.37154416722859e-05,0,0,0,0,0,0,0,0,0,0,0,0,0,0,0,0,0,0,0,0,0,0,0,0,8.10418743364697e-05,0,0,0,0,0,0,0,0,0,0,0,0,0,0,0,0,0,0,0,0,0,0,0,0,0,0,5.73526038082129e-05,0,0,0,0,0,1.27019611828066e-05,0,0,0,3.65328832482117e-06,6.90455148033584e-06,0,0,0,0,0,0,0,0,0,0,0,0,0,0,0.927332016483329,0,0,2.99578022956236e-05,0,0,0,0,0,0,0,0,0,0,0,0,0,0,5.98927919024945e-05,0,0,0,7.00471417263819e-06,0,0,0.000275482093663912,8.08812824536146e-06,0,0,0,0,0,0,0,0,0,0,0,0,0,0,0,0,0,0,0,0,0,0,0,0,0,0,0,5.30760207845697e-06,0,0,0,0,0,0.000217923195214374,0,0,0,9.57982871266262e-06,0,0,0,0,0,0,3.7237706902009e-05,0,0,0,0,5.70374736201685e-05,8.21031544031922e-06,0,0.000135244793075467,0,0,0,0,0,0,0,0,0,0,0,0,0,0,0,0,0,0,0,0,0,0,0,0,0,0,0,0,0,0,0,0,0,0,0,0,0,0,0,0,0,0,0,0,0,0,6.57591898467811e-05,0,0,0,0,0,0,3.33902358602786e-05,1.20380402070543e-05,0,0,0,0,0,0,0,0,0,0,0,0,2.12089077412513e-05,0,0,0,0,0,0,0,0,0,0,0,0,0,0,0,0,0,0,0,0,1.18576137738042e-05,0,4.81394117363886e-05,0,0,0,0,0,0,0,0,0,0,0,0,0,0,0,6.1012440436605e-06,0,0,0,0,0,0,0,0,0,0,0,0,0,0,0,0,2.02637626708116e-05,0,0,0,0,0,0,0,0,0,0,0,0,1.18815645644218e-05,0,0,0,8.95575855274942e-05,0,0,0,1.14982838811307e-05,1.96432780702444e-05,0,0,0,0,0,0,0,0,0,0,0,0,0,0,0,0,0,0,0,0,0,0,0,0,0,0,0,0,0,0,0,0,0,0,0,0,0,0,0,0,0,0,0,0,0.000174258529955041,5.3984020729864e-05,0,0,0,0,0,0,0,0,0,0,0,0,0,0,0,0,0,0,0,0,3.12052399838981e-06,0,0,0,0,0,0,6.64411543153945e-06,0,0,0,0,0,2.11931757973932e-05,0,7.94827264164815e-06,0.00109455816186003,0,0,0,0,0,0,0,7.16055394045283e-06,8.94294401717045e-05,0,0,0,0,0.000155400155400155,0,0,0,0.00431744696228099,0,0,0,0,0,0.000116692922574246,0,0,0,9.97687858388185e-06,0,0,1.70605764200086e-05,0,0,0,0,0,0,0,0,0,0.00732463093742922,0,6.92343374620077e-06,0,0,0,0,0,0,0,0,0,0,0,0,0,0,0,0,0,0,2.12322239103151e-05,0,0,0,0,1.03035423578626e-05,0,0,0,0,0,0,0,0,0,0,0,0,9.06334334409817e-05,0,1.09870791948668e-05,0,0,0,0,0,0,0,0,0.000144320969836917,0,0,0,0,0,0,0,0.000245413829069268,0,0,0,0,0,0,0,0,0,0,0,0,0,0,0,0,0,0,0,0,0,1.44123369604381e-05,2.29524501740561e-05,0,0,0,1.64565711088438e-05,0,0,1.43747005270724e-07,0,0,0
0,0,0,4.33179843275533e-06,0,2.76571618220538e-05,1.14544585047923e-05,7.29442487107104e-05,0,0,0,0.000288267512251369,0,0,0,0,0,0,0,9.26994935236763e-05,4.22911662211997e-06,0,0,0,0,0,0,0,0,0,0,0,7.44956643523347e-06,0,0,0,0,0,0,0,0,7.74035744970703e-06,0,0,0.000604534005037783,0,0,0,0.00115715230328411,0.000385748351802497,0,0,0,0,0,0,0,0,0,0,5.69174639854747e-06,0,0,0,0,0,0,0,0,0,0,0,0,1.97950225415819e-05,0,0,0,0,0.000107991360691145,0,0,0,0,0,4.23599579789217e-06,1.78094390026714e-05,0,0,0.000241580905445234,0,0,0,0,3.076232107865e-06,0,4.02357816806486e-05,0,0.00147091871131177,9.52610788634718e-06,0,0,0.000204114957544089,0,0,0,3.58559165847957e-05,0,0,0,0,0,0,0,0,1.385148986625e-06,0,0,0,6.5335136583103e-06,0,0,0.000110180696342001,0,0,0,0,0,0,0,2.20266743025804e-05,0,0,0,0,0,0,0,0,0,0,0,0,0,0,0,0,0,0,0,0,6.69792364367046e-05,0.000297000297000297,0,0,0,8.10418743364697e-06,0,0.000241370987207338,0,3.35502918875394e-05,0,0,0,0,0,0,0,0,0,0,0,0,0,0,0,0,0,0,0,0,0,0,0,0,0,0,0.00131440588853838,0,0,0.0011522633744856,0,1.01514597799164e-05,3.65328832482117e-06,6.90455148033584e-06,0,0,0,0,0,0,0,0,0,0,8.41396718552798e-06,2.68716074595582e-05,0,0,0,0.97462170270669,0,0,0,1.46447191142874e-05,0,0,0,0,0,0,0,0,0,0,0,0,0,0,0,0,0,0,0,0,0,0,0,0,0.000167809871415686,0,0,0,0,0,0,0,0,0,0,0,0,0,0,0,0,0.000346100599907707,0,8.37233445801693e-06,0,0,0,0,1.85766072745994e-05,0,0,0,0,0,5.79496137086912e-06,0,4.40315265730263e-05,1.42188248709997e-06,9.57982871266262e-06,0,0,0,0,0,0,0,0,0,0,0,0,0,0,6.76223965377333e-05,0,0,0,0,6.08124543906592e-05,0,0,0,0,0,0,0,0,0,0,0,0,0,0,0,0,0,0,0,0,0,0,0,0,0,0,0,0,0,0,0,0.000167635225748771,0,0,0,0,0,1.79314302108736e-05,0,4.84439793822424e-06,0,6.57591898467811e-05,0,0,0,8.27417299640901e-06,0,0,6.95629913755803e-06,0,0,0,0,0,5.16862643752423e-06,0,0,0,0,0,0,0,4.24178154825026e-05,0,0,0,0,0,0,0,0,0,0,0,0,0.000546629907785911,0,0.00015271838729383,0,0,0,0,0,1.18576137738042e-05,0,0,0,0,0,9.55650968961822e-05,0,0,0,4.95123038074962e-05,0,0,0,0,0.000200150112584438,0,0,8.5417416611247e-05,0,4.17367496254127e-06,0,0,0,0,0,0,6.85283536063046e-05,0,0,2.64219407796234e-05,0,5.84521861117606e-05,0,0,3.57595811837852e-06,0,0,0,0,0,0,0,0,0,0,0,0,0,0,7.08112490750281e-06,0,8.95575855274942e-05,0,0,7.33352889410384e-05,0.000195470825979223,1.96432780702444e-05,0,0,0,0,0,4.54256382302171e-05,0,0,0,7.37327188940092e-05,0,0,0,0,0.000341005967604433,0,0,0,0,0,0,0,5.36826283014816e-05,0,9.33532486930545e-05,0,0,0,0,0,1.26778062324095e-05,0,0,0,0,0,0,0,0,0,0,0.000128982329420869,0.000234288057166286,0,0,0,0,0,0,0,2.14192387602545e-05,0,0,0,0,4.05284915295453e-05,0,0,0,0,0,4.89779925553451e-05,0,0.000121339142904418,0,0,9.36157199516943e-06,0,0,0,0,0,0,9.96617314730917e-06,0,0,0,0,0,0,0,1.19224089624722e-05,0,4.1262636682484e-05,0,0,0,0,0,0,7.16055394045283e-06,0.000536576641030227,0,0,0,0,0.00202020202020202,0,0,0,2.6967189021118e-06,0,0,0,0,0,0,0,0,0,9.97687858388185e-06,0,0,5.68685880666955e-06,0.000203128173877717,0,0.00106249396310248,0,0,0,0,0,0,5.14731618933888e-06,0,2.30781124873359e-06,0,1.67302415846885e-05,0,0,2.83865107301011e-05,0,0,0,2.84867821330902e-05,0,0,0,0,0,0,9.76705572105289e-05,0,0,4.71827198007002e-06,0,0,0,0,0.000295858859132913,0,0.00818678803220855,0,0.00033195020746888,0,0,0,0,0,0,1.38513747489438e-05,0.00228306752295386,1.45013493505571e-06,0,6.5922475169201e-05,0,0,0,0,0,0,0,0,0,0,0,0,0.000314613811546327,0,0,0,0,0,0,0,0,0,0,0,0,0,0,0,0,0,0,0,0,0,0,0,0,0,0,2.29524501740561e-05,0,0,0.00201514181325097,0,0,0,0,0,0,0
0,0,0,0,0,0,0,0,0,0,0,0,0,0,0,0,0,0,0,0,0,0,0,0,0,0,0,0,0,0,0,0,0,0,0,0,0,0,0,0,4.43390161172324e-05,0,0,0.000130616509926855,0,0,0,0,0,0,0,0,0,0,0,0,0,0,0,0,0,0,0,0,0,3.92279930958732e-05,0,0,0,0,0,0,0,0,0,0,0,0.000646356702719007,0,0,0,0,0,0,4.23599579789217e-06,0,0,0,0,0,0,0,0,0,0,0,0,0,3.17536929544906e-06,0,0,0,0,0,0,0,2.49345468146116e-05,0,0,0,0,0,0,0,0,0,0,0,0,0,0,0,0,0,0,0,0,0,0,0,0,0,0,0,0,0,0,0,0,0,0,0,0,0.000128700128700129,0,0,0,0,0,0,0,0,0,0,0,0,0,0,0,0,0,0,1.33738114025116e-05,0,0.000840753620972981,0,0,0,0,0,0,0,0,0,0,0,0,0,0,0,0,0,0,0,0,0,0,0,0,0,0,0,0,0,0,0,0,0,1.82575038340758e-05,0,0,0,0,0,0,0,0,0,0,0,0.991785983421251,0,0,0,0,0,0,0,0,0,0,0,0,0,0,0,0,0,0,0,0,0,0,0,0,0,0,0,0,0,0,0,0,0,0.000136407038603192,0,0,0,0,0,0,0,0,0,0,0,0,0,0,0,8.73082855562993e-05,0,0,0,0,0,0,0,8.16191742375933e-08,0,0,5.68752994839988e-05,0,0,0,0,0,0,9.13876297704343e-06,0,0,0,0,0,0,0,0,0,0,0,0,0,0,0,0,0,0,0,0,0,0,0,0,0,1.09635899178827e-05,0,0,0,0,0,0,0,0,0,0,0,0,0,0,4.34149316974587e-06,0,0,0,0,0,0,0,2.14617605082145e-05,0,0,0,0,0,0,0,0,0,0,0,0,0,0,0,8.84642604387827e-05,0,5.26731630234396e-05,0,0,0,0,0,0,0,0,1.58963557604419e-05,0,0,0,0,0,0,0,0,0,0,0,0,0,0,0,0,0,0,0,0,0,0,4.50653447498873e-05,0,0,0,0,0,0,0,0,0,0,0,0,0,0,0.000535224459757811,0,0,0,4.17367496254127e-06,0,0,0,0,0,0,0,0,0,0,0,0,0,0,0,0,0,0,0,0,0,0,0,0,0,0,0,0,0.000120293516179478,0,0,0,0,0,0,0,0,0,0,0,8.97182845863987e-05,0,0,0,0,0,0,0,0,0,0.00293695340033938,0,0,0,0,0,0,0,0,0,0,0,0,0,0,0,0,0,0,0,0,0,0,0,0,0,0,6.58379858843358e-06,0,0,0,0,0,0,0,0,0,0,0,0,0,0,0,0,0,0,0,0.000145169485374174,0,0,0,0,0,0,0,0,0,0,0,0,0,0,0,0,0,0,0,0,0,0,0,0,0,0,0,0,0,0,0,0,0,0,0,0,0,0,0,0,0,0,0.00140252454417952,0,0,0,0,0.000144320969836917,0,0,0,0,0,0,0,0,0,0,0,0,0,0,0,0,0,0,0,0,0,0,0,0,0,8.54603463992707e-05,0,0,0,0,0,2.83350334353395e-05,0,0,0,0,0,0,0,0,0,0,0,0,0,0,0,0,3.04766548823601e-05,0,0,2.77027494978877e-05,0,0,0,0,0,0,0,0,0,0,0,0,0.000144320969836917,0,0,0,0,0,1.59979522621104e-05,0,0,0,0,0,0,1.98426084299338e-05,0,0,0,0,0,0,0,0,0,0,0,0,0,0,0,0,0,0,0,0,0,0,0,0,0,0,0,0
0,0,0,8.66359686551065e-06,0,0.00132754376745858,1.43180731309903e-05,1.09416373066066e-05,0,0,0,0,0,0,0,0,0,0,0,0,8.45823324423994e-06,0,8.20761995436563e-06,0,0,0,0,0,0.000211524759529747,0.0105376199744949,0,0,7.44956643523347e-06,0,0,0,0,0,0,0,0,1.54807148994141e-05,0,0,0,0,0,0,0,0,0,0,0,0,0,0,0,0,0,0,5.69174639854747e-06,0,0,0,0,0,0,0,0,0,0,0,0,9.89751127079096e-06,0,1.28183764244421e-05,0,0,0,0,0,0,0,0,4.23599579789217e-06,0,4.7431579945928e-05,0,4.83161810890467e-05,0,0,0,0,0,0,0,7.32225232481511e-05,0,0.000320712298840355,0,0,0,0,0,0,1.43423666339183e-05,0,7.32520235871516e-05,0,0,0,6.07991439480532e-05,0,0,0.00654898440876301,0,0,0,3.26675682915515e-06,0,0,0,0,0,7.85916378497328e-05,5.71165547294187e-05,0,0,0,9.91200343616119e-05,2.24769611148573e-05,0,0,0,0,0,0,0,0,0.00048227634434531,0,0,0,0,0,0,0,0,0,0,0,0,0,0,0,3.24167497345879e-05,3.05231670838166e-05,0,0,0,0,0,0,0,0,0,0,0,0,0,0,0,0,0.00115633917868092,0,0,0,0,0,0,0,0,0,0,0,0.000356270358306189,0,0,0,0,0,5.07572988995818e-06,2.1919729948927e-05,1.03568272205038e-05,0,0,0,5.31575590048905e-05,0,0,0,0,0,0,8.41396718552798e-06,0,4.17370980195747e-05,0,7.66270476449954e-05,3.27884977949735e-05,0,0.972520135922829,0,1.46447191142874e-05,0,0,0,0,0,0,0,0,0,0,0,1.77550513120983e-05,2.99463959512473e-05,0,0,0,5.60377133811055e-05,1.38404473232575e-05,0,0.000275482093663912,8.08812824536146e-06,0,0,0,0,0,0,0,0,2.39097169089518e-05,0,0,0,0,0,0,0.000317359568390987,0,0,0,0,0,0,4.18616722900846e-06,0,0,0,0,2.65380103922849e-06,0.00107457554266065,0.000670640834575261,0,0,0,2.47306097939908e-05,0,0,0,9.57982871266262e-06,0,0,0.000655001403574436,3.32845160431367e-05,0,4.56938148852171e-05,0,0,0,0,9.28203462198914e-05,0,0.000180626939687023,0,0.0140654584798485,0,0,0,0,0,0,0,0.000101458751380966,0,0,0,3.18025696476275e-05,0,3.03665239440041e-05,0,0,0,0,0,0,0,0,0,0,1.74956698217191e-05,0,0,0,0,0,0,0,0,0.000587285273821759,0,0,0,0,0,1.07308802541072e-05,0,0,1.79314302108736e-05,0,4.84439793822424e-06,0,6.57591898467811e-05,0,0,0,9.10159029604991e-05,0,0,1.94776375851625e-05,0,0,6.13685179502915e-05,0,0,1.55058793125727e-05,0,0.000150127608467197,0,0,0,0,0,0,0,0,0,0,0,0,0,0,0,0,0,0,0,0.000778513040093422,0,0,0,0,0,0,7.7074489529727e-05,0,0,0,0,0,0,0,0,0,0,0,0,0,0,0,0,0,4.27087083056235e-05,0,1.25210248876238e-05,0,0,0,0,0,2.40121020994581e-05,0,0,0,0,0,0,0,0,9.53588831567605e-06,0,0,0,0,0,0,0,0,0,0,4.37171847881684e-06,0,0.000237631291288437,0,3.5405624537514e-06,0,8.95575855274942e-05,0,0,0,1.72474258216961e-05,2.94649171053665e-05,0.000108225108225108,0,0,0,0,0,0,0,0,0,0,0,0,6.52656311186529e-05,0,0,0,0,0,0,0,0,0,0,0.000466766243465273,0,0,0,0,0,0,0.000252793366702058,0,0,0,0,0,0,0,0,0,0,0,0,0.00141149409263583,0.000215936082919456,0,0,0,0,0,1.76360622200275e-05,0.000240045608665646,0,0,0,0,0,0,0,0,1.63259975184484e-05,0,1.10308311731289e-05,0,0,1.5602619991949e-05,0,0,0,0,0,0.00302938503483793,1.41187452920213e-05,0,0,0,0,2.73374922771584e-06,0.000317897636960899,0,1.58965452832963e-05,0.000208594075928244,0,0,0,0,0,0,0,9.54740525393711e-06,0,0,0,0,0,0.000155400155400155,0,0,0,4.58442213359006e-05,0,0,0,0,0,0.000350078767722738,0,0,0,4.98843929194093e-06,0,0,1.13737176133391e-05,0,0,0,0,0,0,0,0,1.18133490844654e-05,2.05892647573555e-05,0,2.30781124873359e-05,0,0,0,0,0,0,0,0,0,1.8067500180675e-05,0,0,0,0,0,0,0,0,1.41548159402101e-05,0,0,0,0,2.94386924510361e-06,0,0,0,0,0,0,0,0,0,0.000519345624513113,0,0,5.36549925970612e-05,0,1.09870791948668e-05,0,0,0.00912523599748269,0,0,0,0,0,0,0,0,0,0,0.00241466359345846,0,0,9.20301859009755e-05,0,0,0,0,0,0,0,0.000537551835355552,0,0,0,0,0.000223888951080264,0,0,0,0,0,0,0,0,0,2.29524501740561e-05,0,0,0,0.000189250567751703,0,0,3.35409678965022e-07,6.68286755771567e-07,0,0
0,0,0,0,0,0,0,0,0,0,0,0,0,0,0,0,0,0,0,0,0,0,0,0,0,0,0,0,0,0,0,0,0,0,0,0,0,0,0,0,0,0,0,0,0,0,0,0,0,0,0,0,0,0,0,0,0,0,0,0,0,0,0,0,0,0,0,0,0,0,0,0,0,0,0,0,0,0,0,0,0,0,0,0,0,0,0,0,0,0,0,0,0,0,0,0,0,0,0,0,0,0,0,0,0,0,0,0,0,0,0,0,0,0,0,0,0,0,0,0,0,0,0,0,0,0,0,0,0,0,0,0,0,0,0,0,0,0,0,0,0,0,0,0,0,0,0,0,0,0,0,0,0,0,0,0,0,0,0,0,0,0,0,0,0,0,0,0,0,0,0,0,0,0,0,0,0,0,0,0,0,0,0,0,0,0,0,0,0,0,0,0,0,0,0,1.92722787542399e-05,0,0,0,0,0,0,0,0,0,0,0,0,0,0,0,0,0.98199723034313,0,0,0,0,0,0,0,0,0,0,0,0,0,0,0,0,0,0,0,0,0,0,0,0,0,0,0,0,0,0,0,0,0,0,0,0,0,0,0,0,0,0,0,0,0,0,0,0,0,0,0,0,0,0,0,0,0,0,1.42188248709997e-06,0,0.000155724870960709,0,0,0,0,0,0,0,0,0,0,0,0,0,0,0,0,0,0,0,0,0,0,0,0,0,0,0,0,0,0,0,0,0,0,0,0,0,0,0,0,0,0,0,0,0,0,0,0,0,0,0,0,0,0,0,0.000269106566200215,0,0,0,0,0,0,0,0,0,0,0,0,0,0,0,0,0,0,0,0,0,0.00354464894342195,0,0,0,0,0,0,0,0,0,0,0,0,0,0,0,0,0,0,0,0,0,0,0,0,0,2.25326723749437e-05,0,0,0,0,0,0,0,0,0,0,0,0,0,0,0,0,0,0,0,0,0,0,0,0,0,0,0,0,0,0,0,0,0,0,0,0,0,0,0,0,0,0,0,0,0,0,0,0,0,0,0,0,0,0,0,0,0,0,0,0,0,0,0,0,0,0,0,0,0,0,0,0,0,0,0,0,0,0,0,0,0,0,0,0,0,0,0,0,0,0,0,0,0,0,0,0,0,0,0,0,0,0,0,0,0,0,0,0,0,0,0,0,0,0,0,0,0,0,0,0,0,0,0,0,0,0,0,0,0,0,0,0,0,0,0,0,6.17894216510133e-05,0,0,0,0,0,0,0,0,0,0,0,0,0,0,0,0,0,0,0,0,0,0,0,0,0,0,0,0,0,0,0,0,0,0,0,0,0,0,0,0,0,0,0,0,0,0,0,0,0,0,0,0,0,0,0,0,0,0,0,0,0,0,0,0,0,0,0,0,0,0,0,0,0,0,0,0,0,0,0,0,0,0,0,0,0,0,0,0,0,0,0,0,0,0,0,0,0,0,1.59979522621104e-05,0,0,0,0,0,0,0,0,0,0,0,0,0,0,0,0,0,0,0,0,0,0,0,0,0,0,0,0,0,0,0,3.83325347388596e-07,0,0,0
0,0,0,0,0.000130565347956652,0,5.72722925239613e-06,0,0,0,0,0,0,0,0,0,0,0,0,0,2.11455831105999e-06,0,8.20761995436563e-06,0,0,0,0,0,2.2265764161026e-05,0,0,0,0,0,0,0,0,0,0,0,0,0,0,0,0,0,0,0,0,0,0,0,0,0,0,0,0,0,0,0,5.69174639854747e-06,0,0,0,0,0,0,0,0,0,0,0,0,0,0,0,0,0,0,0,0,0,0,0,0,0,4.7431579945928e-05,0,0,0,0,9.85512959495417e-06,0,0.000298394514462905,0,0,0,0,0,0,0,0,0,0,0,1.43423666339183e-05,0,0,0,0,0,0,0,0,1.385148986625e-06,0,0,0,0,0,0,0,0,0,0,3.35979733702463e-06,0,0,0,0,1.12384805574286e-05,0,0,0,0,0,0,0,0,0,0,0,0,0,0,0,0,0,7.00549931696382e-05,0,0,0,0,0,0,2.43125623009409e-05,0,0,0,0,0,0,0,0,0,0,0,0,0,0,0,0,0,1.06086163181736e-05,0,0,0,0,0,0,0,0,0.0205322321633402,0,0,0.000101791530944625,0,0,0,0,0,0,7.30657664964234e-06,3.45227574016792e-06,0,0,0,0.000159472677014671,0,0,0,0,0,0,4.20698359276399e-06,0,0,0,0,0,0,0,0,0.981694101107141,0,0,0,0,0,0,0,0,0,0,0,0.00010653030787259,9.98213198374909e-06,0,0,0,7.00471417263819e-06,0,0,0,0,0,0,0,0,0,0,0,0,0,0,0,0,0,0,0,0,0,0,0,0,0,0,0,0,0,0,0,0,0,0,0,0,0,6.69277228748265e-06,0,0,0,0,0,0,0,0,0,0,0,0,0,0,0,0,0,0,0,0,0,0,0,0,0,0,0,0,0,0,6.36051392952551e-05,0,0,0,0,0,0,0,0,0,0,0,6.45411126887827e-05,0,0,0,0,0,0,0,0,0,0,0,0,0,0,0,0,0,0,0,0,0,0,0,0,0,0,8.27417299640901e-06,0,0,1.39125982751161e-05,0,0,0,0,0,0,0,0,0,0,0,0,0,0,0,0,0,0,0,0,0,0,0,0,0,0,0,0,0,0,0,0,0.000256180350967081,0,0,0,0,0,0,0,0,0,0,0,0,0,0,0,0,0,0,0,0,0,0,0,0,0,0,0,0,0,0,0,0,0,0,0,0,2.38397207891901e-05,0,0,0,0,0,0,0,0,0,0,0,0,0,0,0,0,8.95575855274942e-05,0,0,0,1.14982838811307e-05,0.00211165239255127,0,0,0,0,0,0,0,0,0.0026476039184538,0,0,0,0,0,0,0,0,0,0,0,0,0,0,0,0,0,0,0,0,0,0,0.000556145406744527,0,0,0,0,0,0,0,0,0,0,0,0,0,0,0,0,0,0,0,0.000405629431060633,0,0,0,0,0,0,0,0,0,3.26519950368968e-05,0,0,0,0,1.24820959935592e-05,0,0,0,0,0,0,0,0,0,0,0,7.10774799206119e-05,0,0,0,4.48589410598373e-06,0,0,0,0,0,0,0,2.38685131348428e-06,0,0,0,0,0,0,0,0,0,0,0,0,0,0,0,0,0,0,0,2.49421964597046e-06,0,0,0,0,0,0,0,0,0,0,0,0,0,0,9.46202611980771e-05,0,0,0,0,0,0,0,0,0,0,0,0,0,0,0,0,0,0,7.07740797010503e-06,0,0,0,0,0,0,0,0,0,0,0,0,0,0,0,0,0,2.90026987011141e-06,0,1.09870791948668e-05,0,0,0,0,0,0,0,0,0,0,0,0,0,0,0,0,0,0,0,0,0,0,0,0,0,0,0,3.24075574423956e-05,0,5.5972237770066e-05,0,0,0,0,0,0,0,0,0,5.35557170727975e-05,0,0,1.88331010584203e-05,8.22828555442188e-06,0.000155860349127182,0,0,0,0,0
0,0,0,0,0,0,0,0,0,0,0,0,0,0,0,0,0,0,0,0,0,0,0,0,0,0,0,0,0,0,0,0,0,0,0,0,0,0,0,0,0,0,0,0,0,0,0,0,0,0,0,0,0,0,0,0,0,0,0,0,0,0,0,0,0,0,0,0,0,0,0,0,0,0,0,0,0,0,0,0,0,0,0,0,0,0,0,0,0,0,0,0,0,0,0,0,0,0,0,0,0.000102511532547412,0,0,0,0,0,0,0,0,0,0,0,0,0,0,0.00168212029211455,0,0,0,0,0,0,0,0,0,0,0,0,0,0,0,0,0,0,0,0,0,0,0,0,0,0,0,0,0,0,0,0,0,0,0,0,0,0,0,0,0,0,0,0,0,0,0,0,0,0,0,0,0,0,0,0,0,0,0,0,0,0,0,0,0,0,0,0,0,0,0,0,0,0,0,0,0,0,0,0,0,0,0,0,0,0,0,0,0,0,0,0,0,0,0,0,0,0,0.990216631726066,0,0,0,0,0,0,0,0,0,0,0,0,0,0,0,0,0,0,0,0,0,2.12143069285926e-05,0,0,0,0,0,0,0,0,0,0,0,0,0,0,0,0,0,0,0,0,0,0,0,0,0,0,0,0,0,0,0,0,0,0,0,0,0,0,0,0,0,0,0,0,0,0,0,0,0,0,0,0,0,0,0,0.000243249817562637,0,0,0,0,0,0,0,0,0,0,0,0,0,0,0,0,0,0,0,0,0,0,0,0,0,0,0,0,0,0,0,0,0,0,0,0,0,0,0,0,0,0,0,0,0.000505816894284269,0,0,0,0,0,0,0,0,0,0,0,0,0,0,0,0,0,0,0,0,0,0,0,0,0,0,0,0,0,0,0,0,0,0,0,0,0,0,0,0,0,0,0,0,0,0,0,0,0,0,0,0,2.11967696123111e-05,0,0,0,0,0,0,0,0,0,0,0,0,0,0,0,0,0,0,0,0,0,0,0,0,0,0,0,0,0,0,0,0,0,0,0,0,0,0,0,0,0,0,0,0,0,0,0,0,0,0,0,0,0,0,0,0,0,0,0,0,0,0,0,0,0,0,0,0,0,0,0,0,0,0,0,0,0,0,0,0,0,0,0,0,0,0,0,0,0,0,0,0,0,0,0,0,0,0,0,0,0.000235793444942231,0,0,0,0,0,0,0,0,0,0,0,0,0,0,0,0,0,0,0,0,0,0,0,0,0,0,0,0,0,0,0,0,0,0,0,0,0,0,0,0,0,0,0,0,0,0,0,0,0,0,0,0,0,0,0,0,0,0,0,0,0,0,0,0,0,0,0,0,0,0,0,0,0,0,0,0,0,0,0,0,0,0,0,0,0,0,0,0,0,0,0,2.94386924510361e-06,0,0,0,0,0,0,0,0,0,0,0,0,0,0,0,0,0,0,0,0,0,0,0,0,0,0,0,0,0,0,0,0,0,0,0,0,0,0,0,0,0,0,0,0,0,0,0,0,0,0,0,0,0,0,0,0,0,0,0,0,0,0,0,0,0
0,0,0,0,0,0,0,0,0,0,0,0.000576535024502739,0,0,0,0,0,0,0,0,0,0,0,0,0,0,0,0,0,0,0,0,0,0,0,0,0,0,0.00728155339805825,0,0,0,0,0,0,0,0,0,5.51024906325766e-05,0,0,0,0,0,0,0,0,0,0,0,0,0,0,0,0,0,0,0,0,0,0,0,0,0,0,0,0,0,0,0,0,0,0,0,0,0,0,0,0,0,0,0,0,0,0,0,0,0,0,0,0.000102511532547412,0,0,0,0,0,0,0,0,0,0,0,0,0,0,4.10273241979158e-05,0,0,0,0,0,0,0,0,0,0,0,0,0,0,0,0,0,0,0,0,0,0,0,0,0,0,0,0,0,0,0,0,0,0,0,0,0,0,0,0,0,0,0,0.000369053210762934,0,0,0,0,0,0,0,0,0,0,0,0,0,0,0,0,0,0,0,0,0,0,0,0,0,0,0,0,0,0.000164609053497942,0,0,0,0,0,0,0,0,0,0,0,0,0,0,0,0,0,0,0,0,0,0,0,0,0,0.988500301490223,0,0,0,0,0,0,0,0,0,0,0,0,0,0,0,0,0,0,0,0,0,0,2.09762339269608e-05,0,0,0,0,0,0,0,0,0,0,0,0,0,0,0.000398724082934609,0,0,0,0,0,0,0,0,5.30760207845697e-06,0,0,0,0,0,8.16191742375933e-08,0,0,1.42188248709997e-06,0,0,0,0,0,0,0,0,0,0,0,0,0,0,0,0,0,0,0,0,0,0,0,0,0,0,0,0,0,0,0.00202034778844072,0,0,0,0,0,0,0.000181028240405503,0,0,0,0,0,0,0,0,0,0,0,0,0,0,0,0,0,0,0,0,0,0,0,0,0,0,0,0,0,0,0,0,0,0,0,0,0,0,0,0,0,0,0,0,0,0,0,0,0,0,0,0,0,0,0,0,0,0,0,0,0,0,0,0,0,0,0,0,0,0,0,0,1.36521566994546e-05,0,0.00106011474183088,0,0.000247561519037481,0,0,0,6.35903088369332e-05,0.000100075056292219,0,0,0,0,0,0,0,0,0,0,0,0,0,0,0,0,0,0,0,0,0,0,0,0,0,0,0,0,0,0,0,0,0,0,0,0,0,0,0,0,0,0,0,0,0,0,0,0,0,0,0,0.00188018433179724,0,0,0,0,0,0,0,0,0,0,0,0,0,0,0,0,0,0,0,0,0,0,0,0,0,0,0,0,0,0,0,0,0,0,0,0,0,0,0,0,0,0,0,0,0,0,0,0,0,0,0,0,0,0.000187524129943191,0,0,0,0,0,0,0.00125420819856096,0,0,8.30514428942431e-07,0,0,0,0,0,0,0,0,0,0,0,0,0,0,0,0,0,0,0,0,0,0,0,0,0,0,0,0,0,0,0,0,0,0,0,0,0,0,0,0,0,0,0,0,0,0,0,0,0,0,0,0,0,0,0,0,0,0.00534073915829951,0,0,0,0,0,0,0,0,0,2.44176393026322e-05,0,0,0,0,0,0,0,1.4719346225518e-06,0,0,0,0,0,0,0,0,0,0,0,8.21247310415058e-06,0,0,0,0,0,0,0,0,0,0,0,0,0,0,0,0,0,0,0,0,0,0,0,0,0,0,0,0,0,1.98008039126389e-05,0,0,0,0,0,0,0,0,0,0,0,0,0,0,0,1.88331010584203e-05,0,0,0,0,0,3.6101083032491e-07,0
0,0,0,0,0,0,0,0,0,0,0,0,0,0,0,0,0,0,0,0,0,0,0,0,0,0,0,0,0,0,0,0,0,0,0,0,0,0,0,0,0,0,0,0,0,0,0,0,0,0,0,0,0,0,0,0,0,0,0,0,0,0,0,0,0,0,0,0,0,0,0,0,0,0,0,0,0,4.30904468479338e-05,0,0,0,0,0,0,0,0,0,0,0,0,0,0,0,0,0,0,0,0,0,0,0,0,0,0,0,0,0,0,0,0,0,0,0,0,0,0,0,0,0,0,0,0,0,0,0,0,0,0,0,0,0,0,0,0,0,0,0,0,0,0,0,0,0,0,0,0,0,0,0,0,0,0,0,0,0,0,0,0,0,0,0,0,0,0,0.000802537547292391,0,0,0,0,0,0,0,0,0,0,0,0,0,0,0,0,0,0,0,0,0,0,0,0,0,0,0,0,0,0,0,0,0,0,0,0,0,0,0,0,0,0,0,0,0,3.76789751318764e-05,0,0,0,0,0,0.974633372968688,0,0,0,0,0,0,0,0,0,0,0,0,0,0,0,0,0,0,0,0,0,0,0,0,0,0,0,0,0,0,0,0,0,0,0,0,0,0,0,0,0,0,0,0,0,0,0,0,0,0,0,0,0,0,2.55938847677995e-05,0,0,0,0,0,0,0,0,0,0,0,0,0,0,0,0,0,0,0,0,0,0,0,0,0,0,0,0,0,0,0,0,0,0,0,0,0,0,0,0,0,0,0,0,0,0,0,0,0,0,0,0,0,0,0,0,0,0,0,0,0,0,0,0,0,0,0,0,0,0,0,0,0,0,0,0,0,0,0,0,0,0,0,0,0,0,0,0,0,0,0,0,0,0,0,0,0,0,0,0,0,0,0,0,0,0,0,0,0,0,0,0,0,0,0,0,0,0,0,0,0,0,0,0,0,0,0,0,0,0,0,0,0,0,0,0,0,0,0,0,0,0,0,0,0,0,0,0,0,0,0,0,0,4.00978387264926e-05,0,0,0,0,0,0,0,0,0,0,0,0,0,0,0,0,0,0,0,0,0,0,0,0,0,0,0,0,0,0,0,0,0,0,0,0,0,0,0,0,0,0,0,0,0,0,0,0,0,0,0,0,0,0,0,0,0,0,0,0,0,0,0,0,0,0,0,0,0.000116135588299339,0,0,0,0,0,0,0,0,0,0,0,0,0,0,0,0,0,0,0,0.000123578843302027,0,0,0,0,0,0,0,0,0,0,0,0,0,0,0,0,0,0,3.2916392363397e-05,0,0,0,0,0,0,0,0,0,0,0,0,0,0,0,0,0,0,0,0,0,0,0,0,0,0,0,0,0,0,0,0,0,0,0,0,0,0,0,0,0,0,0,0,0,0,0,0,0,0,0,0,0,0,0,0,0,0,0,0,0,0,7.25067467527853e-07,0,0,0,0,0,0,0,0,0,0,0.000721604849184587,0,0,0,0,0,0,0,0,0,0,0,0,0,0,0,0,0,0,0,0,0,0,0,0,0,0,0,0,0,0,0,0,0,0,0,0,0,4.79156684235745e-08,0,0,0
0,0,0,0,0,0,0,0,0,0,0,0,0,0,0,0,0,0,0,0,0,0,0,0,0,0,0,0,0,0,0,0.000327828545670614,0,0,0,0,0,0,0,0,0,0,0,0,0,0,0,0,0,0,0,0,0,0,0,0,0,0,0,0,0,0,0,0,0,0,0,0,0,0,0,0,0,2.47437781769774e-06,0,0,0,0,0,0,0,0,0,0,2.96519705852452e-05,0,0,0,0,0,0,0,0,0,0,0,0,0,0,0,0,0,0,0,0,0,0,0,0,0,0,0,0,0,0,0,0,0,3.26675682915515e-06,0,0,0,0,0,0,0,0,0,0,0,0,0,0,0,2.58856114828573e-05,0,0,0,0,0,0,0,0,0,0,0,0,0,0,0,0,0,0,0,0.000567767053288993,0,0,0,0,0,0.00406032482598608,0,0,0,0,0,0,0,0,0,0,0,0,0,0,0,0,0,0,0,0,0,0,0,0,0,0,0,0,0,0,0,0,0,0,0,0,0,1.82575038340758e-05,0,0,0,0,0,0,0,0,0,0,0,0,0,0,0,0,0,0,0.987264735715091,0,0,0,0,0,0,0,0,0,0,0,0,0,0,0,0,0,0,0,0,0,0,0,0,1.74895499938787e-05,0,0,0,0,0,0,0,0,0,0,0,0,0,0,0,0,0,0,0,5.30760207845697e-06,0,0,0,0,0,0,0,0,1.42188248709997e-06,0,0,0,0,0,0,0,0,0,0,0,0,0,0,0,0,0,0,0,0,0,0,0,0,0.000804127856329156,0,0,0,0,0,0,0,0,0,0,0,0,0,0,0,0,0,0,0,0,0,0,2.17074658487294e-06,0,0,0,0,0,0,0,0,0,0,0,0,0,0,0,0,3.99329127066528e-05,0,0,0,0,0,0,0,0,0,0,0,0,0,0,0,0,0,0,0,0,0,0,0,0,0,0,0,0,0,0,0,0,0,0,0,0,0,0,0,0,0,0,0,0,0,0,2.83575317604356e-05,0,0,0,0,0,0,0,0,0,0,0,0,0,0,0,0,0,0,0,0,0,0,0,0,0,0,0,0,0,0,0,0,0,0,0,0,0,0,0,0,0,0,3.5405624537514e-06,0,0,0,0,0,0,0,0,0,0,0,0,0,0,0,0,0,0,0,0,0,0,0,0,0,0,0,0,0,0,0,0,0,0,0,0,0,0,0,0,0,0,0,0,0,0,0,0,0,0,0,0,0,0,0,0,0,0,0,0,0,0,4.05284915295453e-05,0,0,0,0,0,0,0,0,0,0,0,0,0,0,0,0,0,8.30514428942431e-07,0,0,0,0,0,0,0,0,0,0,0,0,0,0,0,0,0,0,0,0,0,0,0,0,0.000146439685154677,0,0,0,0,0,0,0,0,0,0,0,0,0,0,0,0,0,0,0,0,0,0,0,0,0,0,0,0,0,0,0,0,0,0,0,2.84867821330902e-05,0,0,0,0,0,0,0,0,0,0,0,0,0,0,0,0,0,0,0,0,0,0,0,0,0,0,0,0,0,0,0,0,0,0.00121037899992435,0,0,0,0,0,0,0,0,0,0,0,0,0,0,0,0,0,3.96852168598675e-05,0,0,0,0,0,0,0,0,0,0,0,0,0,0,0,0,0,0,0,0,0,0,0,0,0,0,0,0
0,0,0,0,0,0,0,0,0,0,0,0,0,0,0,0,0,0,0,0,0,0,0,0,0,0.000129073894804776,0,0,0,0,0,0,0,0,0,0,0,0,0,0,0,0,0,0,0,0,0,0,0,0,0,0,0,0,0,0,0,0,0,0,0,0,0,0,0,0,0,0,0,0,0,0,0,0,0,0,0,0,0,0,0,0,0,0,0,0,0,0,0,0,0,0,0.000238027230315148,0,0,0,0,0,0,0,0,0,0,0,0,0,0,0,0,0,0,0,0,0,0,0,0,0,0,0,0,0,0,0,0,0,0,0,0,0,0,0,0,0,0,0,0,0,0,0,0,0,0,0,0,0,0,0,0,0,0,0,0,0,0,0,0,0,0,0,0,0,0,0,0,0,0,0,0,0,0,0,0,0,0,0,0,0,0,0,0.000290149426954882,0,0,0,0,0,0,0,0,0,0,4.06058391196654e-05,0,0,0,0,0,0,0,0,0,0,0,0,0,2.68716074595582e-05,0,0,0,0,0,0,0,0,0,0,0,0,0.983419440105731,0,0,0,0,0,0,0,0,0,0,0,0,0,0,0,1.61762564907229e-05,0,0,0,0,0,0,0,0,0,0,0,0,0,0,0,0,0,0,0,0,0,0.00100781053162006,0,0,0,0,0,0,0,0,0,0,0,0,0,0,0,0,0,0,0,0,0,0,0,0,0,0,0,0,0,0,0,0.000188821752265861,0,0,0,0,0,0,0,0,0,0,0,0,0,0,0,0,0,0,0,0,0,0,0,0.000472383085186416,0,0,0,0,0,0,0,0,0,0,0,0,0,0,0,0,0,0,0,0,0,0,0,0,0,0,0.000155829989481476,0,0,0,0,0,0,0,0,0,0,0,0,0,0,0,0,0,0,0,0,0,0,0,8.34724540901503e-05,0,0,0,0,0,0,0,0,0,0,0,0,0,0,0,0,0,0,0,0,0,0,0,0,0,0,0,0,0,0,0,0,0,0,0,0.00158977134352591,0,0,0,0,0,0,0,0,0,0,0,0,0,0,0,0,0,0,0.000270416441319632,0,0,0,0,0,0,0,0,0.000120569086086327,0,0,0,0,0,0,0,0,0,0,0,0,0,0,0,0,0,0,0,0,0,0,0,0,0,0,0,0,0,0,0,0,0,0,0,0,0,0,0,0,0,0,0,0,0,0,0,0,0,0,0,0,0,0,0,0,0,0,0,0,0,0,0,0,0,0,0,0,0,0,0,0,0,0,0,0,0,0,0,8.30514428942431e-07,0,0,0,0,0,0,0,0,0,0,0,0,0,0,0,0,0,0,0,0,0,0,0,0,0,0,0,0,0,0,0,0,0,0,0,0.00423539901917075,0,0,0,0,0,0,0,0,0,0,0,0,0,0,0,0,0,0,0,0,0,0,0,0,0,0,0,0,0,0,0,0,0,0,0,0,0,0,0,0,0,0,0,0,0,0,0,0,0,0,0,0,0,0,0,0,0,0,0,0,0,0,0,0,0,0,0,0,0,0,0,0,0,0,0,0,0,0,0,0,0,0,0,0,0,0,0,0,0,0,0,0,0,0,0,0,0,0,0,0,0,0,0,0,3.81679389312977e-07
0,0,0,4.33179843275533e-06,0,0,0,0,0,0,0,0,0,0,0,0,0,0,0,0,0,0,0,0,0,0,0,0,0,0,0,0,0,0,0,0,0,0,0,0,0,0,0,0,0,0,0,0,0,3.50680319820452e-05,0,0,0,0,0,0,0,0,0,0,0,0,0,0,0,0,0,0,0,0,0,0,0,1.97950225415819e-05,0,0,0,0,0,0,0,0,0,0,0,0,0,0,0,0,0,0,0,0,0,0,0,0,0,0,0,0,0,0,0,0,0,0,0,0,0,0,0,0,0,0,0,0,0,0,0,0.000991626267078008,0,0,0,0,0,0,0,0,0,0,0,0,0,0,0,0,0,0,0,0,0,0,0,0,0,0,0,0,0,0,0,0,0,0,0,0.000120685493603669,0,0,0,0,0,0,0,0,0,0,0,0,0,0,0,0,0,0,0,0,0,0,0,0,0,0,0,0,0.000262881177707676,0,0,0,0,0,0,0,0,0,0,0,0,0,0,0,0,0,0,0,0,0,0,0,0,0,0,0,0,0,0,0,0,0.972802748353851,0,0,0,0,0,0,0,0,0,0,0,0,0,0,0,0,0,0,0,0,0,0,0,0,0,0,0,0,0,8.19014234467395e-06,0,0,0,0,0,0,0,0,0,0,0,0,0,0,0,0,0,0,0,0,0,0,0,0,0,0,0,0,0,0,0,0,0,0,0,0,0,0,0,0,0,0,0,0,0,0,0,0,0,0,0,0,0,0,0,0,0,0,0,0,0,0,0,0,0,0,0,0,0,0,0,0,0,0,0,0.000112536574386676,0,0,0,0,0.000717257208434945,0,0,0,0,0,0,0,0,0,0,0,0,0,0,0,0,2.06745057500969e-05,0,0,0,0,0,0,0,0,0,0,0,0,0,0,0,0,0,0,0,0,7.12995531894667e-05,0,0,0,0,0,0,0,0,0,0,0,0,0,0,0,0,0,0,0,0,0,0,0,0,0,6.1012440436605e-06,0,4.17367496254127e-06,0,0,0,0,0,0,0,0,0,0,0,0,3.32369461893841e-05,0,0,0,0,0,0,0,0,0,0,0,0,0,0,0,0,0,0,0,0,0,0,0,0,0,0,0,0,0,0,0,0,0,0,0,0,0,0,0,0,0,0,0,0,0,0,0,0,0,0,0,0,0,0,0,0,0,0,0,0,0,0,0,0,0,0,0,0,0,0,0,0,0,0,0,0,0,0,0,0,0,0,0,0,0,0,0,0,0,0,0,0,0,0,0,0,0,0,0,0,0,0,0,0,0,0,0,4.1262636682484e-05,0,0,0,0,0,0,0,0,0,0,0,0,0,0,0,0,5.3934378042236e-06,0,0,0,0,0,0,0,0,0,0,0,0,0,0,0,0,0,0,0,0,0,0,0,0,0,0,5.01907247540654e-05,0,0,0.00053934370387192,0,0,0,0,0,0,0,0,0,0,0,0,0,0,0,0,0,0,0,0,0,0,0,0,0,0,0,0,0,0,0,0,0,0,0,0,0,0,0,0,0,0,0,0,0,0,0,0,0,0,0,0,0,0,0,0,0,0,0,0,0,0,0,0,0,0,0,0,0,0,0,0,0,0,0,0,1.88331010584203e-05,0,0,0,0,0,0,0
0,0,0,0,0,0,0,0,0,0,0,0,0,0,0,6.06648871633099e-05,0,0,0,0,0,0,0,0,0,0,0,0,0,0,0,0,7.44956643523347e-06,0,0,0,0,0,0,0,0,0,0,0,0,0,0,0,0,0,0,0,0,0,0,0,0.000162443144899285,0,0,0,0,0,0,0,0,0,5.71559213534522e-05,0,0,0,0,0,0,0,0,0,0,0,0,0,0,0,0,0,4.23599579789217e-06,0,0,0,0,0,0,0,0,0,0,0,0,0,0,0,0,0,0,0,0,0,2.49345468146116e-05,0,0,0,0,0,0,2.4515812699191e-05,0,0,0,0,0,0,0,0,0,0,0,0,0,0,0,0,0,0,0,0,1.29428057414286e-05,0,0,0.00012131505519835,0,0,0,0,0,0,0,0,0,0,0,0,0,0,0,0,0,0,0,0,0,0,0,0,0,0,0,0,0,0,0,0,0,0,0,0,0,0,0,0,0,0,0,0,0,0,0,0,0,0,0,0,0,0,0,0,0,0,0,0,3.65150076681516e-05,0,0,0,0,0,0,0,0,0,0,0,0,0,0,0,0,0,0,0,0,0,0.980676328502415,0,0,0,0,0,0,0,7.55306024824391e-05,0,0,0,0,0,0,0,0,0,0,0,0,0,0,0,0,0,0,0,0,0.00035217612082098,0,0,0,0,0,0,0,0,0,0,0,0,0,0,0,0,0,0,0,0,0,0,0,0,0,0,0,0,0,0,0,0,0,0,0,0,0,0,0,0,0,0,0,0,0,0,0,0,0,0,0,0,0,0,0,0,0,0,0,0,0,0,0,1.20235661897319e-05,0,0,0,0,0,4.34149316974587e-06,0,0,0,0,0,0,0,0,0,0,0,0,0,0,0,0,0,0,0,0,0,0,0,0,0,0,0,0,0,0,0,0,0,0,0,0,0,0,0,0,0,0,0,0,0,0,0,0,0,0,0,0,0,0,0,0,0,0,0,0,0,0,0,0,0,0,0,0,0,0,0,0,0,0,0,0,0,0,0,0,0,0,0,0,0,0,0,0,0,0,0,0,0,0,0,0,0,0,0,0,0,0,0,0,0,0,0,0,0,0,0,0,0,0,0,0,0,0,0,0,0,0,0,0,0,0,0,0,0,0,0,0,0,0,0,0,0,0,0,0,0,0,0,0,0,0,0,0,0,0,0,0,0,0,0,0,0,0,0,0,0,0,0,0,0,0,0,0,0,0,2.27128191151086e-05,0,0,0,0,0,0,0,0,0,0,0,0,0,0,0,0,0,0,0,0,0,0,0,0,0,0,0,0,0,0,0,0,0,0,0,0,0,0,0,0,0,0,0,0,0,0,0,0,0,0,0,0.000144320969836917,0,0,0,0,0,0,0,0,0,0,0,0,0,0,0,0,0,0,0,0,0,0,0,0,0,0,0,0,0,0,0,0,0,0,0,0,0,0,0,0,0,0,0,0,0,0,8.93814801573114e-05,0,0,0,0,0,0,0,0,0,0,0,0,0,0,0,0,0,0,0,0,0,0,0,0,0,0,0,0,0,0,0,0,0,0,0,0,0,0,0,0,0,0,0,0,0,0,0,0,0,0,0,0,0,0,0,3.68950646861524e-06,0,0,0
0,0,0,0,0,0,0,0,0,0,0,0,0,0,0,0,0,0,0,0,0,0,0,0,0,0,0,0,0,0,0,0,0,0,0,0,0,0,0,0,0,0,0,0,0,0,0,0,0,0,0,0,0,0,0,0,0,0,0,0,0,0,0,0,0,0,0,0,0,0,0,0,0,0,0,0,0,0,0,0,0,0,0,0,4.23599579789217e-06,0,0,0,0,0,0,0,0,0,0,0,0,0,0,0,0,0,0,0,0,0,0,0,0,0,0,0,0,0,0,0,0,0,0,0,0,0,0,0,0,0,0,0,0,1.10133371512902e-05,0,0,0,0,0,0,0,0,0,0,0,0,0.000454992174134605,0,0,0,0,0,0,0,0,0,0,0,0,0,0,0,0,0,0,0,0,0,0,0,0,0,0,0,0,0,0,0,0,0,0,0,0,0,0,0,0,0,0,0,0,0,0,0,0,0,0,0,0,0,0,0,0,0,0,0,0,0,0,0,2.08685490097873e-05,0,0,0,3.76789751318764e-05,0,0,0,0,0,0,0,0,0,0,0.990277777777778,0,0,0,0,0,0,0,0,0,0,0,0,0,0,0,0,0,0,0,0,0,0,0,0,0,0,0,0,0,0,0,0,0,0,0,0,0,0,0,0,0,0,0,0,0,0,0,0,0,0,0,0,0,0,0,0,0,0,0,0,0,0,0,0,0,0,0,0,0,0,0,0,0,0,0,0,0,0,0,0,0,0,0,0,0,0,0,0,0,0,0,0,0,0,0,0,0,0,0,0,0,0,0,0,0,1.07308802541072e-05,0,0,0,0,0,0,0,0,0,0,0,0,0,0,0,0,0,0.00121148274953911,0,0,0,0,0,0,0,0,0,0,0,0,0,0,0,0,0,0,0,0,0,0,0,0,0,0,0,0,0,0,0,0,0,0,0,0,0,0,0,0,0,0,0,0,0,0,0,0,0,0,0,0,0,0,0,0,0,0,0,0,0,0,0,0,0,0,0,0,0,0,0,0,0,0,0,0,0,0,0,0,0,0,0,0,0,0,0,0,0,0,0,0.000448591422931994,0,0,0,0,0,0,0,0,0,0,0,0,0,0,0,0,0,0,0,0,0,0,0,0,0,0,0,0,0,0,0,0,0,0,0,0,0,0,0,0,0,0,0,0,0,0,0,0,0,0,0,0,0,0,0,0,0.000174203382449009,1.63259975184484e-05,0,0,0,0,0,0,0,0,0,0,0,1.66102885788486e-06,0,0,0,0,0,0,0,3.97413632082408e-06,0,0,0,0,0,0,0,0,2.38685131348428e-06,0,0,0,0,0,0,0,0,3.2916392363397e-05,0,0,0,0,2.25580870742161e-05,0,0,0,0,0,0,0,0,0,0,0,0,0,0,0,0,0,0,0,0,0,0,0,0,0,0,0,0,0,0,0,0,0,0,0,0,0,0,0,0,0,0,0,0,0,0,0,0,0,0,0,0,0,0,0,0,0,0,0,0,0,0,0.000104887770086008,0,0,0,0,0,0,0,0,0,0,0,0,0,0,0,0,0,0,0,0,0,0,0,0,0,0,0,0,0,0,0,0,0,0,0,0,0,0,0,0,0,0,0,1.82079540009583e-06,0,0,0
0,0,0,0,0,0,0,0,0,0,0,0,0,0,0,0,0,0,0,0,0,0,0,0,0,0,0,0,0,0,0,0,0,0,0,0,0,0,0,0,0,0,0,0,0,0,0,0,0,0,0,0.0068049254698639,0,0,0,0,0,0,0,0,0,0,0,0,0,0,0,0,0,0,0,0,0,0,0,0,0,0,0,0,0,0,0,0,0,0,0,0,0,0,0,0,0,0,0,0,0,0,0,0,0,0,0,0,0,0,0,0,0,0,0,0,0,0,0,0,0,0,0,0,0,0,0,0,0,0,0,0,0,0,0,0,0,0,0,0,0,0,0,0,0,0,0,0,0,0,0,0,0,0,0,0,0.001,0,0,0,0,0,0,0,0,0,0,0,0,0,0,0,0,3.98612827360784e-05,0,0,0,0,0,0,0,3.17302505632119e-05,0,0,0,0,0,0,0,0,0,0,0,0,0,0,0,0,0,0,0,0,0,0,0,0,0,0,0,0,0,0,0,0,0,0,0,0,0,0,0,0,0,0,0,0,0.979727995894278,0,0,0,0,0,0,0,0,0,0,0,0,0,0,0.00011877895236964,0,0,0,0,0,0,0,0,0,0,0,0,0,0,0,0,0,0,0,0,0,0,0,0,0,0,0,0,0,0,0,0,0,0,0,0,0,0,0,0,0,0,0,0,0,0,0,0,0,0,0,0,0,0,0,0,0,0,0,0,0,0,0,0,0,0,0,0,0,0,0,0,0,0,0,0,0,0,0,0,0,2.17074658487294e-06,0,0,0,0.000162258640272595,0,0,0,0,0,0,0,0,0,0,0,0,0,0,0,0,0,0,0,0,0,0,0,0,0,0,0,0,0,0,0,0,0,0,0,0,0,0,1.67156993848623e-05,0,0,0,0,0,0,0,0,0,0,0,0,0,0,0,0,0,0,0,0,0,0,0,0,0,0,0,0,0,0,0,0,0,0,0,0,0,0.000479731350443751,0,0,0,0,0,0,2.03636956034781e-05,0,0,0,0,0,0,0,0,0,0,0.00135208220659816,0,0,0,0,0,0,0,0,0,0,0,0,0,0,0,0,0,0,0,0,0,0,0,0,0,0,0,0,0,0,0,0,0,0,0,0,0,0,0,0,0,0,0,0,0,0,0,0,0,0,0,0,0,0,0,0,0,0,0,0,0,0,0,0,0,0,0,0,0,0,0,0,0,0,0,0,0,0,0,0,0,0,0,0,0,0,0,0,0,7.98849656494648e-05,0,0,0,0,0,0,0,0,0,0,0,0,0,0.000110277900308778,0,0,0,0,0,0.000217026448289832,0,0,0,0,0,0,0,0,0,0,0,0,0,0,0,0,0,0,0,0,0,0,0,0,0,0,0,0,0,0,0,0,0,0,0,0,0,0,0,0,0,0,0.0029919891902326,0,0,0,0,0,0,0,0,0,0,0,0,0,0,0,0,0,0,0,0,0,0,0,0,0,0,0,0,0,0,0,0,0,0,0,0,0,0,0,0,0,0,0,0,0,0,0,0,0,0,0,0,0,0,0,0,0,0,0,0,0,0,0,0,0,0,0,0,0,0,0,0,0,0,0,0,0
0,0,0,0,0,0,2.86361462619806e-06,0,0,0,0,0,0,0,0,0,0,0,0,0,0,0,0,0,0,0,0,0,0,0,0.000435161009573542,0,0,0,0,0,0,0,0,0,0,0,0,0,0,0,0,0,0,0,0,0,7.34106592277199e-05,0,0,0,0,0,0,0,0,0,6.47295276686366e-06,0,0,0,0,0,0,0,0,0,0,0,0,0,0,0,0,0,0,0,0,0,0,0,0,0,0,0,0,1.97102591899083e-05,0,0,0,0,0,0,0,0,0,0,0,0,0,0,0,7.32520235871516e-05,0,0,0,0,0,0,0,0,0,1.73949345950459e-05,0,0,0,0,0,0,0,0,0,0,0,1.10133371512902e-05,0,0,0,0,0,0,0,0,0,0,0,0,0,0,0,0,0,0,0,0,0,0,0,0,0,0,0,0,0,0,0,0,0,0,0,0,0,0,0,0,0,0,0,0,0,0,0,0,0,0,0,0,0,0,0,0,0,0,1.27019611828066e-05,0,0,0,0,0,0,0,0,0,0,0,0,0,0,0,0,0,2.08685490097873e-05,0,0,0,0,0,0,0,0,0,0,0,0,0,0,0,0,0.970010439404005,0,0,9.98213198374909e-06,0,0,0,7.705185589902e-05,0,0,0,0,0,0,0,0,0,0,0,0,0,0,0,0,0,0,0,0,0,0,0,0,0,0,0,0,0,0,0,0,0,0,0,0,0,1.30590678780149e-06,0,0,0,0,0,0,0,0,0,0,0,0,0,0,0,0,0,0,0,0,0,0,0,0,0,0,0,0,0,0,0,0,0,0,0,0,0,0,0,0,0,0,0,0,0,0,0,0,0,0,0,0,0,0,0,0,0,0,0,0,0,0,0,0,0,0,0,0,0,3.3096691985636e-05,0,0,2.78251965502321e-06,0,0,0,0,0,0,0,0,0,0,0,0,0,0,0,0,0,0,0,0,0,0,0,0,0,0,0,0,0,0,0,0,0,0,0.000859676998600802,0,0,0,0,0,0,0,0,0,0,0,0,0,0,0,0,0,0,0,4.17367496254127e-06,0,0,0,0,0,0,0,0,0,0,0,0,0,0,0,0,0,0,0,0,0,0,0,0,0,0,0,0,0,0,0,0,0,0,0,0,0,0,0,0,0,0,0,0,0,0,0,0,0,0,0,0,0,0.00136157337367625,0,0,0,0,0,0,0,0,0,0,0,0,0,0,0,0,0,0,0,0,0,0,0,0,0,0,0,0,0,0,0,0,0,0,0,0,0,0,0,0,0,0,0,0,0,0,0,0,0,0,0,0,0,0,0,0,8.30514428942431e-07,0,0,0,0,0,0,0,0,0,0,0,0,0,0,0,0,2.38685131348428e-06,0,0,0,0,0,0,0,0,0,0,0,0,0,0,0,0,0,0,0,2.49421964597046e-06,0,0,0,0,0,0,0,0,0,0,0,0,0,0,0,0,0,0,0,0,0,0,0,0,0,0,0,0,0,0,0,0,0,2.35913599003501e-06,0,0,0,0,1.4719346225518e-06,0,0,0,0,0,0,0,0,0,0,0,0,7.25067467527853e-07,0,0,0,0,0,0,0,0,0,0,0,0,0,0,0,0,0,0.000492368291482029,0,0,0,0,0,0,0,0,0,0,0,0,0,0,0,0,0,0,0,0,0,0,0,0,0,0,0,0,0,0,6.61236224245328e-06,0,0,0
0,0,0,0,0.000130565347956652,2.76571618220538e-05,0,0,0,0,0,0.000288267512251369,0,0,0,0,0,0,0,0,0,0,0,0,0,0,0,0,1.1132882080513e-05,0,0,0,0,0,0,0,0,0,0,0,0,0,0,0,0,0,0,0,0,0,0,0,0,0,0,0,0,0,0,0,0,0,0,0,0,0,0,0,0,0,0,0,0,0,0,0,0,0,0,0,0,0,0,0,0,0,0,0,0,0,0,0,0,0,0,0,0,0,0,0,0.000205023065094823,0,0,0,0,0,0,0,0,0,0,0,0,0,0,0,0,0,0,0,0,0,0,0,0,0,0,0,0,0,0,0,0,0,0,0,0,0,0,0,0,0,0,0,0,0,0,0,0,0,0,0,0,0,0,0,0,0,0,0,0,0,0,0,0,0,0,0,0,0,0,0,0,0,0,0,0,0,0,0,0,0,0,0,0,0,0,0.000118915490724592,0,0,0,0,0,0,0,0,0,0,0,0,0,0,0,0,4.20698359276399e-06,0,0,0,0,0,0,0,0,0,0,0,0,0,0,0,0,0,0,0,0.977101845522898,0,0,0,0,0,0,0,0,0,0,0,0.000190928762357334,0,0,0,0,0,0,0,0,0,0,0,0,0,0,0,0,0.000170881749829118,0,0,0,0,0,0,0,0,0,0,0,0,0,0,3.26476696950373e-07,0,0,0,0,0,0,0,0,0,0,0,0,0,0,0,0,0,0,0,0,0,0,0,0.000121624908781318,0,0,0,0,0,0,0,0,0,0,0,0,0,0,0,0,0,0,0,0,0,0,0,0,0,0,0,0,0,0,0,0,0,0,0,0,0,0,0,0,0,0,0,0,0,0,0,0,0,0,0,0,0,0,0,0,0,0,0,0,0,0,0,0,0,0,0,0,0,0,0,0,0,0,0,0,0,0,0,0,0,0,0,0,0,0,0,0,0,0,0,0,0,0,0,0,0,0.00087966593891091,0,0,0,1.83037321309815e-05,0,4.17367496254127e-06,0,0,0,0,0,0,0,0,0,0,0,0,0,0,0,0,0,0,0,0,0,0,0,0,0,0,0,0,0,0,0,0,0,0,0,0,0,0,0,0,0,0,0,0,0,0,0,0,0,0,0,0,0,0,0,0,0,0,0,0,0,0,0,0,0,0.000704296206861857,0,0,0,0,0,0,0,0,0,0,0,0,0,2.92860071457857e-05,0,0,0,0,0,0,0.000116570496007461,0,0,0,0,0,0,0,0,0,0,0,0,0,0,0,0,0,0,0,0,0,0,0,0,0,0,0,0,0,0,0,3.97413632082408e-06,0,0,0,0,0,0,0,0,0,0.000178858880343409,0,0,0,0,0,0,0,0,0,0,0,0,0,0,0,0,0,0,0,0,0,0,0,0,0,0,0,0,0,0,1.18133490844654e-05,0,0,0,0,0,0,0,0,0,0,0,0,0,0,0,0,0,0,2.44176393026322e-05,0,0,0,0,0,0,0,1.4719346225518e-06,0,0,0,0,0,0,0,0,0,0,0,1.64249462083012e-05,0,0,0,0,0,0,0,0,0,0,0,0,0,0,0,0,0,0,0,0,0,0,0,0,0,0,0,0,0,3.96016078252777e-05,0,0,0,0,0,0,0,0,0,0,0,0,0,0,0,0,0,0,0,0,0,2.70758122743682e-07,0
0,0,0,8.66359686551065e-06,0.00117508813160987,5.53143236441076e-05,4.2954219392971e-06,1.09416373066066e-05,0,0,0,0,0,0,0,0,0,0,0,0,2.11455831105999e-06,0,0,0,0,0,0,0,1.1132882080513e-05,0,0,0,0,0,0,0,0,0,0,0,0,0,0,0,0,0,0,0,0,0,0,0,0,0,0,0,0,0,0,0,7.39927031811171e-05,0,6.47295276686366e-06,0,0,0,0,0,0,0,0,0,0,0,0,0,0,0,0,0,0,0,0,0,0,0,0,0,0,0,0,0,0,2.1533624755055e-05,0,0,0,0,3.17536929544906e-06,0,0,1.63291966035271e-05,0,0,0,2.15135499508774e-05,0,0,0,0,0,0,0,0,2.77029797325e-06,0,0,0,3.26675682915515e-06,0,0,0,0,0,0,0,0,0,0,0,0,0,0,0,0,0,0,0,0,0,0,0,0,0,0,0,0,0,0.00175137482924095,0,0,0,0,0,0,0,0,0,0,0,0,0,0,0,0,0,0,0,0,0,0,0.00018957345971564,0,0,0,0,0,0,0,0,0,0,0.000286763019041064,0,0,0.00564942996742671,0,0,0,0,0,0,4.38394598978541e-05,1.38091029606717e-05,0,0,0,0.00276419306825431,0,0,0,0,0,0,0,0,0,0,8.51411640499949e-06,0,0,0,0,7.32235955714369e-05,0,0,0,0,0,0,0,0,0,0,0,0.990731863215085,1.99642639674982e-05,0,0,0,7.00471417263819e-06,0,0,0,0,0,0,0,0,0,0,0,0,0,0,0,0,0,0,0,0,0,0,0,0,0,0,0,0,0,0,0,2.65380103922849e-06,0,0,0,0,0,4.65229293154282e-06,0,0,1.42188248709997e-06,0,0,0,0,0,0,9.13876297704343e-06,0,0,0,0.000717703349282297,0,0,8.21031544031922e-06,0,0,0,0,0,0,0,0,0,1.12731945978851e-05,0,0,0,0.00038163083577153,0,3.03665239440041e-05,0,0,0,0,0,0,0,0,0,0.000645411126887828,0,0,0,0,0,0,0,0,0,0,0,0,0,0,0,0,0,0,0,0,0,0,0,0,0,0,0,0,0,2.78251965502321e-06,1.20380402070543e-05,0,0,0,0,5.16862643752423e-06,0,0,0,0,0,0,0,0,0,0,0,0,0,0,0,0,0,0,0,0,0,0,0,0,0,0,0.000256180350967081,0,0,0,0,0,0,0,0,0,0,0,0,0,0,0,0,0,0,0,1.2202488087321e-05,0,0,0,0,0,0,0,0,0,0,0,0,0,0,1.66184730946921e-05,0,4.76794415783802e-06,0,0,0,0,0,0,0,0,0,0,0,0,0,0,0,0,0.000895575855274942,0,0,0,5.74914194056537e-06,8.83947513160996e-05,0,0,0,0,0,0,0,0,0.00035301385579384,0,0,0,0,0,0,0,0,0,0,0,0,0,0,0,0,0,0,0,0,0,0,0.00242681632033975,0,0,0,0,0,0,0,0,0,0,5.85720142915715e-05,0,0,0,0,0,0,0,0,1.76360622200275e-05,0,0,0,0,0,0,0,0,0,1.63259975184484e-05,0,0,0,0,6.24104799677962e-06,0,0,0,0,0,0,2.49154328682729e-06,0,0,0,0,2.73374922771584e-06,0,0,0,2.24294705299187e-06,0,0,0,0,0,0,0,7.16055394045283e-06,4.47147200858523e-05,0,0,0,0,0.000155400155400155,0.000237079184447606,0,0,5.3934378042236e-06,0,0,0,0,0,0,0,0,0,9.97687858388185e-06,0,0,0,0,0,0,0,0,0,0,0,0,0,0,1.15390562436679e-05,0,0,0,0,0,0,0,0,0,3.613500036135e-05,0,0,0,0,0,0,0,0,4.71827198007002e-06,0,0,0,0,1.61912808480699e-05,0,2.69302237901597e-05,0,0,0,0,0,0,0,0,0,0,1.45013493505571e-06,0,2.19741583897337e-05,0,0,0,0,0,0,0,0,0,0,0,0,0,0,0,0,0,0,0,0,0,0,0,0,0,0,0,0.000453705804193538,0,0.00291055636404343,0,0,0,0,0,0,0,0,0,7.65081672468536e-06,0,0,1.88331010584203e-05,0,0.00428615960099751,0,4.79156684235745e-08,6.07533414337789e-08,0,0
0,0,0,4.33179843275533e-06,0.000261130695913305,8.29714854661615e-05,3.43633755143768e-05,2.18832746132131e-05,0,0,0,0,0,0,0,0,0,0,0,8.42722668397057e-06,1.90310247995399e-05,0,2.46228598630969e-05,0,0,0,0,0,6.6797292483078e-05,0,0.000145053669857847,4.09785682088268e-05,0,0,0,0,0,0,0,0,0,7.74035744970703e-06,0,0,0,0,0,0,0.000110204981265153,0,0,0,0,0,0,0,0,0,0,0,1.13834927970949e-05,0,0.00169591362491828,0,5.34616412723871e-05,0,0,0,0,0,0,0,0,0,6.51033189672009e-05,0,0,0,0,0,0,0,0,0,0,0,3.16210532972853e-05,0,0,0,0,0.00109391938503991,0,2.7686088970785e-05,0,2.01178908403243e-05,0,0,3.17536929544906e-06,0,0,0,0,0,0,1.43423666339183e-05,0,0.000476138153316485,0,0,0,0,0,0,6.92574493312501e-06,0,0,3.47898691900918e-05,9.80027048746545e-06,0,0,0,0,0,0.00043225400817353,6.71959467404926e-06,0,0,0,0,0,0,0,0,0,0,0,0,0,0,0,0,0,0,0,0,0,0,0,0,0,0,0,0,0,1.62083748672939e-05,0,0,0,0,0,0,0,0,0,0,0,0,0,0,0,6.31911532385466e-05,0,0,0,0,0,0,0,0,0,0,0,0,0,0.000101791530944625,0,0,0,0,0,0,2.1919729948927e-05,1.03568272205038e-05,0,0,0,5.31575590048905e-05,0,0,0,0,0,0,8.41396718552798e-06,0,2.08685490097873e-05,0,1.7028232809999e-05,0,0,8.55937208446388e-06,0,0,0,0,0,0,0,0,0,0,0,0.000284711018316409,0,0,0.965451841204244,0,0,0,0.00296299409502595,0,0,0,0,0,0,0,0,0,0,0,0,0,0,0,0,0,0,0,0,0,0,0,0,0,0,0,0,0,0,0,0,0,0,0,0,0,0.00012038828200045,0,0,0,0,2.83136129019471e-06,0,0,0.00019970709625882,0,0,0.000130331974157031,0,0,0,0,1.90124912067228e-05,0,0,0,0,0,0,0,0,0,0,0,0,0,0,9.54077089428826e-05,0,0,0,0,0,0,0,0,0,0,0,0,0,0,0,0,0,0,0,0,0,0,0,0,0,0,2.8048130592096e-05,0,0,0,0,0,0,0,6.57591898467811e-05,0,0,0,5.79192109748631e-05,0,0,3.61727555153018e-05,2.40760804141086e-05,0,0,0,0,1.03372528750485e-05,0,0,0,0,0,0,0,0,0,0,0,0,0,0,0,0,0,0,0,0,0,0,0,0,0,0,0,0.000136850388312977,0.000308297958118908,0,0,0,0,0,6.8260783497273e-06,0,0,0,0,0,0,0,0,0,0,0,0,0,4.17367496254127e-06,0,0,0,0,0,0,0,0,0,0,0,0,0,0,2.14557487102711e-05,0,0,0,0,0,0,0,0,0,0,0,0,5.94078228221092e-06,0,3.5405624537514e-06,0,0,0,0,0,5.74914194056537e-06,2.94649171053665e-05,0,0,0,0,0,0,0,0,0,0,0,0,0,0,0,0,0,0,0,0,0,0,0,0,0,0,0,0,0,0,0,0.000202234693361646,0,0,0,0,0,0,0,0,6.58379858843358e-06,0,0,0,3.48517059910083e-05,0.00145756855970633,0,0,0,0,0,0,0,0,0,0,0,0,0,0,0,6.53039900737935e-05,0.000170710888915986,0,0,0,3.12052399838981e-06,0,0,0,0,0,0,7.47462986048188e-06,0,0,0,0,5.46749845543169e-06,0,0,3.97413632082408e-06,6.7288411589756e-06,0,0,0,0,0,0,0,2.14816618213585e-05,0.000134144160257557,0,0,0,0,0,0,0,0,1.61803134126708e-05,0,0,0,0,0,0,0,0,0,1.24710982298523e-05,0,0,0.000295716657946817,0,0.000172711571675302,0,0,0,0,0.000124409056979348,0,5.90667454223272e-05,1.54419485680166e-05,0,9.23124499493435e-06,0,1.67302415846885e-05,0,0.000161995788109509,0,0,0,0,0,0,0,0,0,0,0,0,0,0,2.12322239103151e-05,0,0,0,0,4.41580386765541e-06,0,0,0,0,0,0,0,0,0,0,2.77027494978877e-05,0,0.000280601109933279,0,1.09870791948668e-05,0,0,0.000209775540172016,0,0,0,0,0,0,0,0,0,0,5.48787180331467e-05,0,0.000492368291482029,0,0,0,0,0,0,0,0,0,0,0,0,0,0,0,0,0,0,0,0,0,0,1.44123369604381e-05,7.65081672468536e-06,0,0,0,8.22828555442188e-06,0,0,1.48538572113081e-06,0,0,0
0,0,0,0,0,0,0,0,0,0,0,0,0,0,0,0,0,0,7.63009308713566e-05,0,0,0,0,0,0,0,0,0,0,0,0,0,0,0,0,0,0,0,0,0,0,0,0.000480682569248333,0,0,0,0,0,0,0,0,0,0,0,0,0,0,0,0,0,0,0,0,0,0,0,0,0,0,0,0,0,0,0,0,0,0,0,0,0,0,0,0,0,0,0,0,0,0,0,0,0,0,0,0,0,0,0,0,0,0,0,0,0,0,0,0,0,0,0,0,0,0,0,0,0,0,0,0,0,0,0,0,0,0,0,0,0,0,0,0,0,0,0,0,0,0,0,0,0,0,0,0,0,0,0,0,0,0,0,0,0,0,0,0,0,0,0,0,0,0,0,0,0,0,0,0,0,0,0,0,0,0,0,0,0,0,0,0,0,0,0,0,0,0,0,0,0,0,0,0,0,0,0,0,0,0,0,0,0,0,0,0,0,0,0,0,0,0,0,0,0,0,0,0,0,0,0,0,0,0,0,0,0,0,0,0,0.995944936506243,0,0,0,0,0,0,0,0,0,0,0,0,0,0,0,0,0,0,0,0,0,0,0,0,0,0,0,0,0,0,0,0,0,0,0,0,0,0,0,0,0,0,0,0,0,0,0,0,0,0,0,0,0,0,0,0,0,0,0,0,0,0,0,0,0,0,0,0,0,0,0,0,0,0,0,0,0,0,0.000604803870744773,0,0,0,0,0,0,0,0,0,0,0,0,0,0,0,0,0,0,0,0,0,0,0,0,0,0,0,0,0,0,0,0,0,0,0,0,0,0,0,0,0,0,0,0,0,0,0,0,0,0,0,0,0,0,0,0,0,0,0,0,0,0,0,0,0,0,0,0,0,0,0,0,0,0,0,0,0,0,0,0,0,0,0,0,0,0,0,0,0,0,0,0,0,0,0,0,0,3.09386795371574e-05,0,0,0,0,0,0,0,0,0,0,0,0,0,0,0,0,0,2.18585923940842e-05,0,0,0,0,0,0,0,0,0,0,0,0,0,0,0,0,0,0,0,0,0,0,0,0,0,0,0,0,0,0,0,0,0,0,0,0,0,0,0,0,0,0,0,0,0,0,0,0,0,0,0,0,0,0,0,0,0,0,0,0,0,0,0,0,0,0,0,0,0,0,0,0,0,0,0,0,0,0,0,0,0,0,0,0,0,0,0,0,5.47675119119338e-05,0,0,0,0,0,0,0,0,0,0,0,0,0,0,0,0,0,0,0,0,0,0,0,0,0,0,0,0,0,0,0,0,0,0,0,0,0,0,0,0,0,0,0,0,0,0,0,0,0,0,0,0,0,0,0,0,0,0,0,0,0,0,0,0,0,0,0,0,0,0,0,0,0,0,0,0,0,0,0,0,0,0,0,0,0,0,0,0,0,0,0,0,0,0,0,0,0,0,0,0,0,0,0,0,0,0,0,0,0,0,0,0,0,0,0,0,0,0,0,0,0,0,0,0,0,0,0,0,0,0,0,0,0,0,0,0,3.81679389312977e-07
0,0,0,0,0,0,1.43180731309903e-06,0,0,0,0,0,0,0,0,6.06648871633099e-05,0,0,0,0,0,0,0,0,0,0,0,0,0,0,0,0,0,0.000389408099688474,0,0,8.75886835420864e-05,0,0,0,0,0,0,0,0,0,0,0,0,0,0,0,0,0,0.00017860332202179,0,0.000433181719731427,0,0,0,0,0,0,0,0,0,0.000171467764060357,0,0,0,0,0,0,0,0,0,0,0,0,0,0,0,0,0,8.47199159578434e-06,0,0,0,0,0,0,0,0,0,0,0,0,0,0,8.2060035121695e-06,0,0,0,0,0,0,4.98690936292233e-05,0,0,0,0,0,0,0,0,0,0,0,0,0,0.000177935943060498,0,0,0,0,0,0,0,0,0,0,0,0,0,0.000194142086121429,0,0,0,4.07697325505545e-05,0,0,0,0,0,0,0,0,0,0,0,0,0,0,0,0,0,0,0,0,0,0,0,0,0,0,0,0,0,0,0,0,0,0,0,0,0,0,1.05767501877373e-05,0,0,0,0,0,0,0,0,0,0,0,0,0,0,0,0,0,1.92722787542399e-05,0,0,3.65150076681516e-05,0,0,5.26094276094276e-05,0,0,0,0,0,0,0,0,0,0,0,0,0,0,0,0,0,0,0.000322061191626409,0,0,0,0,0,0,0,0.991112565774566,0,0,0,0,0,0,0,0,0,0,0,0,0,3.49790999877573e-05,0,0,0,0,0,0,4.91408540680437e-05,0,0,0,0,0,0,0,0,0,0,0,0,0,0,0,0,0,0,8.16191742375933e-08,0,0,7.39378893291985e-05,0,5.66272258038943e-06,0,0,0,0,0,0,0,0,0,0,0,0,0,0,0,0,0,0,0,0,0,0,0,0,0,0,0,0,0,0,0,0,0,0,0,0,0,0,0,1.20235661897319e-05,0,0,0,0.000213447171824973,0,6.51223975461881e-06,0,0,0,0,0,0,0,0,0,0,0,0,0,0,0,0.000101337657073368,0,0,0,0,0,0,0,0,0,0,0,0,0,0,0,0,0,0,0.00050073520645392,0,0,0.000103434009102193,0,0,3.85104170678168e-05,0,1.67156993848623e-05,0,0,0,0,0,0,0,0,0,0,0,0,0,0,0,0,0,0,0,6.8260783497273e-06,0,0,0,0,0,0,0,0,0,0,0,0,0,4.17367496254127e-06,0,0,0,0,0,0,0,0,0,0,0,0,0,0,0,0,0,0,0,0,0,0,0,0,0,0,0,0,0,0,0,0,0,0,0,0,0,0,0,0,0,0,0,0,0,0,0,0,0,0,0,0,0,0,0,0,0,0.00099359966966037,0,0,0,0,0,0,0,0,0,0,0,0,0,0,0,0,0,0,0,0,0,0,0,0,0,0,0,0,0,0,0,0,0,0,0,2.27128191151086e-05,0,0,0,0,0,0,0,0,0.000380296631372471,0,0,0,0,0,0,0,0,0,0,0,0,0,0,0,0,0,0,0,0,0,0,0,0,4.77370262696856e-06,0,0,0,0,2.3191094619666e-05,0,0,0,0,0,0,0,0,0,0,0,0,0.000288641939673835,0,0,0.000113507377979569,0,0,0,0,0,0,0,0,0,0,0,0,0,0,0,0,0,0,0,0,0,0,2.84867821330902e-05,0,0,0,0,0,0,0,0,0.00164038522594984,0,0,0.00177872643187478,0,0,0,0,0,0,0,0,0,0,0.000274289893941241,0,0,1.38513747489438e-05,0,0,0,0,0,0,0,0,0,0,0.000898311174991017,0,0,0,0,0,0,0,3.19959045242209e-05,0,0,0,0,0,0,3.96852168598675e-06,0,0,0,0,0,0,0,0,0,0,0,0,0,0,0,0.000240384615384615,0,0,0,0,0,0,0,0,1.43747005270724e-07,0,0,0
0,0,0,0,0,0,0,0,0,0,0,0,0,0,0,0,0,0,0,0,0,0,0,0,0,0,0,0,0,0,0,0,0,0,0,0,0,0.000360230547550432,0,0,0,0,0,0,0,0,0,0,0,0,0,0,0,0,0,0,0,0,0,0,0,0,0,0,0,0,0,0,0,0,0,0,0,0,0,0,0,0,0,0,0,0,0,0,0,0,0,0,0,0,0,0,0,0,0,0,0,0,0,0,0,0,0,0,0,0,0,0,0,0,0,0,0,0,0,0,0,0,0,0,0,0,0,0,0,0,0,0,0,0,0,0,0,0,0,8.10482236930974e-05,0,0,0,0,0,0.00147167034584253,0,0,0,0,0,0,0,0,0,0,0,0,0,0,0,0,0,0,0,0,0,0,0,0,0,0,0,0,0,0,0,0,0,0,0,0,0,0,0,0,0,0,0,0,0,0,0,0,0,3.55301092297072e-05,0,0,0,0,0,0,0,0,0,0,0,0,0,2.68716074595582e-05,0,0,0,0,0,0,0,0,0,0,0,0,0,0,0,0,0,0,0,0,0,0,0,0.953926701570681,0,0,0,0,0.000380142027531989,0,0,0,0,0,0,0,0,0,0,0,0,0,0,0,0,0,0,0,0,0,0,0,0,0,0,0,0,0,0,0,0,0,0,0,0,0,0,0,0,0,0,0,0,0,0,0,0,0,0,0,0,0,0,0,0,0,0,0,0,0,0,0,0,0,0,0,0,0,0,0,0,0,0,0,0,0,0,0,0,0,0,0,0,2.17074658487294e-06,0,0,0,0,0,0,0,0,0,0,0,0,0,0,0,0,0,0,0,0,0,0,0,0,0,0,0,0,0,0,0,0,0,0,0,0,0,0,0,0,0,0,0,0,0,0,0,0,0,0,0,0,0,0,0,0,0,0,0,0,0,0,0,0,0,0,0,0,0,0,0,0,0,0,0,0,0,0,0,0,0,0,0,0,0,0,0,0,0,0,0,0,0,0.000175870559268378,0,0,0,0,0,0,0,0,0,0,0,0,0,0,0,0,0,0,0,0,0,0,0,0,0,0,0,0,0,0,0,0,0,0,0,0,0,0,0,0,0,0,0,0,0,0,0,0,0,0,0,0,0,0,0,0,0,0,0.00186915887850467,0,0,0,0,0,0,0,0,0,0,0,0,0,0,0,0,0,0,0,0,0,0,0,0,0,0,0,0,0.00151656556229585,0,0,0,0,0,0,0,0,0,0,0,0,0,0,0,0,0,0,0,0,0,0,0,0,0,0,0,0,0,0,0,0,0,0,0,0,0,0,0,0,0,0,0,0,0.000158503724837534,0,0,0,0,0,0,0,0,0,0,0,0,0,0.000356294536817102,0,0,0,0,0,0,0,0,0,0,0,0,0,0,0,0,0,0,0,0,0,0,0,0,0,0,0,0,0,0,0,0,0,0,0,0,0,0,0,0,0,0,0,0,0,0,0,0,0,0,0,0,0,0,0,0,0,0,0,0,0,0,0,0,0,0,0,0,0,0,0,0,0,9.46267762234454e-05,0,0,0,0,0,0,0,0,0,0,0,0,0,0
0,0,0,2.16589921637766e-05,0,0.0003595431036867,2.14771096964855e-05,2.91776994842842e-05,0,0,0,0,0,0,0,0,1.96672304606065e-05,0,0,1.68544533679411e-05,8.45823324423994e-06,0.00012531328320802,0.000172360019041678,0,0,0,0,0,1.1132882080513e-05,0.000100677897845493,0.000290107339715695,0,1.48991328704669e-05,0,0,0,0,0,0,0,0,3.87017872485351e-05,0,0,0,0,0,0,0,0,0,0,7.34106592277199e-05,0,0,0,0,0,0,0,2.84587319927373e-05,0,0.000168296771938455,0,5.34616412723871e-05,0,0,0,0,0,0,0,0,7.42313345309322e-06,0.000143227301727842,0,0,4.30904468479338e-05,0,0,0,0,0,0,4.23599579789217e-06,0,1.58105266486427e-05,0,0,0,0,6.89859071646792e-05,0,6.15246421573001e-06,9.67202174270488e-06,8.04715633612972e-05,0,0,2.22275850681434e-05,0,0,0,0,0,0,2.86847332678365e-05,0,0.00607991795773358,0,0,0,0,0,0,4.4324767572e-05,0,0,1.73949345950459e-05,2.28672978040861e-05,0,0,0.000110180696342001,0,0,0.0126139578748821,2.35185813591724e-05,0,0,0,0.000176213394420643,1.12384805574286e-05,0,0,0,0,0,0,0,4.07697325505545e-05,0,0,0,0,0,0,0,0,0,0,0,0.000200937709310114,0,0,0,0,0,0,0,0,0,0,0,2.67476228050232e-05,0,0,0,0,0,0,0,0,6.31911532385466e-05,0,4.24344652726945e-05,0,0,0,0,0,0,0,0,0,0,0,0.000305374592833876,0,0,7.62117670968397e-05,0.000164609053497942,0,0,7.30657664964234e-06,1.38091029606717e-05,0,0,0,0,0,0,0,0,0,0,8.41396718552798e-06,0,8.34741960391494e-05,0,8.51411640499949e-06,0,0,5.99156045912472e-05,0,0,0,0,0,0,0,0,0,0,0,0.00132865141880991,0,0,0.00363349604208467,0,2.51768674941464e-05,0,0.974621920552532,4.15213419697725e-05,0,0.000137741046831956,0,0,0,0,0,0,0,0,0,0,0,0,0,0,0,0,0,0,0,0,0,0,0,0,0,0,0,0,0,0,7.45156482861401e-05,0,0,0,4.86450278456056e-05,0,0,4.26564746129991e-06,0,0,0,0,0.00822127546265477,0,4.56938148852171e-05,3.10314224183408e-05,0,0,0,0,3.80249824134456e-05,8.21031544031922e-06,0,0,0,0,0,0,0,0,0,1.12731945978851e-05,0,0,0,0.00012721027859051,0,0,0,0,0,0,0,0,0,0,0,0,0,0,0,0,0,0,0,2.17074658487294e-06,0,0.00014682131845544,0,0,0,0,0,2.14617605082145e-05,0,0,0,0,9.68879587644847e-06,3.62884203650615e-05,0.000460314328927468,0,0,0,0.000686756358701948,0,0,2.64339367227205e-05,8.02536013803619e-06,8.84642604387827e-05,4.09123453001943e-05,0,0,2.58431321876211e-05,0,0,0,0,0,0,0,0,0,0,0,0,0,0,0,0,0,0,0,0,0,0,0,0,0,0,0,3.42125970782442e-05,0.00339720634619489,0,0,0,0,0,1.36521566994546e-05,0,0,0,0,0,0,0,0,0,0,0,0,0,2.50420497752476e-05,0,0,0,0,0,8.00403403315271e-06,0,0,0,0,0,1.46130465279401e-05,4.98554192840762e-05,0,1.43038324735141e-05,0,0,0,0,0,0,0,0,0,0,0,0,1.18815645644218e-05,0,1.06216873612542e-05,0,0,0,0,0,5.74914194056537e-06,0,0,0,0,0,0.000222074172773706,0,0,0,0,0,0,0,0,6.52656311186529e-05,0,0,0.000907715582450832,0,0,0,0,0,0,0,0.000186706497386109,0,0,0,0,0,1.26778062324095e-05,0.000252793366702058,0,0,0,0,0,0,0,0,1.31675971768672e-05,0,0,0,6.97034119820165e-05,0.00491254588641762,0,0,0,0,0,0,0,0,0,0,2.27128191151086e-05,0,0,0,0,6.53039900737935e-05,0.000341421777831972,0,0,0,3.12052399838981e-06,0,0,0,0,0,0.000151469251741896,7.80683563205885e-05,0,0,0,0,2.73374922771584e-06,4.23863515947865e-05,0,3.17930905665926e-05,4.48589410598373e-06,0,0,0,0,0,0,0,0.000136050524868604,0,0,0,0,0,0,0,0,0,2.15737512168944e-05,0,0,0,2.25580870742161e-05,0,0,0,0,0,1.49653178758228e-05,0,0,8.53028821000432e-05,0,0,0,0,0,0,0.000124409056979348,0,0.00080330773774365,5.14731618933888e-06,0,9.23124499493435e-06,0,1.67302415846885e-05,0,0,0,0,0,0,0,0,0.000127534753220253,0,0,0,0,0,0,0,4.71827198007002e-06,0,0,0,0,7.35967311275902e-06,0,0,0,0,0,0,0,0,0,0,0.000138513747489438,1.64249462083012e-05,8.70080961033424e-05,0,0,0,0,0.00104887770086008,0,0,0,0,0,0,0,0,0,0,0.000439029744265174,0,0.000492368291482029,0,0,0,0,0,0,0,0,9.59913991706343e-05,0,0,0,0,0.00027986118885033,0,6.45994832041344e-05,0,0,0,0,0,0,4.32370108813144e-05,7.65081672468536e-06,0,0,0,6.5826284435375e-05,0,0,4.12074748442741e-06,1.82260024301337e-07,0,0
0,0,0,0.000112626759251639,0,0,2.86361462619806e-06,7.29442487107104e-06,0,0,0,0,0,0,0,0,0,0,0,0,0,0,8.20761995436563e-06,0,0,0,0,0.00538523746507866,0,0,0,0,2.97982657409339e-05,0,0,0,0,0,0,0,0,3.09614297988281e-05,0,0,0,0,0,0,0,0,0,0,0,0,0,0,0,0,0,0,5.69174639854747e-06,0,0,0,0,0,0,0,0,0,0,0,0,2.96925338123729e-05,0,0,0,0,0,0,0,0,0,0,0,0,0,0,0,0,0,0,0,0,0,0,0,2.04294265459969e-05,0,0,0,0,0,0,0,0,0,0,0,0,0,0,0,0,0,0,0,0.000487058168661286,0.000258073789503257,0,0,0,0,0,0,0,0,0,0,2.20266743025804e-05,1.12384805574286e-05,0,0,0,0,0,0,0,4.07697325505545e-05,0,0,0,0,0.000171600171600172,0,0,0,0,0,0,0.00167448091091762,0,0,0,0,0,0,0,0,0,0,0,4.01214342075348e-05,0,0,0,0,0,0,0,0,0,0,0,0,0,0,0,0,0,0,0,0,0,0,0,0,0,1.27019611828066e-05,0,0,0,0,0,0,0,0,0,1.82575038340758e-05,0,0,0,0,0,0,0,0.000104342745048937,0,0,0,0,0,0,0,0,0,0,0,0,0,0,0,0,0,0,0,0,0,0,0,1.40094283452764e-05,0.975170237502076,0,0,0,0,0,0,0,0,0,0,0,0,0,0,0.0002002002002002,0,0,0,0,0,0,0,0,0,0,0,0,0.000110150355234896,0,0,0,0,0,0,0,0,8.97810916613526e-07,0,0,1.42188248709997e-06,0,0,0,0,0,0,0.00732928790758883,0,0,0,0,0,0,0,0,0,0,0,0,0.000106951871657754,0,0,0,0,0,0,0,0,0,0,0,0,2.19271798357654e-05,0,0,0,0,0,0,0,0,0,0,0,0,0,0,0,0,0,0,0,0,0,0,7.51161617787507e-05,0,0,1.79314302108736e-05,0,2.90663876293454e-05,0,0,0,0,0,0,0,0,0,0,8.84642604387827e-05,0,0,0,9.82039023129603e-05,0,0,0,0,0,0,0,2.12089077412513e-05,0,0,0,0,0,0,0,0,0,0,0,0,0,0,0,0,0,0,0,0.000102637791234733,1.77864206607062e-05,0,0.000577672940836663,0,0,0,0,0,0,0,0,0,0,0,0,0,0,0,0,0,0.00036310972174109,0,0,0,0,0,8.00403403315271e-06,0,0,0,0,0,0,0.000132947784757536,0,0,0,0,0,0,0,0,0,0,0,0,0,0,0,0,0.000169946997780067,0,0,0,0,0,0,0,0,0,0,0,0.000222074172773706,0,0,0,0,0,0,0,0,6.52656311186529e-05,0,0,0,5.53617892930299e-05,0,0,0,0,0,0,9.33532486930545e-05,0,0,0,0,0,0,0,0,0,0,0,0,0,0,0,4.60865901190351e-05,0,0,0,0,0,0,0,0,0,0,0,0,0,0,0,0,0,0,0,1.45169485374174e-05,0,0,0,0,0,6.24104799677962e-06,0,0,0,0,0,0,0.00021178117938032,0,0,0,0,0,0,0,2.38448179249445e-05,2.24294705299187e-06,4.1262636682484e-05,0,0,0,0,0,0,9.54740525393711e-06,0,1.30874635186954e-05,0,0,0,0,0,0,0,0,0,0,0,0,0,0,0,0,0,0,0,0,0,0,0,0,0,0,0,0,0,0,0,0,0,0,1.67302415846885e-05,0,0.000161995788109509,2.83865107301011e-05,0,0,0,0,0,0,0,0,0,0,0,0,0,0,0,0,0,0,2.94386924510361e-06,0,0,0,0,0,0,0,0,0,0,4.15541242468315e-05,0,1.45013493505571e-06,0,0,0,0,0,0,0,0,0,0,0,0,0,0,0,5.48787180331467e-05,0,0,0,0,0,0,0.000317662007623888,3.96852168598675e-06,0,0,0,0,0,0,0,0,0,0,0,0,0,0,0,0,1.44123369604381e-05,7.65081672468536e-06,0,4.50024751361325e-05,0,0,0,0,9.5831336847149e-08,0,9.02527075812274e-08,0
0,0,0,0,0,0,0,0,0,0.00035778175313059,0,0,0,0,0,0,0,0,0,0,0,0,0,0,0,0,0,0,0,0,0,0,0,0,0,0,0,0,0,0,0,0,0,0,0,0,0,0,0,0,0,0,0,0,0,0,0,0,0.000154942671211652,0,0,0,0,0,0,0,0,0.000262088848119513,0,0,0,0,0,0,0,0,0,0,0,0,0,0.000288001843211797,0,0,0,0,0,0,0,0,0,0,0,0,0,0,0,0,0,0.000385682165071967,0,0,0,0,0,0,0,0,0,0,0,0,0,0,0,0,0,0,0,0,0,0,0,0,0,0,0,0,0,0,0,0,0,0,0,0,0,0,0,0,0,0,0,0,0,0,0,0,0,0,0,0,0,0,0,0,0,0,0,0,0,0,0,0,0,0,0,0.000434499239626331,0,0,0,0,0,0,0,0,0,0,0,0,0,0,0,0,0,0,0,0,0,0,0,0,0,0,0,0,0,0,0,0,0,0,0,0,0,0,0,0,0,0,0,0,0,0,0,0,0,0,0,0,0,0,0,0,0,0,0,0,0,0,0,0,0.969871268145714,0,0,0,0,0,0,0,0,0,0,0,0,0,0,0,0,0,0,0,0,0,0,0,0,0,0,0,0,0,2.65380103922849e-06,0,0,0,0,0,0,0,0,0,0,0,0,0,0,0,0,0,0,0,0,0,0,0,0.00019782393669634,0,0,0,0,0,0,0,0,0,0,0,0,0,0,0,0,0,0,0,0,0,0,0,0,0,0,0,0,0,0,0,0,1.30244795092376e-05,0,0,0,0,0,0,0,0,0,0,0,0,4.84439793822424e-06,0,0,0,0,0,0,0,0,0,0,0,0,0,0,0,0,0,0,0,0,0,0,0,0,0,0,0,0,0,0,0,0,0,0,0,0,0,0,0,0,0,0,0,0,0,0,0,0,0,0,0,0,0,0,0,0,0,0,0,0,0,0,0,0,0,0,0,0,0,0,0,0,0,0,0,0,0,0,0,0.000645525699991931,0,0,0,0,0,0,0,0,4.87186982363831e-05,0,0,0,0,0,0,0,0,0,0,0,0,0,0,0,0,0,0,0,0,0,0,0,0,0,0,0,0,0,0,0,0,0,0,0,0,0,0,0,0,0,0,0,0,0,0,0,0,0,0,0,0,0,0,0,0,0,0,0,0,0,0,0,0,0,0.000384418247052793,0,0,0,0,0,0,0,0,0,0,0,0,0,0,0,0,0,0,0,0,0,0,0,0,0,0,0,0,0,0,0,0,0,0,0,0,0,0,0,0,0,0,0,0,0,0,0,0,0,0,0,0,0,0.000117308933075254,0,0,0,0,0,0,0,0,0,0,0,0,0,0,0,0,0,0,0,0,0,0,0,0,0,0,0,0,0,0,0,0,0,0,0,0,0,0,0,0,0,0,0,0,0,0,0,0,0,0,0,0,0,0,0,0,0,0,0,0,0,0,0,0,0,0,0.00593863411415374,0,0,0,0,0,0,0,0,0,0,0,0,0,0,0,0,0,0,0,0,0,0,0,0,0,0,0,0,0,0,0,0,0,0,0,0,4.79156684235745e-08,0,0,0
0,0,0,0,0,0.000138285809110269,0,3.64721243553552e-06,0,0,0,0,0,0,0,0,0,0,0,0,0,0,0,0,0,0,0,0,0,0,0,0,7.44956643523347e-06,0,0,0,0,0,0,0,0,0,0,0,0,0,0,0,0,0,0,0,0,0,0,0,0,0,0,0,0,0,0,0,0,0,0,0,0,0,0,0,0,0,0,0,0,0,0,0,0,0,0,0,0,0,0,0,0,0,0,0,0,0,0,0,0,0,9.52610788634718e-06,0,0,0,0,0,0,7.17118331695913e-06,0,0,0,0,0,0.00136190082443639,0,0,6.92574493312501e-06,0,0,0,0,0,0,0,0,0,0,0,0,0,0,0,0,0,0,0,0,0,0,0,0,0,0,0,0,0,0,0,0,0,0,0,0,0,0,0,0,0,0,0,0,0,0,0,0,0,0,0,0,0,0,0,0,0,0,3.18258489545209e-05,0,0,0,0,0,0,0,0,0,0,0,0,0,0,0,0,0,0,0,0,0,0,0,0,0,0,0,0,0,0,0,0,0,0,0,0,0,4.27968604223194e-06,0,0,0,0,0,0,0,0,0,0,0,0,0,0,0,0,0,0,0,0,0,0.967355371900826,0,0,0,0,0,0,2.75444153697838e-05,0,0,0,0,0,0,0,0,0,0.000634719136781974,0,0,0,0,0,0,0,0,0,0,0,0,0,0.0011177347242921,0,0,0,8.16191742375933e-07,0,0,0,0,0,0,0,0,0,0,6.20628448366816e-06,0,0,0,0,0,6.56825235225537e-05,0,0,0,0,0,0,0,0,0,0.000101458751380966,0,0,0,3.18025696476275e-05,0,0,0,0,0,0,0,0,0,0,0,0,0,0,0,0,0,0,0,0,0,0,0,0,0,0,0,0,0,0,0,0,0,0,0,0,0,0,0,0,0,0,0,0,2.04561726500972e-05,0,0,0,0,0,0,0,0,0,0,0,0,0,0,0,0,0,0,0,0,0,0,0,0,0.000583884780070066,0,0,0,0,0,0,0,0,0,0,0,0,0,0,0,0,0,0,0,0,0,0,0,0,0,0,0,0,0,0,0,0,0,0,0,0,0,0,0,0,0,2.38397207891901e-06,0,0,0,0,0,0,0,0,0,0,0,0,1.18815645644218e-05,0,0,0,0,0,0,0,0,0,0,0,0,0,0,0,0,0,0,0,0,0,0,0,0,0,0,0,0,0,0,0,5.36826283014816e-05,0,0.000280059746079164,0,0,0,0,0,0,0,0,0,0,0,0,0,0,0,0,0,0,0,1.74258529955041e-05,0,0,0,0,0,0,0,3.00057010832058e-05,0,0,0,0,0,0,0,0,0,0,0,0,0,0,0,0,0,0,0,0,0,0,0,0,0,0,0,0,0,0,0,0,0,0,0,0,0,0,0,0,0,0,0,0,0,0,0,0,0,0,0,0,0,0,0,0,0,0,0,0,0,0,0,0,0,0,0,0,0,0,0,0,2.30781124873359e-06,0,0,0,0,0,0,0,0,0,0,0,0,0,0,0,0,0,0,0,0,0,0,0,0,0,0,0,0,0,0,0,0,0,0,0,0,0,0,0,0,0,0,0,0,0,0,0,0,0,0,0,0,0,0,0,0,0,0,0,0,0,0,0,0,0,0,0,0,0,0,0,0,0,0,0,0,0,0,0,0,0,0,0,0,0,4.79156684235745e-08,6.07533414337789e-07,0,0
0,6.5837118967674e-05,0,0,0,0,0,0,0,0,0,0,0,0,0,0,0,0,0,0,0,0,0,0,0,0,0.000158202816010125,0,0,0,0,4.09785682088268e-05,0,0,0,0,0,0.00216138328530259,0,0,0,0,0,0,0,0,0,3.36620998417881e-05,0,0,0,0,0,0,0,0.000675493109970278,0,0,0.000154942671211652,0,0,0,0,0,0,3.92279930958732e-05,0,0,0,0.00958426686582026,0,0,0,0,0,8.97286349710946e-05,0,0,0,0,0,0,0,0,0,0,0,0,0,0,0,0,9.52108921260592e-05,0,0,0,0,0,0,8.2060035121695e-06,0,0,0.00104668201800293,0,0,0,0,0,0,0,0,0,0,0,0,0,0,0,0,0,0,0,0,0,0,0,0,0,0,0,0,0.000115861429730043,0,0,0,0.000108064298257463,0,0,0,0,0,0.0022075055187638,0,0,0,0,0,0,0,0,0,0,0,0,0,0,0,0,7.32654406916258e-05,0,0,0,0,0.000335570469798658,0,0,0,0,0,0,4.77258626449673e-05,0,0,0,0,3.04145503208735e-05,0,1.05767501877373e-05,0,0,0,0,0,0,0,0,0,0,0,0,0,0.00431437040646445,0,0,0,0,0,0,7.30300153363032e-05,0,0,0,0.000442673749446658,0,0,2.68716074595582e-05,0,0.000150647785477553,0,3.27884977949735e-05,0,0,0,0,0,0,0,0,0,0,0,0,0,0,0,0,0,0,0,0.0202443280977312,0,0,0,0,0.987147964218121,0,0,0,0,0.000992063492063492,0,0,0,0,0,0.000472813238770686,0,0,0,8.19014234467395e-06,0,0,0,0,0,0,0,4.18616722900846e-06,0,0,0,0,2.12304083138279e-05,0,0,0.000190949016612564,0,0,2.4485752271278e-07,0,0,0,1.91596574253252e-05,0,3.74728321966574e-05,0,0,0,0,0,0.000880415313154619,0,0,0,0,0,0,0,0.000302114803625378,0,0,0,0,0,0,0,0,0,0,0,0,0,0,0,0,0,0,0,0,0,0,0,6.99826792868765e-05,0,0,0,0,0,0,2.82197056033482e-05,0,0,0,0,0,0,0,0,0,0,0,4.59833540258426e-05,0,0,0,0,6.6554854511088e-06,0,0,3.89574973703689e-05,0,0,0,0,0,0,0,0,0,0,0,0,0,0,0,0,0,0,0,0,0,0,5.01470981545868e-05,0.000250417362270451,0.00100190361687206,0,0,0,0,0,0,0,0,0,0,0,0,0,0,0,0,0,0,0,0,0,0,0,0,0,0,0,0,0,6.1012440436605e-06,0.000518268981601451,0,0,0,0.000169124611013395,0,0,0,0,3.09386795371574e-05,0,0,6.10910868104344e-05,0,0,0,0,0,0.00369328174463595,0,3.63279689032586e-05,0,0,0,0,0,0,2.18585923940842e-05,0,0,0,0,0,0,0,0,0,0,0,0,0,0,0,0,0,0,0,0,0,0,0,0,0,0,0,0,0,0,0,0,0,0,0.000112568244498227,0,0,0,0,0,0,0,0,0,0,0.000873743993010048,0,0.000320615581917281,0.000247328848436882,0.00872274143302181,0,0,0,0,0,0,0,0,0,0,0,4.28384775205089e-05,0,0,0,0.00208889404665197,0,0,0,0,0,0,0,0,0,0.000300120048019208,0,0,0.00589127391507233,0,0,0,0,0,0,0,0,0,0,0,0,0,0,0,0,0,0,0,0.0349950478705843,0,0,0,4.47147200858523e-05,0,0,1.44684298859888e-05,2.3191094619666e-05,0.000155400155400155,0,0,0,0,0,0.00183946488294314,0,0,0,0,0,0,0,0,0,0.000158503724837534,0,0,0.000172711571675302,0,0.000243961941937058,0,0,0,0,0,0,0,2.30781124873359e-06,0.00154394299287411,0,0,0,0,0,0,0,0,0,0,0,0,0,0,0,0,0,0,0,0,0,0,0,0,0,0,0,0,0,0,0,0,0,0,8.21247310415058e-06,0,0,2.19741583897337e-05,0,0,0,0,0,0,0,0,0,0,0,0,0,0,0,0,0,0,0,2.25275963054742e-05,0,0,0,0,0,0,0,0,0,0,0.000114272654553765,0,6.23208276205908e-05,0,0,0.0010408945384579,0,0,0,0,0,0,0,0,0,0,0,6.07533414337789e-08,0,3.81679389312977e-07
0,0.000263348475870696,0,0,0,0,0,0,0,0,0,0,0,0.000245218244237371,0,0,0,0,0,0,0,0,0,0,0,0,0,0,0,0,0,0,0,0.00155763239875389,0,0,0,0,0,0,0,0,0,0,0,0,0,0,0,0,0,0,0,0,0,0,0,0.000189861401177141,0,0,0,0,0,0,0,0,0,0,0,0,0,0,0,0,0,0,0,0,0,0,0,0,0,0,0,0,0,0,0,0,0,0,0,0,0,0,0,0,0,0,0,0,0,0,0,0,0,0,0,0,0,0,0,0,0,0,0,0,0,0,0,0,0,0,0,0,0,0,0,0,0,0,0,0,0,0,0,0,0,0,0,0,0,0,0,0,0,0,0,0,0,0,0,0,0,0,0,0,0,0,0,0,0,0,0,0,0,0,0,0,0,0,0,0,0,0,0,0,0,0,0,0,0,0,0,0,0,0,0,0,0,5.07572988995818e-06,0,0,0,0,0,0,0,0,0,0,0,0,0,0,0,0,0,0,0,0,0,0,0,0,0,0,0,0,0,0,0,0,0,0,0,0,0,0,0,0,0,0,0,0.98228176318064,0,0.00035633685710892,0,0,0,0,0,0,0,0,0,0,0,0,0,0,0,0,0,0,0,0,0,0,0,0,2.65380103922849e-06,0,0,0,0,0,0,0,0,0,0,0,0,0,0,0,0,0,0,0,0,0,0,0,0,0,0,0,0,0,0,0,0,0,0,0,0,0,0,0,0,0,0,0,0,0,0,0,0,0,0,0,0,0,0,0,0,4.34149316974587e-06,0,0,0,0,0,0,0,0,0,0,0,0,0,0,0,0,0,0,0,0,0,0,0,0,0,0,0,0,0,0,0,0,0,0,0,0,0,0,0,0,0,0,3.34313987697245e-05,0,0,0,0.000344411916652316,0,0,0,0,0,0,0,0,0,0,0,0,0,0,0,0,0,0,0,0,0,0,0,0,0,0,0,0,0,0,0,0,0,0.000239865675221876,0,0,0,0,0,0,0.000610910868104344,0,0,0,0,0,0,0,0,0,0,0.000270416441319632,0,0,0,0,0,0,0,0,0,0,0,0,0,0,0,0,0,0,0,0,0,0,0,0,0,0,0,0,0,0,0,0,0,0,0,0,0,0,0,0,0,0,0,0,0,0,0,0,0,0,0,0,0,0.000207684319833853,0,0,0,0,0,0,0,0,0,0,0,0,0,0,0.000128139415684264,0.000116049669258443,0,0,0,0,0,0,0,0,0,0,0,0,0,0,0,0,0,0,0,0,0,0.000472813238770686,0,0,0,0,0,0,0,0,0,0,0,0,0,0,0,0,0,1.44684298859888e-05,0,0,0,0,0,0,0,0,0,0,0,0,0,0,0,0,0,0,0,0,0,0,0,0,0,0,0,0,0,0,0,0,0,0,0,0,0,0.00208116545265349,0,0,0,0,0.000193031560660168,0,0,0,0,0,0,0,0,0,0,0,0,0,0,0,0,0,0,0,0,0.000184009568497562,0,0,0,0,0,0,0,0,0,0,0,0,0,0.00390407138873397,0,0,0,0,0,0,0,0,0,0,0,0,0,0,0,0,0,0,0,0,0,0,0,0,0,0,0,0,0,0,0,0,0,0,0,0,0,0,0,0,0,0
0,0,0,0,0,5.53143236441076e-05,0,7.29442487107104e-06,0,0,0,0,0,0,0,0,0,0,0,0,0,0,0,0,0,0,0,0,0,0,0,0,0,0,0,0,0,0,0,0,0,0,0,0,0,0,0,0,0,0,0,0,0,0,0,0,0,0,0,0,0,0,0,0,0,0,0,0,0,0,0,0,0,2.47437781769774e-06,0,0,0,0,0,0,0,0,0,0,0,0,0,0,0,0,0,0,0,0,0,0,0,0,0,0,0.000205023065094823,5.71521881123449e-05,0,0,0,0,0,0,0,0,0,0,0,0,0,0.000369245917781242,0,0,3.26675682915515e-06,0,0,0,0,0,0,0,0,0,0,0,0,0,0,0,0,0,0,0,0,0,0,0,0,0,0,0,0,0,3.50274965848191e-05,0,0,0,0,0,0,0,0,0,0,0,0,0,0,0,0,0,0,0,0,0,0,0,0,0,0,0,0,0,0,0,0,0,0,0,0,0,0,0.000118915490724592,1.27019611828066e-05,0,0,0,0,3.45227574016792e-06,0,0,0,0,0,0,0,0,0,0,0,0,0,0,0,1.63942488974868e-05,0,0,0,4.39341573428622e-05,0.000174703004891684,0,0,0,0,0,0,0,0,0,0.00170881749829118,0,0,0,0,0,0,0,0,0,0,0,0.990835419406848,0,0,0,0,0,0,0,0,0,0,0,0,0,0,0,0,0,0,0,0,0,0,0,0,0,0,0,0,0,0,0,3.26476696950373e-07,0,2.20157632865131e-05,0,0,0,0,0,0,0,0,0,0,0,0,0,1.90124912067228e-05,0,0,0,0,0,0,0,6.08124543906592e-05,0,0,0,0,0,0,0,0,0.00170052534086423,0,0,0,0,0,0,0,0,0,0,0,0,0,0,0,0,0,0,0,0,0,0,0,0,0,0,0,0,0,0,0,0,0,0,0,0,0,0,0,0,0,0,0,0,0,0,0,0,0,0,0,0,0,2.12089077412513e-05,0.00964420695946827,0,0,0,0,0,0,0,0,0,0,0,2.37665177298222e-05,0,0,0,0,0,0,0,0,0,0,0,0,0,6.8260783497273e-06,0,0,0,0.000247561519037481,0,0,0,0.000264959620153889,0,0,0,0.000506403255623822,0,0,0,0,0,0,0,0,0.000102792530409457,0,0,0,0,0,0,0,0,0,0,0.000300480769230769,0,0,0,0,0,0,0,0,0,0,0,0,0,0,0,0,0,2.29965677622615e-05,0,0,0,0,0,0,0,0,0,0,0,0,0,0,0,0,0,0,0,0,0,0,0,0,0,0,0,0,0,0.000905523694536674,0,0,0,0,0,0,0,0,0,0,0,0,0,5.85720142915715e-05,0,0,0,0,0,0,0.00227312467214548,0,0,0,0,0,0,0,0,0,0,0,0,0,0,0,0,0,0,0,0,6.6010957818998e-05,0,0,0,0,0,0,0,0,0,0,3.97413632082408e-06,0,0,0,0,0,0,0,0,0,8.94294401717045e-05,0,0,0,0,0,0,0,0,0,0,0,0,0,0,0,0,0,0,0,0,0,0,0,0,0,0,0,0,0,0,0,0,0,2.30781124873359e-06,0,0,0,0,0,0,0,0,0,1.8067500180675e-05,0,0,0,0,0,0,0,0,0,0,0,0,0,2.94386924510361e-05,0,0,0,0,0,0,0,0,0,0,0,3.28498924166023e-05,0,0,0,0,0,0,0,0,0,0,0,0,0,0,0,0,0,0,0,0,0,0,0,0,0,0,0,0,0,0.000118804823475833,0,0,0,0,0,0,0,0,0,0,0,0,0,0,0,0,0,0,0,0,0,2.70758122743682e-07,0
0,0,0,0,0,0,0,0,0,0,0,0,0,0.000245218244237371,0,0,0,0,0,0,0,0,0,0,0,0,0,0,0,0,0,0,0,0.00545171339563863,0,0,0,0,0,0,0,0,0,0,0,0,0,0,0,0,0,0.000648088139987038,0,0,0,0,0,0,0,0,0,0,0,0,0,0,0,0,0,0,0,0,0,0,0,0,0,0,0,0,0,0,0,0,0,0,0,0,0,0,0,0,0,0,0,0,0,0,0,0,0,0,0,0,0,0,0,0,0,0,0,0,0,0,0,0,0,0,0,0,0,0,0,0,0,0,0,0,0,0,0,0,0,0,0,0,0,0,0,0,0,0,0,0,0,0,0,0,0,0,0,0,0.003,0,0,0,0,0,0,0,0,0,0,0,0,0,0,0,0,0,0,0,0,0,0,0,0,3.17302505632119e-05,0,0,0,0,0,0,0,0,0,0,0,0,0,0,0,0,0,0,0,0,0,0,0,0,0,0,0,0,0,0,0,0,0,0,0,0,0,0,0,0,0,0,0,0,0,0,0,0,0,0,0,0,0,0,0,0,0,0.00216076058772688,0,0.978738567525834,0,0,0,0,0,0,0,0,0,0,0,0,0,0,0,0,0,0,0,0,0,0,0,0,0,0,0,0,0,0,0,0,0,0,0,0,0,0,0,0,0,0,0,0,0,0,0,0,0,0,0,0,0,0,0,0,0,0,0,0,0,0,0,0,0,0,0,0,0,0.000166444740346205,0,0,0,0,0,0,0,0,0,0,0,4.34149316974587e-06,0,0,0,0,0,0,0,0,0,0,0,0,0,0,0,0,0,0,0,0,0,0,0,0,0,0,0,0,0,0,0,0,0,0,0,0,0,0,0,0,0,0,0,0,0,0.000543478260869565,0,0,0,0,0,0,0,0,0,0,0,0,0,0,0,0,0,0,0,0,0,0,0,0,0,0,0,0,0,0,0,0,0,0,0.000719597025665627,0,0,0,0.000123754718148629,0,0,0.000672001954914778,0,0,0,0,0,0,0,0,0,0,0,0,0.00115807759119861,0,4.37171847881684e-06,0,0,0,0,0,0,0,0,0,0,0,0,0,0,0,0,0,0,0,0,0,9.48586605957124e-05,0,0,0,0,0,0,0,0,0,0,0,0,0,0,0,0,0,0,0,0,0,0,0,0,0,0.000320615581917281,0,0,0,0,0,0,0,0,0,0,0,0,0,0,0,0,0,0,0,0,0,0,0,0,0,0,0,0,0,0,0,0,0,0,0,0,0,0,0,0.000945626477541371,0,0,0,0,0,0,0,0,0,0,0,0,0,0,0,0,0,0.00127322182996701,0,0,0,0,0,0,0,0,0,0,0,0,0,0,0,0,0,0,0,0,0,0,0,0,0,0,0,0,0,0,0,0,0,0,0,0,0,0.00104058272632674,0,0,0,0,0.000289547340990252,0,0,0,0,0,0,0,0,0,0,0,0,0,0,0,0,0,0,0,0,0.000184009568497562,0,0,0,0,0,0,0,0.00015008254539997,0,0,0,0,0,0,0,0,0,0,0,0,0,0,0,0,0,0,0.000952986022871665,0,0,0,0,0,0,0,0.000388048117966628,0,0,6.45994832041344e-05,0,0,0,0,0,0,0,0,0,0,0,0,0,0,0,0,0,0
0,0,0.00287221962460757,0,0,0,2.86361462619806e-06,1.82360621776776e-05,0,0,0.000133904659882164,0,0,0,0,0,0,0,0,0,2.11455831105999e-06,0,0,0.000469043151969981,0,0,0,0,0,0,0,8.19571364176536e-05,2.23486993057004e-05,0,0,0,0,0,0,0,0,7.74035744970703e-06,0,0,0.000201511335012594,0,0,0,5.51024906325766e-05,0,0.000880863245981061,0,0,0,0,0,0,0,0,0.000466666666666667,0,0,0,0,0,0,0,0,0,0,0,0,0,4.94875563539548e-06,0,0,0,0,0,0,0,0,0.000127877237851662,0,0,0,0,0.0086094442995043,0.000531477991979514,0,0,0,0,0,0,0,0,0,0,0,0,0,0,0,0,0,0,0,0,0,0,0,0,0,0,0,0,0,0,0,0,0,0,0,0,0,0.000384172109104879,0,0,0,1.12384805574286e-05,0,0,0,0,0,0,0,0,0,0,0,0,0,0,0,0,0,0,0,0,0,0,0,0,0,1.52615835419083e-05,0,0,0.000301952626987855,0,0,0,0,0,0,0,0,0,0,0,0,0,0,0,0,0,0,0,0,0,0,0,0,0,0,0.000788643533123028,0,0,0.000493827160493827,0,0,0,0,0,0,0,0,0,0,0,0,0,0,4.20698359276399e-06,5.37432149191165e-05,0,0,8.51411640499949e-06,6.5576995589947e-05,0,0,0,0,0,0,0,0,0,0,0,0,0,0,0,0,0,0,0,0,0,0,0,0,0,0,0,0,0.985043945210077,0,0,0,0,0,0,0,0,0,0,0,0,0,0,0,0,0,0,2.09308361450423e-05,0,0,0,0,5.83836228630267e-05,0,0,0,0,0,2.20371770441502e-06,0,0,1.42188248709997e-06,0.000191596574253252,0,0,0,0,0,9.13876297704343e-06,0,0,0,0,0,0,0,0,0,0,4.93559054340852e-05,8.02729279550472e-05,0,0,0,0,0,0,0,0,0,0,0,0,0,0,0,0,0,0,0,0,0,0,0,0,0,7.14183688044565e-05,0,0,0,7.59186152444579e-05,0,0,0,0,0,0,0,0,0,1.79314302108736e-05,0,9.68879587644847e-06,0,0,0,1.33109709022176e-05,0,0,0,0,1.39125982751161e-06,0,0,0,0,0,0,0,0,0,0,0,0,0,4.24178154825026e-05,0,0,0,0,0,0,0,0,0,0,0,0,0,0,0,0,0,0,0,0,0,0,0,0,0,0,2.04782350491819e-05,0,6.23596906959342e-05,0,0,0,0,6.78733031674208e-05,0,0.000450337753314986,0,4.27414356848247e-05,0,0,8.34734992508254e-06,0,0,0,0,0,0,0,0,0,0.00104807031759173,0,4.38391395838204e-05,0,0,1.19198603945951e-06,0,0,0,0,0,0,0,0,0,0,4.37171847881684e-05,0,0,0,3.5405624537514e-06,0,0,0,0,7.33352889410384e-05,2.29965677622615e-05,0,0.000649350649350649,0,0,0,0,0,0.000747384155455904,0,0,0.000110599078341014,0,0,0,0,0,0,0,2.7680894646515e-05,0,0.00320512820512821,0,0,0,5.62841222491135e-05,0,0,0.000170852554245686,0.0013420245398773,0,0,0,0,0,0,0,0,0,2.47328848436882e-05,0,0,6.58379858843358e-06,0.000515929317683477,0,0,0,0,0,0,0.0052924291352709,0,4.28384775205089e-05,0,0,0,0,0,0,0,0,0,0,0,0,0.000121339142904418,0,0,0,0,0,0,0,0.00040281973816717,0,1.66102885788486e-06,0,0.000376222723852521,0,5.47675119119338e-05,0,0,0,3.97413632082408e-06,2.24294705299187e-06,0,0,0,0.000418410041841004,0,0,0,0,0.000268288320515114,0,0,0,0,0.00108780108780109,0,0,0,0,0,0,0,0,0,0,0,0,0,0,0,0,0,0.000914076782449726,0,0,0,0,0,0,0,0,0,0,0,0,0,0.000377500943752359,0,2.83865107301011e-05,0,0,0,0,0,0,0,0,0,2.83350334353395e-05,2.44176393026322e-05,0.00053584824777623,0,0,0,0,0.0001844507977497,0,1.4719346225518e-06,0,0,0,0,0,0,8.03535556448373e-05,0,0,0,0,8.21247310415058e-06,1.45013493505571e-06,0.00766204183060675,4.39483167794673e-05,0,0,0,0,0,0,0,0,0,0,0,0,0,5.48787180331467e-05,0,0,0,0,0,2.25275963054742e-05,0,7.93704337197351e-06,0.000340483486550902,0,0,0,0,0,0,0,0,0,0,0,0,0,0,0,0,0,0.000805282654211628,0.000405022276225192,0.000112998606350522,0,0,6.5641205172527e-05,0,0,1.44404332129964e-06,7.63358778625954e-07
0,0,0,0,0,0,0,0,0,0,0,0,0,0,0,0,0,0,0,0,0,0,0,0,0,0,0,0,0,0,0,0,0,0,0,0,0,0,0,0,0,0,0,0,0,0,0,0,0,0,0,0,0,0,0,0,0,0,0,0,0,0,0,0,0,0,0,0,0,0,0,0.000284656988329063,0,0,0,0,0,0,0,0,0,0,0,0,0,0,0,0,0,0,0,0,0,0,0,0,0,0,0,0,0,0,0.000209336403600586,0,0,0,0,0,0,0,0,0,0,0,0,0,0,0,0,0,0,0,0,0,0,0,0,0,0,0,0,0,0,0,0,0,0,0,0,0,0,0.00183958793230316,0,0,0,0,0,0,0,0,0,0,0,0,0,0,0,0,0,0,0,0,0,0,0,0,0,0,0,3.98612827360784e-05,0,0,0,0,0.000108260257659413,0,0,1.05767501877373e-05,0,0,0,0,0,0,0,0,0,0,0,0,0,1.01514597799164e-05,0,0,0,0,0,0,0,0,0,0,0.00265604249667995,0,0,0,0,0,0,0,0,0,0,0,0,0,0,0,0,0,0,0,0,0,0,0,0,0,0,0.000349040139616056,0,0,0,0,1.61762564907229e-05,0,0,0,0,0.971230158730159,0,0,0,0,0,0,0,0,0,0,0,0,0,0,0,0,0,0,0,0,0,0,0,0,0,0.000381898033225129,0,0,0,0,0,0,0,0,0,0,0,0,0,0,0,0,0,0,0,0,0,0,0,0,0,0,0,0,0,0,0,0,0,0,0,0,0,0,0,0,0,0,0,0,0,0,0,0,0,0,0,0,0,2.17074658487294e-06,0,0,0,0,0,0,0,0,0,0,0,0,0,0,0,0,0,0,0,0,0,0,0,0,0,0,0,0,0,0,0,0,0,0,0,0,0,0,0,0,0,0,0,0,0,0,0,0,0,0,0,0,0,0,0,0,0,0,0,0,0,0,0,0,0,0,0,0,0,0,0,0,0,0,0,0,0,0,0.000369458128078818,0,0,0,0,0,0,0,0,0,0,0,0,0,0,0,0,0,0.000207986688851913,0,0,0,0,0,0,0,0,0,0,0,0,0,0,0,0,0,0,0,0,0,0,0,0,0,0,0,0,0,0,0,0,0,0,0,0,0,0,0,0,0,0,0.000342817963661296,0,0,0,0,0,0,0,0,0.0017474879860201,0,0,0,0,0,0,0,0,0,0,0,0,0,0,0,0,0,0,0,0,0,0,0,0,0,0,0,0,0,0,0,0,0.000233317778814746,0,0,0,0,0,0,0,0,0,0,0,0,0,0,0,0,0,0,0,0,0,0,0,0,0,0,0,0,0,0,0,0,0,0,0,0,0,0,0,0,0,0,0,0,0.000158503724837534,0,0,0,0,0,0,0,0,0,0,0,0.000487685930260912,0,0,0,0,0,0,0,0,0,0,0,0,0,8.7123192193762e-05,0,0,0,0,0,0,0,0,0,0,0,0,0,0,0,0,0,0,0,0,0,0,0,0,0,0,0,0,0,0,0,0,0,0,0,0,0,0,0,0,0,0,0,0,0,0,0,0,0,0,0,0,0,0,0,0,0,0,0,0,0,1.57711293705742e-05,0,0,0,0,0,0,0,0,0,0,0,0,0,0
0,0,0,0,0,0,1.43180731309903e-06,0,0,0,0,0,0,0,0,0,0,0,0,0,0,0,0,0,0,0,0,0,0,0,0,0,4.46973986114008e-05,0,0,0,0,0,0,0,0,0,0,0,0,0,0,0,0,0,0,0,0,0,0,0,0,0,0,0,0,0,0,0,0,0,0,0,0,0,0.000167954316425932,0,0,0,1.30206637934402e-05,0,0,0.000172361787391735,0,0,0,0,0,0,0,1.78094390026714e-05,0,0,0,0,0,9.85512959495417e-06,0,0,0.000145080326140573,0,0,0,0,0,0,0,0,0,0,0,0,0,0,0,0,0,0,0,0,0,0,1.73949345950459e-05,3.26675682915515e-06,0,0,0,0,0,0,0,0,0,0,0,0,0,0,0,0,0,0,0,0,0,0,0,3.63993739307684e-05,0,0,0,0,0,0,0,0,0,0,0,0,0,0,0,0,0,0,0,4.01214342075348e-05,0,3.82160736805901e-05,0,0,0,0,0,0,0,0,0,0,0,0,0,0,0,0,0,0,0,0,0,0,0,1.27019611828066e-05,0,0,0,0,0,0,0,0,0,0,0,0,0,0,0,4.20698359276399e-06,0,0,0,0,0,0,0,0,0,0,0,0,0,0,0,0,7.71604938271605e-05,0,0,0,0,0,0,0,0,0,1.38404473232575e-05,0,0,0,0,0,0,0,0,0.992976174080705,0,0,0,0,0,0,0,0,0,0,0,0,0,0,0,0,0,0,0,2.91027618520998e-05,0,0,0,0,0,0,0,4.08095871187966e-07,0,0,1.42188248709997e-06,0,0,0,0,0,0,9.13876297704343e-06,0,0,0,0,0,0,0,0,0,0,0,0,7.1301247771836e-05,0,0,0,0,0,0,0,3.18025696476275e-05,0,0,0,0,0.000657815395072963,0,0,0,0,0,0,0,0,0,0,0,0,0,0.000611246943765281,2.17074658487294e-06,0,0,0,0,0,5.62682871933378e-05,0,6.43852815246435e-05,0,0,0,0,0,0,0,0,0,0,0,0,0,0,0,0.000176928520877565,0,0.000105346326046879,0,0,0,0,0,0,0,0,0,0,0,0,0,2.33399463181235e-05,0,0,0,0,0,0,0,0,0,0,0,0,0,0,0,0,0,0,0,0,0,0,0,0,0,0,0,0,0,0,0,0,0,0,0,0,4.17367496254127e-06,0,0,0,0,0,0,0,0,0,0,0,0,0,0,1.19198603945951e-06,0,0,0,0,0,0,0,0,0,0,0,0,0,0,0,0,0,0,0,0,0,0,0,0,0,0,0,0,0,0,0,0,0,0,0,0,0,0,0,0,0,0,0,0,0,0,0,0,0,0,0,0,0,0,0,0,0,0,0,0,0,0,0.000421363109659749,0,0,0,0,0,0,0,0,0,0,0,0,0,0,0,0,0,0,0,0,0,0,0,0,0,0,0,0,0,0,0,0,8.30514428942431e-06,0,0,0,0,0,0,0,3.97413632082408e-06,0,0,9.99000999000999e-05,0,0,0,0,0,2.38685131348428e-06,0,0.000183224489261736,0,0,0,0,0,0,0.000855826201448321,2.6967189021118e-06,0,0,0,0.000112790435371081,0,0,0,0,0,0,0,0,0,0,0,0,0,0,0,0,0,0,0,0,4.61562249746718e-06,0,0,0,0,0,0,0,0,0,0,0,0,0,0,0,0,0,0,0,0,0,0,0,0,0,0,0,0,0,0,0,0,0,0,0,0,0,0,0,0,0,0,0,0,0,0,0,0,0,0,0,0,0,0,0,0,0,0,0,0,0,0,0,0,0,0,0,0,0,0,0,0,0,0,0,0,0,0,0,0,0,0,0,0,0,4.79156684235745e-07,0,0,0
0,0,0,0,0,0,0,0,0,0.000178890876565295,0,0,0,0,0,0,0,0,0,0,0,0,0,0,0,0,0,0,0,0,0,0,0,0,0,0,0,0,0,0,0,0,0,0,0,0,0,0,0,0,0,0,0,0,0,0,0,0,0,0,0,0,0,0,0,0,0,0,0,0,0,0,0,0,0,2.56367528488842e-05,0,0,0,0,0,0.00103680663556247,0,0,0,0,0,0,0,0,0,0,0,0,0,0,0,0,0,8.2060035121695e-06,0,0,0,0,0.00272479564032698,0,0,0,0.000111794298490777,0,0,0,0,0,0,0,0,0,0,0,0,0,0,0,0,0,0,0,0,0,0,0,0,0,0,0.00116169120626773,0,0,0,0,0,0.000367917586460633,0,0,0,0,8.05996614814218e-05,0,0,0,0,0,0,0,0,0,0,0,0,0,0,0,0,0,0,0,0,0.000362082699688609,0,0,0,0,0,0,0,0,0,0,0,0,0,0.000424508277911419,0,0,0,0,0,0,0,0,0.0171252105558675,0,0,0,0,0,0,0,0,0,0,0,0,0,0,0,0,0,0,0,0,0,0,0,0,0,0,0,0,0,0,0,0,0,0,0,0,0,0,0,0,0,0,0,0,0,0,0,0,0,0,0.948816029143898,0,0,0,0,0,0,0,8.19014234467395e-06,0,0,0,0,0,0,0,0,0,0,0,0,0,0,0,0,0,0,0,0,0,0,0,0,0,0,0,0,0,0,0,0,0,0,0,0,0,0,0,0,0,0,0,0,0,0,0,0,0,0,0,0,0,0,0,0,0,0,0,0,0,0,0,0,0,0,0,0,0,8.90006099797903e-05,0,0,0,0,0,0,0,0,0,0,0,0,0,0,0,0,0,0,0,0,0,0,0,0,0,0,0,0,0,0,0,0,0,0,0,0,0,0,0,0,3.85104170678168e-05,0,6.6862797539449e-05,0,0,0,0,0,0,0,0,0,0.000191828122002686,0,0,0,0,0,0,0,0,0,0,0,0,0,0,0,0,0,0,0,0,0,0,0,0,0,0,0,0,0,0,0,0,0,0,0,0,0,0,0,0.000242072137496974,0,0,0,0,0,0,0,0,0.000121796745590958,0,4.65116279069767e-05,0,0,0,0,0,0,0,0,0,9.82163903512218e-06,0,0,0,0,0,0,0,0,0,0,0,0,0,0,0,0,0,0,0,0,0,0,0,0,0,0,0,0,0,0,0,0,0,0,0,0,0,0,0,0,0,0,0,0,0,0,0,0,0,0,0,0,0,0,0,0,0,0,0,0.00187664206180408,0,0,0,0,0,0,0,5.83294447036864e-05,0,0.0036329173906176,0,0,0,0,0,0,0,0,0,0,0,0,0,0,0,0,0,0,0,0,0,0,0,0,1.44684298859888e-05,0,0,0,0,0,0,0,0,0,0,0,0,0,0,0,0,0,0.00110952607386274,0,0,0,0,0,0,0,0,0,0,0,0,0,0,0,0,0,0,0,0,0,0,0,0,0,0,0,0,0,0,0,0,0,0,0,0,0,0,0,0,0,0,0,0,0,0,0,0,0,0,0,0,0,0,0,0,0,0,0,0,0,0,0,0,0,0,0,0,0,0,0,0,0,0,0,0,0,0,0,0,0,0,0.000399954290938178,0,0,0,0,0,0,0,0,0,0,0,0,0,0,0,1.43747005270724e-07,0,0,0
0,0,0,0,0,0,0,0,0,0,0,0,0,0,0,0,0,0,0,0,0,0,0,0,0,0,0,0,0,0,0,0,0,0,0,0,0.000350354734168345,0,0,0,2.21695080586162e-05,7.74035744970703e-06,0,0.000130616509926855,0,0,0,0,0,0,0,0,0,0,0.0051794963386319,0,0,0,0,0,0,0,6.47295276686366e-06,0,0,0,0,0,0,0,0,0,0,2.47437781769774e-06,0,0,0,0,0,0,0,0,0,0,8.04839201599512e-05,0,0,0,0,0,0,0,0,6.15246421573001e-06,0,0,0,0,0,1.6412007024339e-05,0,0,0,0.000181862269641125,0,0,0.000224410921331505,0,0,0.00168323497960315,0,0,0,2.4515812699191e-05,0,0,0.000317712470214456,0,3.26675682915515e-06,0,0,0,0,0,0,0,0,0,0,0,0,0,0,0,0.000983653236348576,0,0,0,0.000122309197651663,0,0,0,0,0,0.00242088881203528,0,0,0,0,0,0,0,0,0,8.11095790412848e-05,0,0,0,0,0,0,0,0,0,0,0,0,0,0,0,0,0,0,0,0.000108260257659413,0,0,1.05767501877373e-05,0,0,0,0,0,0,0,0,0,0,0,0,0,0,0,0,0,0,0,0,5.47725115022274e-05,0,0,0,0,0,0,0,0,0,0,0,0,0,0,0,0,0,0,0,0,0,0,0,0,0,0,0,0,0,0,0,0,0,0,0,0,0,0,0,0,0,0,0,0.989873550553544,0,0,0,0,0.00111994624258036,0,0,0,0.000163880694854146,0,0,0,0,0,8.37233445801693e-06,0,0,0,0.0103831006086645,2.65380103922849e-06,0,0,0,0,0,8.16191742375933e-08,0,0,4.40783571000991e-05,0,0,0,0,0,0,0,0,0,0,0,0,0,0,0.00019782393669634,0,0,0,0,0,0,0,0,0,6.70106546940964e-05,0,0,0,0,0,0,0,0,0,0,0,0,0,0,0,0,0.0011302152218348,0,0,0,0,0,2.82197056033482e-05,0,0,0,0,0,0,0,0,0,0,0,0,0,0,0,0,0,0,0,0,0,0,0,0,0,0,0,5.16862643752423e-06,0,0,0,0,0,0,6.35854230417677e-05,0,0,0.000103434009102193,0,0,0,0,0,0,0,0,0,0,0,0,0,0,0,0,0,0,5.92880688690208e-06,0,0,0,0,0,0,0,0,0,0,0,0,0,0,0,0,0,0,0,0,0,0,0,0,0,0,0,3.09386795371574e-05,0,0,0,0,0,0,0,8.06907124989914e-05,0,0,0,0,0,0,0,0,0,0,0,0,8.01956774529853e-05,0,0,0,0,0,0,0,0,0,0,0,0,0,0,0,0,0,0,0,0,6.66300201555811e-05,0,0,0,0,0,0,0,3.87116754413131e-05,0,0,0,0,0,0,0,0,0,0,0,0,0,0,0,0,0,0,0,0,0,2.92860071457857e-05,0,0,0,0,0,0,0,2.14192387602545e-05,0,0,0.000128139415684264,0,0,0,0,0,0,0,0,0,0,0.000150060024009604,0,0,0,0,0,0,0,0,0,0,0,0,0,0,0,0,0,0,0,0,0,0,0,0,0,9.54740525393711e-06,0,0,0,0,0.00104359925788497,0,0,0,0,0,0,0,0,0,0,0,0.000117308933075254,0,0,0,0.000567536889897843,0,0,0,0,0,0,0,0,0,0,0,0,0,0,0,0,0,0,0,0,0,0,2.84867821330902e-05,0,0,0,0,0,2.83350334353395e-05,0,0,0,0,0,0,9.22253988748501e-05,0,0,0,0,0.000178794922224209,0,9.30405656866394e-05,8.93814801573114e-05,0,6.09533097647202e-05,0,0,0,0,7.25067467527853e-07,0,0,0,0,0,0,0,0,0,0,0,0,0,0,0,0,0,0,0,0,0,0,0,1.98426084299338e-05,0,0,1.91982798341269e-05,0,0,0,0,0,0,0.000516795865633075,0.000373924965723545,0,0,0,0,0,0,0,0,0,0,8.22828555442188e-06,0,0,4.79156684235745e-08,0,0,0
0,0,0,0,0,0,0,0,0,0,0,0,0,0,0,9.09973307449648e-05,0,0,0,0,0,0,0,0,0.0017097093494106,0,0,0,0,0,0,0,0,0,0,0,0,0,0,0,0,0,0,0,0,0,0,0,0,0,0,0,0,0,0,0,0,0,0,0,0,0,0,0,0,0,0,0,0,0,0,0,0,0,0,0,0,4.30904468479338e-05,0,0,0,0,0,0,0,0,0,0,0,0,0,0,0,0,2.90160652281146e-05,0,0,0,0,0,0,0,0,0,0,0,0,0,0,0,0,0,0,0.000147094876195146,0,0,0,0,6.5335136583103e-06,0,0.00355871886120996,0,0,0,0,0,0,0,0,0,0,0.000115861429730043,0,0,1.29428057414286e-05,0,0,0,0,0,0,0,0,0,0,0,0,0,0,0,0,0,0,0,0,0,0,0,0,0,0,0,0,0,0,0,0,0,0.00127172530733362,0,0,0,0,0,0,0,0,0,0,0,0,0,0,0,0,0,0,0,0,0,0,0,0,0,0,0.000655257477644157,0,0,0,0,0,0,0,0,0,0,0,0,0,0,0,0,0,0,0,0,0,0,0,0,0,0,0,0,0,0,0,0,0,0,0,0,0,0,0,0,0,0,0,0,0,0,0,0.991751147666412,0,0,0,0,0,3.27605693786958e-05,0,0,0.000298614429049212,0,0,0,0,0,0,0,0,0,5.30760207845697e-06,0,0,0,0,0,1.63238348475187e-07,0,0,3.12814147161994e-05,0,7.9278116125452e-05,0,0,0,0,0,0,0,0,0,0,0,0,0,0,0,0,0,0,0,0,0,0,0,0,0,0,0,0,0,0,0,0,0,0,0,0,0,0,0,0,0,0,0,0,0,0,0,0,0,0,0,0,0,0,0,0.000134553283100108,0,0,0,3.62884203650615e-05,0,0,0,0,0,0,0,0,0,0,0,0,0,0,0,0,0,0,0,0,0,0,0,0,0,0,0,0,0,0,0,0,0,0,0,0,0,0,0,0,0,0,0,2.25326723749437e-05,0,0,0,0.000420521446593776,0,0,0,0,0,0,0,0,0,0,0,0,0,0,0,0,0,0,0,0,0,0,0,0.000609421658845755,0,0,0,0,0,0,0,0,0,0,0,0,0,0,0,0,0,0,0,0,0,0,0,0,0,0,0,0,0,0.0010515247108307,0,0,0,0,0,0.00249764373232799,0,0,0,0.000826674014880132,0,0,0,0,0,0,0,0,1.2903891813771e-05,0.000263400500460951,0,0,0,0,0,0,0,0,0,0,0,0.00379867046533713,0,0,0,0,0,0,6.58379858843358e-06,0,0,0,0,0,0,0,0,0,0,0,0,0,0,0,0.000113564095575543,0,0,0,0,0,0,0,0,0,0,0,0,0,0,0,0,0,0,0,0,0,0,0,0,0,0,0,0,0,0,0,0,0,0,0,0,0,0,0,0,0,0,0,0,0.00848024994420888,0,0,0,0,0,0,0,0,0,0,0,0,0,0,0,0,0,0,0,0,0,0,0,0,0,0,0,0,0,0,0,0,0,0,0,0,0,0,5.66700668706789e-05,0,0,0,0,0,0,0,0,0,0,0,0,0,0,0,0,0,0,0,0,0,7.25067467527853e-07,0,0,0,0,0,0,0,0,0,0,0,0,0,0,0,0,1.59979522621104e-05,0,0,0,0,0,0,0,0,0,0,0,0,0,0,0,0,0,0,0,0,0,0,0,0,0,0,0,0,0,0,0,7.66650694777192e-07,0,0,0
0,0,0,0,0,0,0,0,0,0,0,0,0,0,0,0,0,0,0,0,0,0,0,0,0,0,0,0,0,0,0,0,0,0,0,0,0,0,0,0,0.00113064491098943,0,0,0,0,0,0,0,0,0,0,0,0,0,0,0,0,0,0,0,0,0,0,0,0,0,0,6.55222120298781e-05,0,0,0,0,0,0,0,0,0,0,0,0,0,0,0,0,0,0,0,0,0,0,0,0,0,0,0,0,0,0,0,0,0,0,0,0,0,0,0,0,0,0,0,0,0,0,0,0,0,0,0,0,0,0,0,0,0,0,0,0,0,0,0,0,0,0,0,0,0,0,0,0,0,0,1.81996869653842e-05,0,0,0,0,0,0,0,0,0,0,0,0,0,0,0,0,0,0,0,0,0,0.00026751251576413,0,0,0,0,0,0,0,0,0,0,0,0,0,0,0,0,0,0,0,0,0,0,0,0,0,0,0,0,0,0,0,0,0,0,0,0,0,0,0,0,0,0,0,0,0,3.76789751318764e-05,0,0,0,0,0,0,0,0,0,0,0,0,0,0,0,0,0,2.51768674941464e-05,0,0,0,0,0,0,0,0,0,0,0,0,0,0,0,0.981585049788569,0,0,0,0,0,0,0,0,0,0,0,0,0,0,0,0,0,0,0,0,0,0,0,1.63238348475187e-07,0,0,0.000177735310887496,0,2.83136129019471e-06,0,0,0,0,0,0,0,0,0,0,0,0,0,0,0,0,0,0,0,0,0,0,0,0,0,0,0,0,0,0,0,0,0,0,0,0,0,0,0,0,0,9.26011667747014e-05,0,0,0,0,0,0,0,0,0,0,0,0,0,0,0,0,0,0,0,0,6.6554854511088e-06,0,0,0,0,1.39125982751161e-06,0,0,0,0,0,0,0,0,0,0,0,0,1.58963557604419e-05,0,0,0,0,0,0,0,0,0,0,0,0,0,0,0,0,0,0,0,0,0,0,4.50653447498873e-05,0,0,0,8.41042893187553e-05,0,0,0,0,0,0,0,0,0,0,6.69030574697264e-05,0,0,0,0,0,0,0,0,0,0,0,0,0,0,0,0,0,0,0,0,0,0,0,0,0,0,0,0,0,0,0,0,0,0,0,0,0,0,0,0,0,0,0,0,0,0,0,0,0,0,0,0,0,0,0.000848453204542488,0,0,0,0,0,0,1.2903891813771e-05,0,0,0,0,0,0,0,0,0,0,0,0,0,0,0,0,0,0,0,0,0,0,0,0,0,0,0,0,0,0,0,0,0,0,0,0,0,0,0,0,0,0,0,0,0,0,0,0,0,0,0,0,0,0,0,0,0,0,0,0.000308947108255067,0,0,0,0,0,0,0,0,0,0,0,0,0,0,0,0,0,0,0,0,0,0,0.0126227208976157,0,0,0,0,0,0,0,0,0,0,0,0,0,0,0,0,0,0,0,0,0,0,0,0,0,0,0,0,0,0,0,0,0,0,0,0,0.000595035702142129,0,0,0,0,0,0,0,0,0,0,0,0,0,0,0,0,0,0,0,0,0,0,0,0,0,0,0,0,0,0,0,0,0,0,0,0,0,0,3.19959045242209e-05,0,0,0,0,0,0,1.5874086743947e-05,0,0,0,0,0,0,0,0,0,0,0,0,0,0,0,0,0,0,0,0,0,0,0,0,4.79156684235745e-08,0,0,0
0,0,0,0,0,0,0,0,0,0,0,0,0,0.000245218244237371,0,0,0,0,0,0,0,0,0,0,0,0,0,0,0,0,0,0,0,0,0,0,0,0,0,0,0,0,0,0,0,0,0,0,0,0,0,0,0,0,0,0,0,0,0,0,0,0,0,0,0,0,0,0,0,0,0,0,0,0,0,0,0,0,0,0,0,0,0,0,0,0,0,0,0,0,0,0,0,0,0,0,0,0,0,0,0,0,0,0,0,0,0,0,0,0,0.000238322211630124,0,0,0,0,0,0,0,0,0,0,0,0,0.000647249190938511,0,0,0,0,0,0,0,0,0,0,0,0,0,0,0,0,0,0,0,0,0,0,0,0.00134498991257566,0,0,0,0,0,0,0,0,0,0,0,0,0,0,0,0,0,0,0,0,0,0,0,0,0,0,0,0,0,0,0,0,0,0,0,0,0,0,0,0,0,0,0,1.01514597799164e-05,0,0,0,0,0,0,0,0.000260688216892596,0.00010972130787799,0,0,0,0,0,0,0,0,0,0,0,0,0,0,0,0,0,0,0,0,0,0,0,0,0,0,0,0,0,0,0,0,0,1.61762564907229e-05,0,0,0.00011877895236964,0,0,0,0,0,0,0,0.953191489361702,0,0,0,0,0,0,0,0,0,0,0,0,0,0,0,0,0,0,0,0,0,0,0,0,0,0,0,0,3.74728321966574e-05,0,0,0,0,0,0,0,0,0,0,0,0,0,0,0,0,0,0,0,0,0,0,0,0,0,0,0,0,0,0,0,0,0.000166444740346205,0,0,0,0,0,0,0,0,0,0,0,2.17074658487294e-06,0,0,0,0,0,0,0,0,0,0,0,0,0,0,0,0,0,0,0,0,0,0,0,0,0,0,0,0,0,0,0,0,0,0,0,0,0,0,0,0,7.70208341356337e-05,0,1.67156993848623e-05,0,0,0.00108695652173913,0.000516617874978474,0,0,0,0,0,0,0,0,0,0,0,0,0,0,0,0,0,0,0,0,0,0,0,0,0,0,0,0,0,0,0,0,0,0,0,0,0,0.00151599529732071,0,0,0.000162909564827825,0,0,0,0,0,0,0,0,0,0,0,0,0,0,0,0,0,0,0,0,0,0,0,0,0,0,0,0,0,0,0,0,0,0,0,0,0,0,0,0,0,0,0,0,0,0,0,0,0,0,0,0,0,0,0,0,0,0,0,0,0,0,0.000320615581917281,0,0,0,0,0,0,0,0,0,0,0,0,0,0,0,0,0,0,0,0,0,0,0,0,0,0,0,0,0,0,0,0,0,0,0,0,0,0,0,0,0,0,0,0,0,0,0,0,0,0,0,0,0,0,0,0,0,1.44684298859888e-05,0,0,0,0,0,0,0,0,0,0,0,0,0,0,0,0,0,0,0,0,0,0,0,0,0.000531632110579479,0,0,0,0,0,0,0,0,0,0,0,0,0,0,0,0,0,0,0,0,0,0,0,0,0,0,0,0,0.00120096076861489,0,0,0,0,0,0,0,0,0,0,0,0,0,0,0,0,0,7.5041272699985e-05,0,0,0,0,0,0,0,0,0,0,0,0,0,0,0,0,0,0,0.00190597204574333,0,0,0,0,0,0,0,0,0,0,0,0,0.000323171388559733,0,0,0,0,0,0,0,0,0,0,0,0,4.79156684235745e-08,0,0,1.14503816793893e-06
0,0,0,4.33179843275533e-06,0,0,0,0,0,0,0,0,0,0,0,0,0,0,0,0,0,0,0,0,0,0,0,0,0,0,0,4.09785682088268e-05,0,0,0,0,0,0,0,0,0,0,0,0,0,0,0,0,0,0,0,0,0,0.00147965474722565,0,0,0,0,0,0,0,0,0,0,0,0,0,0,0,0,0,0,0,2.47437781769774e-06,0,0,0,0,0,0,0,0,0,0,8.47199159578434e-06,0,0,0,0,0,0,0,0,0,5.80321304562293e-05,0,0,0,0,0,0,0,0,0,0,0,0,0,0,0,0,0,0,0,0,0,0,0,6.5335136583103e-06,0,0,0,0,0,0,0,0,0,0,0,0,0,8.89732487098879e-05,0,0,0,0,0,0,0,0,0,0,0,0,0,0,0,0,0,0,0,0,0,0,0,0,0,0,0,0,0,0,0,0,0,0,0,0,0,0,0,0,0,0,0,0,0,0,0,0,0,0,0,0,0,0,0,0,0,0,0,0,0,0,0,0,0,0,0,0,0,0,0,0,2.68716074595582e-05,0,0,0,0,0,0,0,0,0,0,0,0,0,0,0,0,0,0,0,0,0,0,0,0,0,0,0,0,0,0,0,0,2.09762339269608e-05,0,0,0,0,0,0,0,0.983983983983984,0,0,0,0,0,0,0,0,0,0,0,0,0.000771052486644269,0,0,0,0,0,0,0,0,8.16191742375933e-08,0,0,1.42188248709997e-06,0,0,0,0,0,0,0,0,0,0,0,0,0,0,0,0,0,0,0,0,0,0,0,0,0,0,0,0,0,0,0,0,1.09635899178827e-05,0,0,0,0,0,0,0,0,0,0,0,0,0,0,0,0,0,0,0,0,0,0,0,0,0,1.79314302108736e-05,0,2.90663876293454e-05,0,0,0,6.6554854511088e-06,0,0,0,0,0,4.0126800690181e-06,0,0,0,0,0,0,0,0,0,0,0,0,0,0,0,0,0,0,0,0,0,0,0,0,0,0,0,0,0,0,0,0,0,0,0,0,0,0,0,0,0,0,0,0,0,0,0,0,0,0,0,0,0,0,0,0,0,0,0,0,0,0,0,0,0,1.46130465279401e-05,0,0,0,0,0,0,0,0,0,0,0,0,0,0,0,0,0,3.5405624537514e-06,0,0,0,0,0,0,0,0,0,0,0,0.000444148345547413,0,0,0,0,0,0,0,0,0,0,0,0,0,0,0,0,0,0,0,0,0,0,0,0,0,0,0,0,0,0,0,0,0,0,0,0,0,0,0,0,0,0,0,0,0,0,0,0,0,0,0,0,0,0,0,0,0,0,0,0,0,0,0,0,0,0,0,0,1.66102885788486e-06,0,0,0,0,0,0,0,0,0,0,0,0,0,0.000165070980521624,0,0,0,0,0.000261749270373909,0,0,0,0,0,0,0,0,0,0,0,0,0,0,0,0,0,0,0,0,0,0,0,0,0,0,0,0,0,0,0,0,0,0,0,0,0,0,0,0,0,2.84867821330902e-05,0,0,0,0,0,0,0,0,0,0,0,0,0,0,0,0,0,0,0,0,0,0,0,0,0,0,0,0,0,0,0,0,0,0,0,0,0,0,0,0,0,0,0,0,0,0,0,0,0,0,0,9.12759987776953e-05,0,0,0,0,0,0,0,0,0,0,0,0,0,0,0,0,0,0,0,0,0,0,0,0,9.5831336847149e-08,0,0,0
0,0,0,0,0,0,0,0,0,0,0,0,0,0,0,0,0,0,0,0,0,0,0,0,0,0,0,0,0,0,0,0,0,0,0,0,8.75886835420864e-05,0,0,0,0,0,0,0,0,0,0,0,0,0,0,0,0,0,0.006786926236828,0,0,0,0,0,0,0,0,0,0,0,0,0,0,0,0,0,0,0,0,0,0,0,0,0,0,0,0,0,2.96519705852452e-05,0,0,0,0,0,0,0,0,0,0,0,0,0,0,0,0,0,0,0,0,0,0.000174541827702282,0,0,3.96055289318389e-05,0,0,0,0,0,0,0,0,0,0,0,0,0,0,0,0,0,0,0,0,0,0,0,0,0,0,0,0,0,0,0,0,0,0,0,0,0,0,0,0,0,0,0,0,0,0,0,0,0,0,0,0,0,0,0,0,0,0,0,0,0,0,0,0,0,0,0,0,0,0,0,0,0,0,0,0,0,0,0,0,0,0,0,0,0,0,0,0,0,0,0,5.26094276094276e-05,0,0,0,0,0,0,0,0,0,0,0,0,0,0,0,0,0,0,0,0,0,0,0,0,0,0,0,0,0,0,0,0,0,0,0,0,0,0,0,0,0.000139916399951029,0,0,0,0,0.978273042893941,0,0,0,0,0,0,0,0,0,0,0,0,0,0,0,0,0,0,0,0,0,0,0,2.84376497419994e-06,0,0,0,0,0,0,0,0,0,0,0,0,0,0,0,0,0,0,0,0,0,0,0,0,0,0,0,0,0,0,0,0,0,0,0,0,0,0,0,0,0,0.00150294577371648,0,9.26011667747014e-05,0,0,0,0,0,0,0,0,0,0,0,0,0,0,1.79314302108736e-05,0,0,0,0,0,0,0,0,0,0,0,0,0,0,0,0,0,0,0,0.000113417262107293,0,0,0.000210172341319882,3.17927115208838e-05,0,0,0,0,0,0,0,0,0,0,0,0,0,0,0,0,0,0,0,0,0,0,0,0,0,0,0,0,0,0,0,0,0,0,0,0,0,0,0,0,0,0,0,0,0,0,0,0,0,0,0,0,0,0,0,0,0,0,0,0,0,0,0,0,0,0,2.43593491181916e-05,0,0,0,0,0,0,0,0,0,0,0,0,0,0,0,0,0,0,0,0,0,0,0,0,0,0,0,0,0,0,0,0,1.2903891813771e-05,0,0,0,0,0,0,0,0,0,0,0,0,0,0,0,0,0,0,0,0,0,0,0,0,0,0,0,0,0,0,0,0,0,0,0,0,0,0,0,0,0,0,0,0,0,0,0,0,0,0,0,0,0,0,0,0,0,0,0,0,0,0,0,0,0,0,0,0,0,0,0,0,0,0,2.3191094619666e-05,0,0,0,0,0,0,0,0,0,0,0,0,0,0,0,0,0,0,0,0,0,0,0,0,0,0,0,0,0,0,0,0,0,0,0,0,0,0,0,0,0,0,0,0,0,0,0,0,0,0,0,0,0,0,0,0,0,0,9.30405656866394e-05,0,0,3.04766548823601e-05,0,0,0,0,0,0,0,0,0,0,0,0,0,0,0,0,0,0,0,0,0,0,0,0,0,0,0,0,0,0,0,0,0,0,0,0,0,0,0,0,0,0,0,0,0,0,0,0,0,0,0,0,0,0,0,0,0
0,0,0,0,0,0,0,3.64721243553552e-06,0,0,0,0,0,0,0,0,0,0,0,0,0,0,0,0,0,0,0,0,0,6.7118598563662e-05,0,0,0,0,0,0,0,0,0,0,0,0,0,0,0,0,0,0,0,0,0,0,0,0,0,0,0,0,0,0,0,0,0,0,0,0,0,0,0,0,0,0,0,0,0,0,0,0,0,0,0,0,0,0,0,0,0,0,0,0,0,0,0,0,0,0,0,0,4.76305394317359e-05,0,0,0,0,0,0,0,0,0,0,0,0,0,0,0,2.77029797325e-05,0,0,1.73949345950459e-05,0,0,0,0,0,0,0,0,0,0,0,3.30400114538706e-05,0,0,0,0,0,0,0,0,0,0,0,0,0,0,0,0,0,0,0,0,0,0,0,0,0,0,0,0,0,0,0,0,0,0,0,0,0,0,0,0,0,0,0,0,0,0,0,0,0,0,0,0,0,0,0,0,0,0,0,0,0,0,0,0,0,0,0,0,0,0,0,0,0,0,0,0,0,0,0,0,0,0,0,0,0,0,0,0,0,0,0,0,0,0,0,0,0,0,0,0,0,0,0,0,0,0,0,0,0,0,0,0,0,0,0,0,0,0,0.977109762824048,0,0,0,0,0,0,0,0,0,0,0,0,0,0,0.00042983021706426,0,0,0,0,1.63238348475187e-07,0,0,0,0,0,0,0,0,0,0,0,0,0,0,0,0,8.21031544031922e-06,0,0,0,0,0,0,0,0,0,0,0,0,0,0,0,0,0,0,0,0,0,0,0,0,0,0,0,0,0,0,0,0,0,0,0,0.00425781823520775,0,0,0,0,0,0,0,0,0,0,0,0,0,0,0,0,0,0,0,0,0,0,0,0,0,0,0,0,0,0,0,0,0,0,0,0,0,0,0,0,0,0,0,0,0,0,0,0,0,0,0,0,0,0,0,0,0,0,0,0,0,0,0,0,0,0,0,0,0,0,0,0,0,0,0,0,0,0,0,0,0,0,0,0,0,0,0,0,0,0,0,0,0,0,0,0,0,0,0,0,0,0,4.75262582576874e-05,0,0,0,0,0,0,0,0,0,0,0,0,0,0,0,0,0,0,0,0,0,0,0,0,0,0,0,0,0,0,0,0,0,0,0,0,0,0,0,0,0,0,0,0,0,0,0,0,0,0,0,0,0,0,0,0,0,0,0,0,0,0,0,0,0,0,0,0,0,0,0,0,0,0,0,0,0,0,0,0,0,0.000151469251741896,0,0,0,0,0,0,0.000127159054784359,0,0,0,0,0,0,0,0,0,0,0,0,0,0,0,0,0,0,0,0,0,0,0,0,0,0,0,0,0,0,0,0,0,0,0,0,0,0,0,0,0,0,0,0,0,0,0,0,0,0,0,0,0,0,0,0,0,0,0,0,0,0,0,0,0,0,0,0,0,0,0,0,0,0,0,0,0,0,0,0,0,0,2.17520240258356e-06,0,0,0,0,0.000104887770086008,0,0,0,0,0,0,0,0,0,0,0,0,0,0,0,0,0,0,0,0,0,0.00151666410689602,0,0,0,0,0,0,0,0,0,0,0,0,0,0,0,0,0,0,0,0,0,2.8270244369909e-06,0,0,0
0,0,0,0,0,2.76571618220538e-05,1.43180731309903e-06,0,0,0,0,0,0,0,0,0.00024265954865324,0,0,0,0,0,0,0,0,0.000314946459101953,0,0,0,0,0,0,0,0,0,0,0,0.000175177367084173,0,0,0,2.21695080586162e-05,0,0,0,0,0,0,0,0,0,0,0,0,0,0,0,0.00563136235650856,0,0.000154942671211652,0,0,0,0,0,0,0,0.00114311842706904,6.55222120298781e-05,0,0,0,0,0,0,1.30206637934402e-05,2.56367528488842e-05,0,0,0,0,0,0,0,0,2.96519705852452e-05,0,0,0,0,0,0,0,0,0,9.67202174270488e-06,0,0,0,3.17536929544906e-06,5.74420245851865e-05,0,0,0,0,0,0,9.97381872584466e-05,0,0,0,0,0,0,0.00267222358421182,0,0,0,0,3.26675682915515e-06,0,0.00106761565836299,0,0,0,0,0,0,0,0,2.20266743025804e-05,0,0,0,0,0.000129428057414286,8.10482236930974e-05,0,0.0002426301103967,0,0,0,0,3.63993739307684e-05,0,0,0,0.000322398645925687,0,0,0,0,0,0,0,0,0,0,0,0,0,0,0,0,0,3.82160736805901e-05,0,0,7.24165399377218e-05,0,0,0,0,0,0,0,0,0,1.05767501877373e-05,0,0,0,0.000566011037215226,0,0.000208811860513677,0,0,0,0,0,0,0.000280741156653565,5.07572988995818e-06,0,0,0,5.78168362627197e-05,0,0,0.00135105528372161,0.000260688216892596,0,0.000368265993265993,0,0,0,0,0,0,0,0,0,4.27968604223194e-06,0.000153869826127096,0,0,0,0,0,0,0,0.00547504025764895,0,0,0,0,0,0,0,0.000125884337470732,0,0,0,0,0,0,0,0,0,0,0,0,0,0,2.39097169089518e-05,6.8203519301596e-05,0,0,0,0,0.992743533882619,0,0,0,0,0,0,0,0,0,0,0,0,2.65380103922849e-06,0,0,0,0,0,2.4485752271278e-07,0,0,3.41251796903993e-05,0,3.39763354823366e-05,0,0,0,0,0,0,0,0,0,0,0,0,9.89119683481701e-05,0,0,0,0,0,6.08124543906592e-05,0,0,0,0,0,0,0,0,0,0,0,0,0,0,0,0,0,0,0,0,1.20235661897319e-05,0,9.26011667747014e-05,0,0.000426894343649947,0,0.000164976740450343,0,0,0,0,0,0,2.8048130592096e-05,0,0,0.000403659849300323,0,0,0,7.2576840730123e-05,0,0,6.6554854511088e-06,0,0,0,0,0,0,0,0,0,0,1.03372528750485e-05,0,0,0,0,0,0,8.74299566824305e-05,0,0,0,0.000154356718376167,0,7.70208341356337e-05,0,8.35784969243113e-05,0,0,0,0,0,0,0,0,0,0,0,0,3.42125970782442e-05,0,0,0,0,0,0.000168208578637511,0,0,0,0,0,0,0,0,0,0,0,0,6.1012440436605e-06,0.000129567245400363,4.17367496254127e-06,0,0,0,0,0,0,0,6.18773590743147e-05,0.000121884331769151,0,0,0,0,0.000233056772629813,0,8.06907124989914e-05,0,0,3.63279689032586e-05,0,0,0,0,0,4.87186982363831e-05,4.37171847881684e-06,0,5.94078228221092e-06,0,0,0,0,0,0,0,0,0,0,0,0,0,0.000222074172773706,4.54256382302171e-05,0,4.71253534401508e-05,0,0,0.000569151963574274,0,8.32875251944764e-05,0,0,0,0,0,0,0,0.000541963456178383,0,0,5.62841222491135e-05,0,0,0,0,0,0,0,0,0,0,0,0.000228258388495777,0,0,0,0,0,0,0,0,0,0,0,0,0,0,2.14192387602545e-05,0,0,0.000256278831368529,0,0,2.27128191151086e-05,0,0,0,0,0,0,0,0,2.00156121774984e-05,0,0,0,0,0,0,0,2.49154328682729e-06,7.98849656494648e-05,0,0,0,2.73374922771584e-06,0,0,3.97413632082408e-06,0,0,0,9.12075884713608e-05,0,0,0.000110277900308778,0,0,0,0,0,1.44684298859888e-05,0,0,0,0,0,0,0,0,0,0,0,0,5.86544665376268e-05,0.00490691297445519,0,0,0.000113507377979569,0,0,0,0,0,0,0,0,0,0,0,0,0,0,0,0,0,0,0,0,0,0,2.84867821330902e-05,0,0,0.000193031560660168,0,0,2.83350334353395e-05,2.44176393026322e-05,0,0.000211662609799979,0,0,0.00106723585912487,0,0,0,0,0,0,0,0,0.0023239184840901,0,0,0,0,0,0,7.25067467527853e-07,0,0,0,0,0,0,0,0,0.000179662234998203,0,0,0,0,0,0,0,4.79938567863313e-05,0,0,0.000112007168458781,0,0,0,2.38111301159205e-05,0,0,1.91982798341269e-05,0,0,0,0,0,0.000171408981830648,0,0,0,0.000271812992661049,0,0,0.000480769230769231,0,7.65081672468536e-06,0,0,0,0,0,0,3.06660277910877e-06,0,0,0
0,0,0,0,0,0,0,0,0,0,0,0,0,0,0,0,0,0,0,0,0,0,0,0,0,0,0,0,0,0,0,0,0,0,0,0,0,0,0,0,0,0,0,0,0,0,0,0,0,0,0,0,0,0,0,0,0,0,0,0,0,0,0,0,0,0,0,0,0,0,0,0,0,0,0,0,0,0,0,0,0,0,0,0,0,0,0,0,0,0,0,0,0,0,0,0,0,0,0,0,0,0,0,0,0,0,0,0,0,0,0,0.000133758116685717,0,0,1.385148986625e-06,0,0,0,0,0,0,0,0,0,0,0,0,0,0,0,0,0,0,0,0,0,0,0,0,0,0,0,0,0,0,0,0,0,0,0,0,0,0,0,0,0,0,0,0,0,0,0,0,0,0,0,0,0,0,0,0,0,0,0,0,0,0,0,0,0,0,0,0,0,0,0,0,0,0,0,0,0,0,0,0,0,0,0,0,0,0,0,0,0,0,0,0,0,0,0,0,0,0,0,0,0,0,0,0,0,0,0,0,0,0,0,0,0,0,0,0,0,0,0.000275482093663912,0,0,0,0,0,0,0,0,0,0,0,0,0,0,0,0,0.987940336401143,0,0,0,0,0,0,0,0.000514668039114771,0,0,0,0,0,7.45156482861401e-05,0,0,0,0,0,0,0,0,0,0,0,0,0,0,0,0,0,0,0.00032487121176962,0,1.64206308806384e-05,0,0,0,0,0,0,0,0,0,4.50927783915406e-05,0,0,0,0,0,0,0,0,0,0,0,0,0,0,0,0,0,0,0,0,0,0,0,0,0,0,0,0,0,0,0,0,0,0,0,0,0,0,0,0,0,0,0,0,0,0,0,0,0,0,0,0,0,0,0,0,0,0,0,0,0,0,0,0,0,0,0,0,0,0,0,0,0,0,0,0,0,0,0,0,0,0,0,0,0,0,0,0,0,0,0,0,0,0,0,0,0,0,0,0,0,0,0,0,0,0,0,0,0,0,0,0,0,0,0,0,0,0,0,0,0,0,0,0,0,0,0,0,0,0,0,0,0,0,0,0,0,0,0,0,0,0,0,0,0,0,0,0,0,0,0,0,0,0,0,0,0,0,0,0,0,0,0,0,0,0,0,0,0,0,0,0,0,0,0,0,0,0,0,0,0,0,0,0,0,0,0,0,0,0,0.000390074114081675,0,0,0,0,0,0,0,0,0,0,0,0,0,0,0,0,0,0,0,0,8.30514428942431e-07,0,0,0,0,0,4.23863515947865e-05,0,0,0,0,0,0,0,0,0,0,0,0,0,0,0,0,0,0,0,0,0,0,0,0,0,0,0,0,0,0,0,0,0,0,0,0,0,0,0,0,0,0,0,0,0,0,0,0,0,0,0,0,0,0,0,0,0,0,0,0,0,0,0,0,0,0,0,0,0,0,0,0,0,0,0,0,0,0,0,0,0,0,0,0,0,0,0,0,0,0,0,0,0,0,0,0,0,0,0,0,0,0,0,0,0,0,0,0,0,0,0,0,0,0,0,0,0,0,0,0,0,0,0,0,0,0,0,0,0,0,0,0,1.21506682867558e-07,0,0
0,0,0,0,0,0,0,0,0,0,0,0,0,0,0,0,0,0,0,0,0,0,0,0,0,0,0,0,0,0,0,0,0,0,0,0,0,0,0,0,0,0,0,0,0,0,0,0,0,0,0,0,0,0,0,0,0,0,0,0.000133333333333333,0,0,0,0,0,0,0,0,0,0,0,0,0,0,0,0,0,0,0,0,0,5.76003686423593e-05,3.19693094629156e-05,0,0,0,0,0,0,0,0,0,0,0,0,0,0,0,0,0,0,0,0,0,0,0,0,0,0,0,0,0,0,0,0,0,0,0,0,0,0,0,0.000417710944026733,0,0,0,0.00192086054552439,0,0,0,0,0,0,0,0,2.70160745643658e-05,0,0,0,0,0,0,0,0,0,0,0,0,0,0,0,0,0,0,8.11095790412848e-05,0,0,0,0,0,0,0,0,0,0,0.000233154581487526,0,0,0,0,0,0,0,0,0,0,0,0,0,0,0,0,0,0,0,0,0,0,0,0,0,0,0,0,0,0,0.00225352112676056,0,0,0,0,0,0,0,0,0,0,0,0,0,0,0,0,0,0,0,0,0,0,0,0,0,0,0,0,0,0,0,0,0,0,0,0,0,0,0,0,0,0,0,0,0,0,0,0,0,0,0,0,0,0,0.977220583415274,0,0,0,0,0,0.000205122194221415,0,0,0,0,5.30760207845697e-06,0,0,0,0,0.000613967766692249,8.16191742375933e-08,0,0,1.42188248709997e-06,0.000239495717816565,0,0,0,0,0,0,0,0,0,0,0,0,0,0,0,0,0,0,0,0,0,0,0,0,0,0,0,0,0,0,0,0,0,0,0,0,0,0,0,0,0,0,0,0,0,0,0,7.59186152444579e-05,0,0,0,0,0,0,0,0,0,0,0,0,0,0,0,0,0,0,0,0,0,0,0,0,0,0,0,0,0,0,0,0,0,0,0,0,0,0,0,0,0,1.67156993848623e-05,0,0,0,0,0,0,0,0,0,0,0,0,0,0,0,0,0,0,0,0,0,0,0,0,0,0,0,0,0,0,0,0,0,0,0,0,0,0,0,0,0,0,0,8.8073135932078e-06,0,0,0,0,0,0,0,0,0,0,0,0,0,0,0,0,0,0,0,0,0,0,0,0,0,0,0,0,0,0,0,0,0.000136276914690651,0.000373692077727952,0,0,0,0,0,0,0,0,0,0,0,0,0,0,0,0,0,0,0,0,0,0,0,0,0,0,0,0,0,0,0,0,0,0,0,0,0,0,0,0,0,0,0,0,0,0,0,0,0,0,0,0,0,0,0,0,0,0,0,0,0,0,0,0,0.000201409869083585,0,0,0,0,0,0,0,0,0,0,0,0,0,0,0,0,0,0,0,0,0,0,0,0,0,0,0,0,0,0,0,0,0,0,0,0,0,0,0,0,0,0,0,0,0,0,0,0,0,0,0,0,0,0,0,0,0.00151000377500944,0,0,0,0,0,0,0,0,0,0,0,0,0,0,0,0,0,0.000355745286374956,9.22253988748501e-05,0,0,0,0,0,0,0,0,0,0,0,0,0,0,0,0,0,0,0,0,0,0,0,0,0,0,0,0,0,0,0,0,0,0,0,0,2.25275963054742e-05,0,0,0,0,0,0,0,0,0,0,0,0,0,0,0,3.15422587411485e-05,0,0,0,0,0,4.50024751361325e-05,0,0,0,4.37608034483513e-05,0,0,1.80505415162455e-07,0
0,0,0,0,0,0,0,0,0,0,0,0,0,0,0,0,0,0,0,0,0,0,0,0,0,0,0,0,0,0,0,0,0,0,0,0,0,0,0,0,0,0,0,0,0,0,0,0,0,0,0,0,0,0,0,0,0,0,0,0,0,0,0,0,0,0,0,0,0,0,0,0,0,0,0,0,0,0,0,0,0,0,0,0,0,0,0,0,0,0,0,0,0,0,0,0,0,0,0,0,0,0,0,0,0,0,0,0,0,0,0,0,0,0,0,0,0,0,0,0,0,0,0,0,0,0,0,0,0,0,0,0.0016220600162206,0,0,0,0,0,0,0,0,0,0,0,0,0,0,0,0,0,0,0,0,0,0,0,0,0,0,0,0,0,0,0,0,0,0,0,0,0,0,0,0,0,0,0,0,0,0,0,0,0,0,0,0,0,0,0,0,0,0,0,0,0,0,0,0,0,0,0,0,0,0,0,0,0,0,0,0,0,0,0,0,0,0,0,0,0,0,0,0,0,0,0,0,0,0,0,0,0,0,0,0,0,0,0,0,0,0,0,0,0,0,0,0.000143458301453711,0,0,0,0,0,0,0,0,0.990145723841376,0,0,0,0,0,0,0,0,0,0,0,0,0,0,0,0,0,0,5.68752994839988e-06,0,0.000201026651603825,0,0,0,0,0,0,0,0,0,0,0,0,0,0,0,0,0,0,0,0,0,0,0,0,0,0,0,0,0,0,0,0,0,0,0,0,0,0,0,0,0,0,0,0,0,0,0,0,0,0,0,0,0,0,0,0,0,0,0,0,0,0,0,0,0,0,0,0,0,0,0,0,0,0,0,0,0,0,0,0,0,0,0,0,0,0,0,0,0,0,0,0,0,0,0,0,0,0,0,0,0,0,0,0,0,0,0,0,0,0,0,0,0,0,0,0,0,0,6.69030574697264e-05,0,0,0,0,0,0,0,0,0,0,0,0,0,0,0,0,0,0,0,0,0,0,0,0,0,0,0,0,0,0,0,0,0,0,0,0,0,0,0,0,0,0,9.85804416403785e-05,0,0,0,0,0,4.71253534401508e-05,0,0,0,0.00661339211904106,0,0,0,0,0,0,0,0,0,0,0,0,0,0,0,0,0,0,0,0,0,0.00538144982589427,0,0,0,0,0,0,0,0,0,0,0,0,0,0,0,0,0,0,0,0,0,0,0,0,0,0,0,0,0,0,0,0,0,0,0,0,0,0,0,0,0,0,0,0,0,0,0,0,0,0,0,0,0,0,0,0,0,0,0,0,0,0,0,0,0,0,0,0.00111582236108012,0,0,0,0,0,0,0,0,0,0,0,0,0,0,0,0,0,0,0,0,0,0,0,0,0,0,0,0,0,0,0,0,0,0,0,0,0,0,0,0,0,0,0,0,0,0,0,0,0,0,0,0,0,0,0,0,0,0,0,0,0,0,0,0,0,0,0,0,0,0,0,0,0,0,0,0,0,0,0,0,0,0,0,0,3.96852168598675e-06,0,0,0,0,0,0,0,0,0,0,0,0,0,0,0,0,0,0,0,0,0,0,0,0,0,0,0,0
0,0,0,0,0,0,0,0,0,0,0,0.000288267512251369,0,0,0,0,0,0,0,8.42722668397057e-06,0,0,0,0,0,0,0,0,0,0,0,0,0,0,0,0,0,0,0,0,0,0,0,0,0,0,0,0,0,0,0,0,0,0,0,0,0,0,0,0,0,0,0,0,0,0,0,0,0,0,0,0,0,0,0,0,0,0,0,0,0,0,0,0,0,0,0,0,0,0,0,0,0,0,0,0,0,0,0,0,0.000307534597642235,0,0,0,0,0,0,0,0,0,0,0,0,0,0,0,0,0,0,0,0,0,0,0,0,0,0,0,0,0,0,0,0,0,0,0,0,0,0,0,0,0,0,0,0,0,0,0,0,0,0,0,0,0,0,0,0,0,0,0,0,0,0,0,0,0,0,0,0,0,0,0,0,0,0,0,0,0,0,0,0,0,0,0,0,0,0,0,0,0,0,0,0,0,0,0,0,0,0,0,0,0,0,0,0,0,0,0,0,1.63942488974868e-05,0,0,0,0,0,0.00060298044620553,0,0,0,0,0,0,0,0,0.000854408749145591,0,0,0,0,0,0,0,0,0,0,0,4.24286138571853e-05,0,0,0,0,0,0,0,0,0,0,0,0,0,0,0,0,0.991114149008886,0,0,0,0,0,0,0,0,0,0,0,0,0,0,8.16191742375933e-08,0,0,0,9.57982871266262e-06,0,0,0,0,0,0,0,0,0,0,0,0,0,0,0,0,0,0,0,0,0,0,0,0,0,0,0,0,0,0,0,0,0,0,0,0,0.00126719768283852,0,0,0,0,0,0,0,0,0,0,0,0,0,0,0,0,0,0,0,0,0,0,0,0,0,0,0,0.000758725341426404,0,0,0,0,0,0,0,0,0,0,0,0,0,0,0,0,0,0,0,0,0,0,0,0,0,0,0,0,0,0,0,0,0,0,0,0,0,0,0,0,0,0,0,0,0,0,0,0,0,0,0,0,0.000922059478135532,0,0,0,3.05062202183025e-05,0,0,0,0,0,0,0,0,0,0,0,0,0,0,0,0,0,0,0,0,0,0,0,0,0,0,0,0,0,0,0,0,0,0,0,0,0,0,0,0,0,0,0,0,0,0,0,0,0,0,0,0,0,0,0,0,0,0,0,0,0,0,0,0,0,0,0,0,0,0,0,0,0,0,0,0,0,0,0,0,0,0,0,0,0,0,0,0,0,0,0,0,0,0,0,0,0.000235793444942231,0,0,0,0,0,0,0,0,0,0,0,0,6.6010957818998e-05,0,0,0,0,0,0,0,0,0,0,0,0,0,0,0,0,0,0,0,0,4.47147200858523e-05,0,0,0,0,0,0,0,0,0,0,0,0,0,0,0,0,0,0,0,0,0,0,0,0,0,0,0,0,0,0,0,0,0,0,0,0,0,0,0,0.00277718436231574,0,0,0,0,0,0,0,0,0,0,0,0,0,0,0,0,0,0,0,0,0,0,0,0,0,0,0,0,0,8.21247310415058e-06,0,0,0,0,0,0,0,0,0,0,0,0,0,0,0,0,0,0,0,0,0,0,0,0,0,0,0,0,0,0.000297012058689583,0,0,0,0,0,0,0,0,0,0,0,0,0,0,0,0,0,0,0,0,0,2.70758122743682e-07,0
0,0,0,0,0,0,0,0,0,0,0.00174076057846813,0,0.000723065798987708,0,0,0,0,0,0,0,0,0,0,0,0,0,0,0,0,0,0,0,0,0,0,0,0,0,0,0,0,0,0,0,0,0,0,0,0,0,0,0,0,0,0,0,0,0,0,0,0,0,0,0,0,0,0,0,0,0,0,0,0,0,0,0,0,0,0,0,0,0,0,0,0,0,0,0,0,0,0,0,0,0,0,0,0,0,0,0,0,0,0,0,0,0,0,0,0,0,0,0,0,0,0,0,0,0,0,0,0,0,0,0,0,0,0,0,0,0,0,0,0,0,0,0,0,0,0,0,0,0,0,0,0,0.00159108989657916,0,0,0,0,0,0,0,0,0,0,0,0,0,0,0,0,0,0,0,0,0,0,0,0,0,0,0,0,0,0,0,0,0,0,0,0,0,0,0,0,0,0,0,0,0,0,0,0,0,0,0,0,0,0,0,0,0,0,0,0,0,0,0,0,0,0,0,0,0,0,0,0,0,0,0,0,0,0,0,0,0,0,0,0,0,0,0,0,0,0,0,0,0,0,0,0,0,0,0,0,0,0,0,0,0,0,0,0,0.973234506897262,0,0,0,0,0,0,0,0,0,0,0,0,0,0,0,0,0,0,0,0,0,0,0,0,0,0,0,0,0,0,0,0,0,0,0,0,0,0,0,0,0,0,0,0,0,0,0,0,0,0,0,0,0,0.00159184972938555,0,3.77914666868221e-05,0,0,0,0,0,0,0,0,0,0,0,0,0,0,0,0,0,0,0,0,0,0,0,0,0,0,0,0,0,0,0,0,0,0,0,0,0,0,0,0,0,0,0,0,0,0,0,0,0,0,0,0,0,0,0,0,0,0,0,0,0.000735384238264493,0,0,0,0,0,0,0,0,0,0,0,0,0,0,0,0,0,0,0,0,0,0,0,0,0,0,0,0,0,0,0,0,0,0,0,0,0,0,0,0,0,0,0,0.00116249500490428,0,0,0,0,0,0,5.24606217458021e-05,0,0,0,0,0,0,0,0,0,0,0,0,0,0,0,0,0,0,0,0,0,0,0,0,0,0,0,0,0,0,0,0,0,0,0,0,0,0,0,0,0,0,0,0.00170109356014581,0,0,0,0,0,0,0,0,0,0,0,0,0,0,0,0,0,0,0,0,0,0,0,0,0,0,0,0,0,0,0,0,0,0,0,0,0,0,0,0,0,0,0,0,5.47675119119338e-05,0,0,0,0,0,0,0,0,0,0,0,0,0,0,0,0,0,0,0,0,0,0,0,0,0,0,0,0,0,0,0,0,0,0,0,0,0,0,0,0,0,0,0,0,0,0,0,0,0,0,0,0,0,0,0,0,0,0,0,0,0,0,0,0,0,0,0,0,0,0,0,0,0,0,0,0,0,0,0,0,0,0,0,0,0,0,0,0,0,0,0,0,0,0,0,0,0,0,0,0,0,0,0,0,0,0,0,0,0,0,0,0,0,0,0,0,0,0,0,0,0,0,0,0,0,0,0,0,0,0,0,0,0,0,0,1.44404332129964e-06,0
0,0,0,4.33179843275533e-06,0,0,0,3.64721243553552e-06,0,0,0,0,0,0,0,0,0,0,0,0,0,0,0,0,0,0,0,0,0,0,0,0,0,0,0,0,0,0,0,0,0,0,0,0,0.000806045340050378,0,0,0,0.00148776724707957,0.00157806143919203,0,0,0,0,0,0,0,0,0,0,0,0,0,0,0,0,0,0,0,0,0,0,0,0,0,0,0,0,0,0,0,0,0,0,0,0,0,0,0,0,0,0,0,0,0,0,0,6.12882796379906e-05,0,0,0,0,0,0,0,0,0,0,0,0,0,0,0,0,0,0,0,0,0,0,0,0,0,0,0,0,0,0,0,0,0,0,0,0,0,0,0,0,0,0,0,0,0,0,0,0,0,0,0,0,0,0.000297000297000297,0,0,0,0,0,0,0,0,0,0,0,0,0,0,0,0,0,0,0,0,0,0,0,0,0,0,0,0,0,0,0,0,0,0,0.000788643533123028,0,0,0,0,0,0,0,0,0,0,0,0,0,0,0,0,0,0,0,0,0,0,6.5576995589947e-05,0,0,0,0,0,0,0,0,0,0,0,0,0,0,0,0,0,0,0,0,0,0,0,0,0,0,0,0,0,0,0,0,0,0,0,0,0,0,0,0,0,0,0,0,0,0.982579603137979,0,0,0,0,0,0,0,0,0,0,0,0,8.16191742375933e-08,0,0,0,0,0,0,0,3.32845160431367e-05,0,0,0,0,0,0,0,0,0,0,0,0,0,0,0,0,0,0,0,0,0,0,0,0,0,0,0,0,0,0,0,0,0,0,0,0,0,0,0,0,0,0,0,0,0,0,0,0.00134108180599017,0,0,0,0,0,1.79314302108736e-05,0,0,0,0,0,0,0,0,0,0,0,0,0,0,0,0,0,0,0,0,0,0,0,0,0,0,0,0,0,0,0,0,0,0,0,0,0,4.75330354596445e-05,0,0,0,0,0,0,0,0,0,0,0,0,0,2.73043133989092e-05,0,0,0,0,0,0,0,0,0,0,0,0,0,0,0,0,0,0,0,0,0,0,0,0,0,0,0,0,0,0,0,0,0,0,0,0,0,0,0,0,0,0,0,0,0,0,0,0,0,5.74914194056537e-06,0,0,0,0,0,0,0,0,0,0,0,0,0,0,0,8.52514919011083e-05,0,0,0,0,0,0,0,0,0,0,0,0,0,0,0,0,0,0,0,0,0,0,0,0,0,0,0,0,0,0,0,0,0,0,0,0,0,0,0,0,0,0,0,0,0,0,0,0,0,0,0,0,0,0,0,0,0,0,0,0,0,0,0,0,0,0,0,0,0,0,0,0,0,0,0,0,4.47147200858523e-05,0,0,0,0,0,0,0,0,0,0,0,0,0,0,0,0,0,0,0,0,0,0,0,0,0,0,0,0,0,0,0,0,0,0,0,0,0,0,2.83865107301011e-05,0,0,0,0,0,0,0,0,0,0,4.88352786052644e-05,0,0,0,0,0,0,0,1.4719346225518e-06,0,0,0,0,0,0,0,0,0,0,0,0.00013961204277056,0,0,0,0,0,0,0,0,0,0,0,0,0,0,0,0,0,0,0,0,0,0,0,0,0,0,0,0,0,0,0,0,0,0,0,0,0,0,0,0,0,0,0,0,0,0,0,0,0,0,0,0,0
0,0,0,0,0,0,0,0,0,0,0,0,0,0,0,0,0,0,0,0,0,0,0,0,0,0.00116166505324298,0,0,0,0,0,0,0,0,0,0,0,0,0,0,0,0,0,0,0,0,0.000232450023245002,0,0,0,0,0,0,0,0,0,0,0,0,0,0,0,0,0,0,0,0,0,0,0,0,0,0,0,0,0,0,0,0,0,0,0,0,0,0,0,0,0,0,0,0,0,0.000523659906693326,0,0,0,0,0,0,0,0,0,0,0,0,0,0,0,0,0,0,0,6.33834062242505e-05,0,0,0,0,0,0,0,0,0,0,0,0,0,0,0,0,0,0,0,0,0,0,0,0,0,0,0,0,0,0,0,0,0,0,0,0,0,0,0,0,0,0,0,0,0,0,0,0,0,0,0,0,0,0,0,0,0,0,0,0,0,0,0,0.000233590282644242,0,0,5.70320520132314e-05,0.000435224140432323,0,0,0,0,0,0,0,0,0,0,2.03029195598327e-05,0,0,0,0,0,0,0,0,0,0,0,0,0,0,0,0,0,0,0,0,0,0,0,0,0,0,0.000480595938964316,0,0,0,0,0,0,0,0,0,0,0,0,0,0,0,0,0,0,0,0,0,0,0,0,0,0,0,0,0,0,0,0,0,0,0,0,0,0.955908289241623,4.18616722900846e-06,0,0,0,0,0,0,0,0,0,0,0,0,0,0,0,0,0,0,0,0,0,0,0,0.0028804608737398,0,0,0,0,0,0,0,0,0,0,0,0,0,0,0,0,0,0,0.000431778929188256,0,0,0,0,0,0,0,0,0,0,0,0.000962261840194552,0,0,0,0,0,0,0,2.5306205081486e-05,0,0,0,0,0,0,0,0,0,0,0,0,0,0,0,0,0,0,0,0,0,0,0,0,0,0,0,0,0,0,0,0,0,0,0,0,0,0,0,0,0,0,0,0,0,0,0,0,0,0,0,0,0,0,0,0,0,0,0,0,0,0,0,0,0,0,0,0,0,0,0,0,0.000192336460581711,0,0,0,0,0,3.38249222026789e-05,0,0,0,0,0,0,0,0,0,0,0,0,0,0,0,0,0,0,0,0,0,0,0,0,0,0,0,0,0,0,0.00237529691211401,0,0,0,0,0,0,0,0,0,0,0,0,0,0,0,0,0,0,0,0,0,0,0,0,0,0,0,0,0,0,0,0,0,0,0,0,0,0,0,0,0,0,0,0,0,0,0,0,0,0,0,0,0,0,0,0,0,0,0,0,0,0,0,0,0,0,0,0,0,0,0,0,0,0,0,0,0,0,0,0,0,0,0,0,0,0,0,0,0,0,0.000165070980521624,0,0,0,0,0,0,0,0,0,0,0,0,0,0,0,0,0,0,0,0,0,0,0,0,0,0,0,0,0,0,0,0,0,0,0,0,0,0,0,0,0,0,0,0,0,0,0,0,0,0,8.7123192193762e-05,0,0,0,0,0,0,0,0,0,0,0,0,0,0,0,0,0,0,0,0,0,0,0,0,0,0,0,0,0,0,0,0,0,0,0,0,0,0,0,0,0,0,0,0,0,0,0,0,0,0,0,0,0,0,0,0,0,0,6.23208276205908e-05,0,0,0,0,0,0,0,0,0,0,0,0,0,0,0,9.02527075812274e-08,3.81679389312977e-07
0.000493096646942801,0,0,0,0,0,2.86361462619806e-06,3.64721243553552e-06,0.00286971494164913,0.000178890876565295,0,0,0,0,0,0,0,0,7.63009308713566e-05,0,0,0,0,0,0,6.45369474023879e-05,0.00031640563202025,0,0,0,0,8.19571364176536e-05,7.44956643523347e-06,0,0.00527622594661701,0.000250563768479078,0,0,0,0,0,7.74035744970703e-06,0,0,0.000100755667506297,0,0,6.73241996835763e-05,0,0,0.000220215811495265,0,0,0,0,0,0,0,0,0.000133333333333333,0,7.0876745339854e-05,0,0,0,0.000196139965479366,0,0,0,0,0,0,0,4.94875563539548e-06,0,0.000538371809826567,0,0,0,0,0,0,0.000191815856777494,0,8.47199159578434e-06,1.78094390026714e-05,0,0.000130446125750065,0,7.04374163555681e-05,0,0,0,0,9.67202174270488e-06,0,0,0,3.17536929544906e-06,8.2060035121695e-06,0,0,0,0,0,0,0,0,0,0,0,0,0.000126766812448501,0,0,0,0,0,3.26675682915515e-06,0.00129557653155654,0,0,0.000835421888053467,0,0,0,0.00768344218209758,0,0,0,0,0,0,0.00607202680067002,0,5.40321491287316e-05,0.001194743130227,0,4.07697325505545e-05,0,0,0,0,0,0,0,0,0,0,0,0,0,0,0,0,0,0.000869910261888774,0,0,3.35502918875394e-05,0,0,0,0,0,0.0128235019818139,4.93778392257555e-05,0,0,0,0.000238629313224837,0,0,0,0,9.12436509626205e-05,0,0,0.000545553737043099,0.000142580130033079,4.83582378258136e-05,0.000141502759303806,0,0,0,0,0,0,0,0.000164609053497942,0,3.04543793397491e-05,0,0,0,0,0.00028169014084507,0,7.30300153363032e-05,0,0,0,0.000442673749446658,0,0,0.000241844467136024,0,0.00406749020789394,0,3.27884977949735e-05,0,0,0,0,0,0,0,0,0,0,0,0,0,0,0,0,0,0,0,0.000349040139616056,0,0,0,0,5.66168977175302e-05,0,0,0,8.3904935707843e-05,0,0,0,0,0,0,0,0,0,0,8.19014234467395e-06,0,0.00901343821697804,0,0,0,0,0,0.992092330104403,0,0,0,0,0.000265380103922849,0,0,0,0,0.0202609363008442,1.2242876135639e-06,0.00291375291375291,0,4.26564746129991e-06,0.000383193148506505,2.83136129019471e-06,0,0,0,0,9.13876297704343e-06,6.20628448366816e-06,0,0,0,0,0,0,9.89119683481701e-05,0,0,4.93559054340852e-05,0,0,0,0,0,0,0,0,0,0,0,0,0,0,0,0,0,0,0.000318369945877109,0,0,0,0,0,0,0,0.000142836737608913,0,0,4.12441851125858e-05,0,0,0.00013575889220744,0,0,0,0,0,0,0,0,4.59833540258426e-05,4.84439793822424e-06,0,0,0,6.6554854511088e-05,0,0,0,0,1.39125982751161e-06,0,0,2.04561726500972e-05,0,0,0,0,0,0,0,0,0,0,0,0,0,0,0,0,0,1.67156993848623e-05,0,0,0,0,0,0,0,0.00274893097128894,0.000122564039710749,0,0,0,0,0,0,0,0.000878220140515222,0.000116822429906542,0,2.04782350491819e-05,0,0,0,0,0.000244857982370225,0.00797918473547268,0,1.05983848061555e-05,5.00375281461096e-05,0,0,0,0,0,0,0,3.38249222026789e-05,0,0,0,0,0,0,0.000228990153423403,2.03636956034781e-05,2.92260930558803e-05,0,4.66113545259625e-05,1.19198603945951e-06,0,0,0,0,0,0,0,0,0,4.87186982363831e-05,4.37171847881684e-05,4.65116279069767e-05,0,0,3.5405624537514e-06,0,0,0,0,0.000440011733646231,0,9.82163903512218e-06,0.000324675324675325,0,0,0,0,0.00790406105205778,0.000747384155455904,0,0,0,0,0,1.66575050388953e-05,0,8.52514919011083e-05,0,0,5.53617892930299e-05,0,0,0,0,0,0.000450272977992908,0,0,0,0,0,0.00131475151196424,0,0,0.000243013365735115,0,0,0.000228258388495777,0,0.000197863078749505,0,0,0,0.000257964658841739,0,0,0,0,0,0.000204708290685773,0.000269106566200215,0,8.56769550410178e-05,0,0,0,0.000232099338516885,4.05284915295453e-05,0,0,0.000646621403168445,0.000125109470786939,0,0,0,2.20616623462578e-05,0.00240096038415366,0,6.24104799677962e-06,5.83294447036864e-05,0,0,0,0.00342396777442095,0,4.98308657365459e-06,0,0,0,0,0,0,0,0,2.24294705299187e-06,0,0,0.000273622765414082,0.000836820083682008,0,0,0,4.77370262696856e-06,8.94294401717045e-05,0,0,1.44684298859888e-05,0,0.0013986013986014,0,0,0,2.6967189021118e-06,0,0,0,0,0,0,0.000117308933075254,0,0,2.49421964597046e-06,0,0.000317007449675067,0,0,0,0,0,0,0,0,0,0,0,0,2.30781124873359e-06,0,0,0.00302000755001887,0,0,0,0,6.83060109289617e-05,0,0,0,0,0,0,0,2.44176393026322e-05,0.000107169649555246,0,0,0,0.000355745286374956,0.0316333118140736,0,5.88773849020722e-06,0,0,0,0,0,8.93814801573114e-05,0.000160707111289675,0,0,0,0,8.21247310415058e-06,1.45013493505571e-06,0,0,0,0,0,0,0,0,0,0,0,0,0,4.78973081712808e-05,0,0,0,0,0,0,0.00523560209424084,0.00527145753548096,0,1.5874086743947e-05,0,0,0,0,0,0,0,0,0.000685635927322592,0,0.000124641655241182,0,0,9.46267762234454e-05,0.00199454125551123,0,0,0,0,0.00018000990054453,3.76662021168406e-05,0,0,0.000306325624138459,1.43747005270724e-07,0,1.08303249097473e-06,3.81679389312977e-07
0,0,0,0,0,0,0,0,0,0,0,0,0,0,0,0,0,0,0,0,0,0,0,0,0,0,0,0,0,0,0,0,0,0,0,0,0,0,0,0,0,0,0,0,0,0,0,0,0,0,0,0,0,0,0,0,0,0,0,0,0,0,0,0,0,0,0,0,0,0,0,0,0,0,0,0,0,0,0,0,0,0,0,0,0,0,0,0,0,0,0,0,0,0,0,0,0,0,3.17536929544906e-06,0,0,0,0,0,0,0,0,0,0,0,0,3.64794863688319e-05,0,0,0,0,0,0,0,0,0,0,0,0,0,0,0,0,0,0,0,0,0,0,0,0,0,0,0,0.00192910537738124,0,0,0,0,0,0,0,0,0,0,0,0,0,0,0,0,0,0,0,0,0,0,0,0,0,0,0,0,0,0,0,0,0,0,0,0,0,0,0,0,0,0,0,0,0,0,0,0,0,0,0,0,0,0,0,0,0,0,0,0,0,0,0,0,0,0,0,0,0,0,0,0,0,0,0,0,0,0,0,0,0,0,0,0,0,0,0,0,0,0,0,0,0,0,0,0,0,0,0,0,0,0,0,0,0,0,0,0,0,0,0.000158679784195493,0,0,0,0,0,0,0,0.990221307256819,0,0,0,0,0,0.0011177347242921,0,0,0,0,0,0,0,0,0,0,0,0,0,0,0,0,0,0,0,0,0,0,0,0,0,0,0,0,0,0,0,0,0,0,0,0,0,0,0,0,0,0,0,0,0,0,0,0,0,0,0,0,0,0,0,0,0,0,0,0,0,0,0,0,0,0,0,0,0,0,0,0,0,0,0,0,0,0,0,0,0,0,0,0,0,0,0,0,0,0,0,0,0,0,0,0,0,0,0,0,0,0,0,0,0,0,0,0,0,0,0,0,0,0,0,0,0,0,0,0,0,0,0,0,0,0,0,0,0,0,0,0,0,0,0,0,0,0,0,0,0,0,0,0,0,0,0,0,0,0,0,0,0,0,0,0,0,0,0,0,0,0,0,0,0,0,0,0,0,0,0,0,0,0,0,0,0,0,0,0,0,0,0,0,0,0,0,0,0,0,0,0,0,0,0,0,0,0,0,0,0,0,0,0,0,0,0,0,0,0,0,0,0,0,0,0,0,0,0,0,0,6.00114021664116e-05,0,0,0,0,0,0,0,0,0,0,0,0,0,0,0,0,0,0,0,0,0,0,0,0,0,0,0,0,0,0,0,0,0,0,0,0,0,0,0,0,0,0,0,0,0,0,0,0,0,0,0,0,0,0,0,0,0,0,0,0,0,0,0,0,0,0,0,0,0,0,0,0,0,0,0,0,0,0,0,0,0,0,0,0,0,0,0,0,0,0,0,0,0,0,0,0,0,0,0,0,0,0,0,0,0,0,0,0,0,0,0,0,0,0,0,0,0,0,0,0,0,0,0,0,0,0,0,0,0,0,0,0,0,0,0,0,0,0,0,0,0,0,0,0,0,0,0,0,0,0,0,0,0,0,0,0,0,0,0,2.43013365735115e-07,0,0
0,0,0,8.66359686551065e-06,0,0,0,0,0,0,0,0,0,0,0,0,0,0,0,8.42722668397057e-06,0,0,0,0,0,6.45369474023879e-05,0,0,0,0,0,0.00176207843297955,1.48991328704669e-05,0,0,0,0,0,0,0,0,0,0,0,0,0,0,0,0,0,0,0,0,0.000986436498150432,0,0,0,0,0,0,0,0,0,0,0,0,0,0,0,0,0,0,0,9.89751127079096e-06,5.20826551737608e-05,2.56367528488842e-05,0,0,0,0,0,0,0,0,3.81239621810295e-05,0,0,0,0,0,0,9.85512959495417e-06,4.76054460630296e-05,0,1.93440434854098e-05,0,0,0,0,0,0,0,0,0,0,0,0,0,0,0,0,0,0,0,0,0,0,0,3.92010819498618e-05,0,0,0,0.000417710944026733,0,0,0,0,0,0,0,0,0,0,0,3.88284172242859e-05,2.70160745643658e-05,0,0,0.000122309197651663,0,7.53295668549906e-05,0,1.81996869653842e-05,0,0,0,0,0,0,0,6.69792364367046e-05,0,0,0,0,0,3.05231670838166e-05,0,0,0,0,7.43549706297866e-05,0,0,0,0,0,0,0,0,0,0,0,0,0,0,0,0,0,0,0,0,0,0,0,0,0,0,0,0,0,0,0,0,0,0,0,0,1.82575038340758e-05,0,0,0,0,0,0,0,0,0,0,0,0,4.27968604223194e-06,0,0,0,0,0,0,0,0,0,0,0,0,0,0,0,0,2.51768674941464e-05,0,1.40094283452764e-05,0,0.000273897562311695,0,0,0,0,0,0,0,0,0,0,0,0,0,0.0032032032032032,0,0,0,0,0,0,0,0,0,0,0,0,0.976923500578289,0,0,5.30760207845697e-06,0,0,0,0,0,4.08095871187966e-07,0,0,5.68752994839988e-06,0,2.83136129019471e-06,0,0,0,0,9.13876297704343e-06,0,0,0,0,0,0,0,0,0,0,0,0,0,0,0,0,0,6.70106546940964e-05,0,7.14694110920526e-05,0,0,0,0,0,0,0,0,0,0,0,0,0,0,4.80942647589275e-05,0,0,0,0.000106723585912487,0.000122249388753056,8.68298633949174e-06,0,0,0,0,0,0,0.000168288783552576,1.07308802541072e-05,0.000530082162735224,0,1.79314302108736e-05,0,0.000213153509281866,0,0,0,1.33109709022176e-05,0,0,0,0,0,0,0,0,0,0,1.55058793125727e-05,0,0,0,0,0,0,0,0,0,0,0,0,3.85104170678168e-05,0,0,0,0,0,0,0,0,0,0,0,0,0,0,0,0,0,0,0,0,0,0,0,0,0,0,0,0,0,0,0,0,0,0,0,1.66946998501651e-05,0,0,0,0,0,0,0,0,0,0,0,0,1.66184730946921e-05,0,0,0,0,0,0,0,0,0,0,0,2.43593491181916e-05,0,0,0,0,1.7702812268757e-05,0,0,0,0,0,0,0,0,0,0,0,0.000222074172773706,0,0,4.71253534401508e-05,0,0,0,0,0,0,0,0,0,5.53617892930299e-05,0,0,1.2903891813771e-05,0,0,0,0,0,0,0,0,0,0,0,0,0,0,0,0,0,0,0,0,0,0,0,0,0,0,0,0,0,0,0,0,0,0,4.05284915295453e-05,0,0,0,0,0,0,0,0,0,0,0,0,0,0.000157952930026852,0,0,0,7.47462986048188e-06,0,0,0,0,0,0,0,3.97413632082408e-06,0,0.000288838456777388,0.0001998001998002,0,0,0,0,0,0,0,3.92623905560863e-05,0,0,0,0,0,7.32198425773385e-05,0,0,0,0.000167224080267559,0,0,0,0,0,0,0,0,0,0,0,0,0,0,0,0,0,0,0,0,0,0,0,0,1.67302415846885e-05,0,0,0,0,0,0,0.000142433910665451,0,0,0,0,0,0,0,0,0,0,0,0,0,0,1.4719346225518e-06,0,0,8.93974611121044e-05,0,0,0,0,3.04766548823601e-05,0,0,0,8.21247310415058e-06,0,0,0,0,0,0,0,0,0,0,0,0,0.000329924117452986,0,0,0,0,0,0,0,0,0,0,0,0.000563530079410119,0,0,0,0,0,0,0,0,0,0.000322997416020672,0,0,0,0,0.000104975855553223,0,0,0,0,0,0,8.22828555442188e-06,0,0,0,0,0,0
0,0,0,0,0,0,0,0,0,0,0,0,0,0,0,0,0,0,0,0,0,0,0,0,0,0,0,0,0,0,0,0,7.44956643523347e-06,0,0,0,0,0,0,0,0,7.74035744970703e-06,0,0,0,0,0,0,0,0,0,0,0,0,0,0,0,0,0,0,0,0,0,0,0,0,0,0,0,0,0.000167954316425932,0,0,0,0,0,0,0.0025423363640281,0,0,0,0,0,0,0,0.000516473731077471,0,0,0,0,0,0,0,0,6.77041521989341e-05,0,0,0,0,0,0,0,0,0,0,0,4.98690936292233e-05,0,0,0,0,0,0,0,0,0,0,0,6.5335136583103e-06,0,0,0,0,0,0,0,0,0,0,0,0,0,5.93154991399253e-05,0,0,0,0,0,0,0,0,0,3.63993739307684e-05,0,0,0,0,0,0,0,0,0,0,0,0,0,0,0,0,0,0,0,0,0,7.64321473611801e-05,0,0,0,0,0,0,0,0,0,0,0,0,0,0,0,0,0,0,0,0,0,0,0,0,0,0,0,0,0,0,0,0,0,0,0,0,0,0,0,0,0,0,0,0,0,0.000113036925395629,0,0,0,0,0,0,0,0,0,0,0,0,0,0,0,0,0,0,0,0,0,0,0,0,0,0,0,0,0,2.75444153697838e-05,0,0,2.39097169089518e-05,0,0,0,0,0,0,0,0,0,0,0,0,0,0,0,5.50751776174478e-05,0.993422775821425,0,0,0,0,0,0,0,8.16191742375933e-08,0,0,7.10941243549986e-06,0,0,0,0,0,0,0,0,0,0,0,0,0,0,0,0,0,0,0,0,0,0,0,0,0,0,0,0,0,0,0,0,4.38543596715308e-05,0,0,0,0,0,0,0,0,0,0,0,0,0,0.000122249388753056,0,0,0,0,0,0,0,0,1.07308802541072e-05,0,0,0,0,0,0.000145153681460246,0,0,6.6554854511088e-06,0,0,0,0,0,0,0,0,0,0,0,0,0,0,0,0,0,7.94817788022096e-06,0,0,0,0,2.33399463181235e-05,0,0,0,0,0,0,0,0,0,0,0,0,0,0,0,0,0,0,0,0,0,0,0,0,0,0,0,0,0,0,0,0,0,0,0,0,0,0,0,0,0,0,0,0,0,0,0,0,0,0,0,0,0,0,0,0,0,0,0,0,0,0,0,0,0,0,0,0,0,0,0,0,0,0,0,0,0,0,0.000222074172773706,0,0,0,0,0,0,0,0,0.000130531262237306,0,0,0,0,0,0,0,0,0,0,0,0,0,0,0,0,0,0,0,0,0,0,0,0,0,0,6.58379858843358e-06,0,0,0,0,0,0,0,0,0,0,0,0,0,0,0,0,0,0,0,2.90338970748349e-05,0,0,0,0,0,0,0,0,0,0,0,0,0,0,0,0,0,0,0,0,0,0,0,0.0001998001998002,0,0,0,0,0,0,0,0.000719810493528249,0,0,0,0,0,0,0.000789993416721527,0,0,0,0,0,0,0,0,0,0,0,0,0,0,0,0,0,0,0,0,0,0,0,0,0,0,0,0,0,0,0,0,0,0,0,0,0,0,0,0,0,0,0,0,0,0,0,0,0,0,0,0,0,0,0,0,0,0,0,0,0,0,0,0,0,0,0,0,0,0,0,0,0,0,0,0,0,0,0,0,0,0,0,0,0,0,3.96852168598675e-06,0,0,0,0,0,0,0,0,0,0,0,0,0,0,0,0,0,0,0,0,0,0,0,0,1.91662673694298e-07,0,0,0
0,0,0,0,0,0,0,0,0,0,0,0,0,0,0,0,0,0,0,0,0,0,0,0,0,0,0,0,0,0,0,0,0,0,0,0,8.75886835420864e-05,0,0,0,0,0,0,0,0,0,0,0,0,0,0,0,0,0,0,0,0,0,0,0,0,0,0,0,0,0,0,0,0,0,0,0,0,0,0,0,0,0,0,0,0,0,0,0,4.23599579789217e-06,0,0,0,0,0,0,0,0,0,0,0,0,0,0,1.6412007024339e-05,0,0,0,0,0,0,0,0,0,0.000277238702522872,0,0,0,0,0,0,0,0,0,0,0,0,0,0,0,0,0,0,0,0,0,0,0,0,1.29428057414286e-05,0,0,0,0,0,0,0,0,0,0.00224796818260418,0,0,0,0,0,0,0,0,0,0,0,0,0,0,0,0,0,0,0,0,0,0,0,0,0,0,0,0,0,0,0,0,0,0,0,0,0,0,0,0,0,0,0,0,0,0,0,0,0,0,0,0,0,0,0,0,0,0,0,0,0,0,0,0,0,0,0,0,0,0,0,0,0,0,0,0,0,0,0,0,0,0,0,0,0,0,0,0,0,0,0,0,0,0,0,0,0,0.000472217849834724,0,0,0,0,0,0,0,0,0,0,0,0,0,0,0,0,0,0,0.978517722878625,0,0,0,0,0,0,0,0,0,1.42188248709997e-06,0,0,0,0,0,0,0,0,0,0,0,0,0,0,0,0,0,0,0,0,0,0,0,0,0,0,0,0,0,0,0,0,0,0,0,0,0,0,0,0,0,1.20235661897319e-05,0,0,0,0,0,2.17074658487294e-06,0,0,0,0,0,0,0,0,0,0,0,0,0,0,0,0,0,0,0,0,0,0,0,0,0,0,0,0,0,0,0,0,0,0,0,0,0,0,0,0,3.85104170678168e-05,0,0,0,0,0,0,0,0,0,0,0,0,0,0,0,0,0,0,0,0,0,0,0,0,0,0,0,0,0,0,0,0,0,0,0,0,0,0,0,0,0,0,0,0,0,0,0,0,0,0,0,0,0,0,0,0,0,0,0,0,0,0,0,0,0,0,0,0,0,0,0,0,0,0,0,0,0,0,0,0,0,0,0,0,0,0,0,0,0,0,0,0,0,0,0,0,0,0,0,0,0,0,0,0,0,0,0,0,0,0,0,0,0,0,0,0,0,0,0,0,0,0,0,0,0,0,0,0,0,0,0,0,0,0,0,0,0,0,0,0,0,0,0,0,0,0,0,0,0,0,0,0,0,0,0,0,0,0,0,0,0,0,0,0,0,0,0,0,0,0,0,0,0,0,0,0,0,0,0,0,0,0,0,0,0.000227014755959137,0,0,0,0,0,0,0,0,0,0,0,0,0,0,0,0,0,0,0,0,0,0,0,0,0,0,0,0,0,0,0,0,0,0,0,0,0,0,0,0,0,0,0,0,0,3.04766548823601e-05,0,0,0,0,0,0,0,0,0,0,0,0,0,0,0,0,0,0,0,0,0,0,0,0,0,0,0,0,0,0,0,0,0,0,0,0,0,0,6.45994832041344e-05,0,0,0,0,0,0,0,0,0,0,0,0,0,0,0,0,0,0
8.21827744904668e-05,0,0.000467570636564024,8.66359686551065e-06,0,0,1.43180731309903e-06,1.45888497421421e-05,0.000382628658886551,0.000178890876565295,0,0,0,0,0,0,0,0,0,0,0,0,0,0.00727016885553471,0,0,0.00031640563202025,0,0,0,0,0.000655657091341229,2.23486993057004e-05,0,0.000931098696461825,0,0,0.000360230547550432,0,0,0,7.74035744970703e-06,0,0,0.000100755667506297,0,0,0,0.00016530747189773,3.50680319820452e-05,0,0,0,0.000246609124537608,0.00017860332202179,0,0,0,0.000154942671211652,0,0,0,0,0.00171673819742489,5.34616412723871e-05,0.00258904754432763,0,6.55222120298781e-05,0,0,0,0.000284656988329063,0,2.22694003592797e-05,2.60413275868804e-05,0.00061528206837322,0,0,0,0,0,0,0,0.0015645371577575,7.20119285641669e-05,0,1.58105266486427e-05,0.000391338377250196,0.00014494854326714,0,0,0,9.52108921260592e-05,3.076232107865e-06,0,2.01178908403243e-05,0,0,0,5.74420245851865e-05,0,8.16459830176355e-06,0,0.000121241513094083,0.000143410296859315,0,0,0,0,1.98027644659194e-05,0,0,0,0,1.385148986625e-06,0,0,0,2.61340546332412e-05,0.0188784008883953,0,0,0.0012531328320802,0,0,3.35979733702463e-06,0.000768344218209758,0,0.00597779675491033,0,0,0,0,0,1.29428057414286e-05,2.70160745643658e-05,0,0,0.000163078930202218,0,0,0,0,0,0,0,0,0,3.50274965848191e-05,0.00256365437277865,6.69792364367046e-05,0,0,0,0.000486657474247709,0,4.57847506257249e-05,0,0.000219796322074877,0.000436153794538012,0,7.43549706297866e-05,0,0,0,0.000233154581487526,4.93778392257555e-05,7.24165399377218e-05,0,3.98612827360784e-05,4.77258626449673e-05,0,0,0,0.000216520515318826,6.0829100641747e-05,0.000116795141322121,1.05767501877373e-05,0.00709219858156028,2.85160260066157e-05,0,0,0,0,0.00280636108512629,0,0.000262881177707676,3.96384969081972e-05,0,0.0011522633744856,0,0.000157347626588703,0,3.45227574016792e-06,0,0,0,0,0.000127802526838531,0,0,0,0,0,0,0.0193206857634224,2.08685490097873e-05,0.000150647785477553,0,4.91827466924603e-05,0,0,0,0,0,8.61400637436472e-05,0,0.000112701453848755,0.000120148984741079,0,0,0,0,0,0,0,0,0,5.03537349882928e-05,0,0,1.38404473232575e-05,0,0,0.00011323379543506,0,0,0,0.000482453380320097,0,2.75444153697838e-05,0,0,2.39097169089518e-05,0,0,0.0002002002002002,0,0,1.63802846893479e-05,0,0.000163880694854146,0,0,0,0.000115366866635902,0,0.000368382716152745,0,0.000165225532852343,0,0,0.98830469882012,0,0,0,0,0.000613967766692249,5.06038880273078e-06,0.00174825174825175,0,2.70157672548995e-05,0.000201176402965915,2.83136129019471e-06,3.74728321966574e-05,0,3.32845160431367e-05,0,0,0,6.07182974589393e-05,0,0,0,0,8.21031544031922e-06,0,0,3.77643504531722e-05,4.93559054340852e-05,0,0,0,0,0,1.12731945978851e-05,0.000201031964082289,0.00366389838788471,0.00107204116638079,0,0,3.03665239440041e-05,0,0,0,0,4.32002764817695e-05,0,0,0,0,0,5.24870094651574e-05,3.60706985691956e-05,0,0,0,0,0,3.2561198773094e-05,2.5306205081486e-05,0,0,0,0,0,0.000112192522368384,2.14617605082145e-05,0,0,0,4.59833540258426e-05,2.42219896911212e-05,0,0,0,0.000965045390410777,0,1.6548345992818e-05,3.89574973703689e-05,0,0,4.0126800690181e-06,0,0,0,0,5.16862643752423e-06,0,0,0,0,0,0,0,4.24178154825026e-05,0,0,0,0,0,0,3.34313987697245e-05,8.34724540901503e-05,0,0,0,0,0,0.000194628260023355,0.00320708613317043,0.000122564039710749,0,0,0.00012809017548354,0,5.92880688690208e-06,0,0,0.00146370023419204,0.0210280373831776,0,0.000566564503027366,0.00138951905626134,0,0,0,0,0,2.26244343891403e-05,2.11967696123111e-05,0.000400300225168877,6.69030574697264e-05,6.4112153527237e-05,0,0.000129567245400363,1.25210248876238e-05,0,0,0.000101474766608037,0,0,0,0,0,0,0.000228990153423403,0,0.00274725274725275,0,0,2.38397207891901e-06,8.06907124989914e-05,0.000175870559268378,0,0,0,0.000359421331656034,0,0,0,0.000121796745590958,3.49737478305347e-05,4.65116279069767e-05,0,8.01956774529853e-05,7.08112490750281e-06,0,0,0,0,0.0487679671457906,2.87457097028269e-05,0,0.000757575757575758,3.28601472134595e-05,0.0013949433304272,0,0,0.000227128191151086,0,0,0,0.000221198156682028,0,0,0.000483067646127963,0,0.000170502983802217,0.000619770684846607,0,0.00124564025909317,0,0.000400641025641026,1.2903891813771e-05,0,0,0.000731693589238476,0,0,0,0,0,0.000262950302392848,0,0,0,0,0,0,0,0.000296794618124258,0.000415368639667705,0.00527704485488127,0,0,2.92860071457857e-05,0,0,0,0,0,0.000269106566200215,0,0.0140296013879667,0,0,0,0.000116049669258443,0.00068898435600227,0,0,0,0,1.45169485374174e-05,3.26519950368968e-05,2.43872698451408e-05,0.000308863272847609,0.000900360144057623,0,2.18436679887287e-05,0,0,0,0,0,0,1.74408030077911e-05,0,0.000376222723852521,0,0,0,0,6.17894216510133e-05,0,0,0,0.0004995004995005,9.12075884713608e-05,0.00167364016736402,0,0,0,2.38685131348428e-06,0.000134144160257557,0,0,0,0.000208719851576994,0.00916860916860917,0,0.000439319055464031,0,2.6967189021118e-06,0,0,0,0,0.000203832042397065,0,0,0,0.000222915737851092,0,0.000113507377979569,0,0,0.000101564086938858,0,0,0,0,0,0,0.0001900779319521,0,0,0,4.61562249746718e-06,0.000118764845605701,0,0,0.000161995788109509,0,0,0,6.83060109289617e-05,0,1.8067500180675e-05,0,0,0,0,0,0.000732529179078967,0.000107169649555246,0,2.35913599003501e-06,0,0,0.000645577792123951,0,7.35967311275902e-06,0,0,0,0,0,0,0.00867818400964243,0,0,0,0,1.64249462083012e-05,8.70080961033424e-06,0.00248498653965624,9.88837127538015e-05,0,0,0,7.5648687495272e-05,5.8173356602676e-05,0.00311009744972009,0,0,0,0,0,0,0.00047192071731949,0,0,0,0,0,0.000218150087260035,0.000923631448524442,0,3.57166951738808e-05,0,0,0,0.000188679245283019,0,0,0,0,0,0,0.000872491586688271,0,0,0.000141940164335168,0,0,0,0,0.000322113061684651,0,3.76662021168406e-05,0,0,4.37608034483513e-05,0,0,8.12274368231047e-07,7.63358778625954e-07
0,0,0,0,0,2.76571618220538e-05,0,0,0,0,0,0,0,0,0,0,0,0,0,0,0,0,0,0,0,0,0,0,0,0,0,0,0,0,0,0,0,0,0,0,0,0,0,0,0,0,0,0,0,0,0,0,0,0,0,0,0,0,0,0,0,0,0,0,0,0,0,0,0,0,0,0,0,0,0,0,0,0,0,0,0,0,0,0,0,0,0,0,0,0,0,0,0,0,0,0,0,0,1.90522157726944e-05,0,0,0,0,0,0,0,0,0,0,0,0,0,0,0,0.000156521835488625,0,0,0,0,0,0,0,0,0,0,0,0,0,0,0,0,0,0,0,0,0,0,0,0,0,0,0,0,0,0,0,0,0,0,0,0,0,0,0,0,0,0,0,0,0,0,0,0,0,0,0,0,0,0,0,0,0,0,3.18258489545209e-05,0,0,0,0,0,0,0,0,0,0,0,0,0,0,0,0,0,0,0,0,0,0,0,0,0,0,0,0,0,0,0,0,0,0,0,0,0,4.27968604223194e-06,0,0,0,0,0,0,0,0,0,0,0,0,0,0,0,0,0,0,0,0,0,0,0,0,0,0,0,0,0,0,0,0,0,0,0,0,0,0,0,0,0,0,0,0,0,0,0,0,0,0,0,0.966473243068988,0,0,0,0,8.16191742375933e-08,0,0,0,0,0,0,0,0,0,0,0,0,0,0,0,0,0,0,0,0,0,0,0,0,0,0,0,0,0,0,0,0,0,0,0,0,0,0,0,0,0,0,0,0,0,0,0,0,0,0,0,0,0.000440463955366319,0,0,0,0,0,0,0,0,0,0,0,0,0,0,0,0,0,0,0,0,0,0,0,0,0,0,0,0,0,0,0,0,0,0,0,0,0,0,0,0,0,0,0,0,0,0,0,0,0,0,0,0,0,0,0,0,0,0,0,0,0,0,0,0,0,0,0,0,0,0,0,0,0,0,0,0,0,0,0,0,0,0,0,0,0,0,0,0,0,0,0,0,0,0,0,0,0,0,0,0,0,0,0,0,0,0,0,0,0,0,0,0,0,0,0,0,0,0,0,0,0,0,0,0,0,0,0,0,0,0,0,0,0,0,0,0,0,0,0,0,0,0,0,0,0,0,0,0,0,0,0,0,0,0,0,0,0,0,0,0,0,0,0,0,0,0,0,0,0,0,0,0,0,0,0,0,0,0,0,0,0,0,0,0,0,0,0,0,0,0,0,2.11931757973932e-05,0,0,2.24294705299187e-06,0,0,0,0,0,0,0,0,0,0,0,0,0,0,0,0,0,0,0,0,0,0,0,0,0,0,0,0,0,0,0,0,0,0,0,0,0,0,0,0,0,0,0,0,0,0,0,0,0,0,0,0,0,0,0,0,0,0,0,0,0,0,0,0,0,0,0,0,0,0,0,0,0,0,0,0,0,0,0,0,0,0,0,0,0,0,0,0,0,0,0,0,0,0,0,0,0,0,0,0,0,0,0,0,0,0,1.91982798341269e-05,0,0,0,0,0,0,0,0,0,0,0,0,0,0,0,0,0,0,0,0,0,5.2707235265932e-07,0,0,0
0,0,0,0,0,0.000221257294576431,1.43180731309903e-06,0,0,0,0,0,0,0,0,0,0,0,0,0,0,0,0,0,0,0,0,0,1.1132882080513e-05,3.3559299281831e-05,0,0,0,0,0,0,0,0,0,0,0,0,0,0,0,0,0,0,0,0,0,0,0,0,0,0,0,0,0,0,0,0,0,0,0,0,0,0,0,0,0,0,0,0,3.90619913803206e-05,0,0,0,0,0,0,0,0,0,0,0,0,0,0,0,0,0,0,0,0,0,0.000292890092992605,0,1.27014771817962e-05,0,0,0,0,0,0,0,0,0,0,0,0,0.000401274350057151,0,0,9.69604290637501e-06,0,0,0,0,0,0,0,0,0,0,0,0,0,0,0,0,0,0,0,0,0,0,0,0,0.000241138172172655,0,0,0,0,0,0,0,0,0,0,0,0,0,0.000274097761534947,0,0,0,0,0,0,0,0,0,0,0,0,0,0,0,0,0,0,0,4.24344652726945e-05,0,0,0,0,0,0,0,0,0,0,0,5.08957654723127e-05,0,0,0,0,0,0,0,0,0,0,0,0,0,0,0,0,0,0,0,0,0,0,0,0,0,8.55937208446388e-06,0,0,0,0,0,0,0,0,0,0,0,0,0,0,0,0,0,0,2.10141425179146e-05,0,0,0.00110192837465565,0,0,0,0,0,0,0,0,0,0,0,0,0,0,0,0,0.000476039352586481,0,0,0,0,0,0,0,0.00257334019557385,0,0,0,0,0,0.964008941877794,0,0,0,3.50962449221651e-06,0,0,0,0,0,0,0,3.32845160431367e-05,0,0,0,0,0,0,0,0,7.3892838962873e-05,0,0,0,0,0,0,0,0,0,9.01855567830812e-05,0,0,0,0,0,0,0,0,0,0,0,0,0,0,0,0,0,0,0,0,0,0,0,0,0,0,0,0,0,0,0,0,0,0,0,0,0,0,0,0,0,0,8.27417299640901e-06,0,0,0,0,0,2.04561726500972e-05,0,0,0,0,0,0,0,0,0,0,0,0,0,0,0,0,0,0,0,0,0,0,0,0,0,0,0,0,0,0,0,0,0,0,0,0,0,0,0,0,0,0,0,0,0,0,0,0,0,0,0,0,0,0,0,0,0,0,0,0,0,0,0,0,0,0,2.38397207891901e-06,0,0,0,0,0,0,0,0,0,0,0,0,7.12893873865311e-05,0,0,0,0,0,0,0,5.74914194056537e-06,0,0,0,0,0,0,0,0,0,0,0,0,0,0,0,0,0,0,0,0,0,0,0,0,0,0.000746825989544436,0,0,0,0,0,0,5.05586733404116e-05,0,0,0,0,0,0,0,0,6.58379858843358e-06,0,0,0,8.71292649775207e-05,0,0,0,0,0,0,0,0.000180034206499235,0,0,0,0,0,0,0,0,0,0,0,0,0,0,0,0,0,0,0,0,1.66102885788486e-06,0,0,0,0,2.73374922771584e-06,0,0,0,2.24294705299187e-06,0,0,0,0,0,0,0,0,0,0,0,0,0,0,0,0,0,0,0,0,0,0,0,0,0,0,0,0,0,0,0,0,0,0,0,0,0,0,0,0,0,0,4.61562249746718e-06,0,0,0,0,0,0,0,0,0,0,0,0,0,0,0,0,0,0,2.35913599003501e-06,0,0,0,0,0,0,0,0,0,0,0,0,0,0,0,0,0,7.25067467527853e-07,0,0,0,0,0,0,0,0,0,0,0,0,0,0,0,0,0,0,0,0,0,2.25275963054742e-05,0,0,0,0,1.91982798341269e-05,0,0,0,0,0,0,0,0,0,0,0,0,0,0,0,0,0,0,0,0,0,4.79156684235745e-08,3.1591737545565e-06,0,0
0,0,0,0,0,0,0,0,0,0,0,0,0,0,0,0,0,0,0,0,0,0,0,0,0,0,0,0,0,0,0,0,0,0,0,0,0,0,0,0,0,0,0,0,0,0,0,0,0,0,0,0,0,0,0,0.000135098621994056,0,0,0,0,0,0,0,0,0,0,0,0,0,0,0,0,0,0,0,0,0.000111982082866741,0,0,0,0,0,0,0,0,0,0,0,0,0,0,0,0,0,0,0,0,0,0,0,0,0,0,0,0,0,0,0,0,0,0,0,0,0,0,0,0,0,0,0,0,0,0,0,0,0,0,0,0,0,0,0,0,0,0,0.000486289342158584,0,0,0,0,0,0.00147167034584253,0,0,0,0,0,0,0,0,0,0,0,0,0,0,0,0,0,0,0,0,0,0,0,0,0,0,0,0.000239167696416471,0,0,0,0,0,0,0,0,0,0,0,0,0,0,0,0,0,0,0,0,0,0,0,0,0,0,0,0,0,0,0,0,0,0,0,0,0,0,0,0,0,0,0,0,0,0,0,0,0,0,0,0,0,0,0,0,0,0,0,0,0,0,0,0,0,0,0,0,0,0.00148809523809524,0,0,0,0,0,0,0,0,0,0,0,0,0,0,0,0,0,0,0,0,0,0,0,0,0,0.986633568837121,0,0,0,0,0,0,0,0,0,0,0,0,0,0,0,0,0,0,0,0,0,0,0,0,0,0,0,0,0,0,0,0,0,0,0,0,0,0,0,0,0,0,0,0,0,0,0,0,0,0,0,0,0,1.30244795092376e-05,0,0,0,0,0,0,0,0,0,0,0,0,0,0,0,0,0,0,0,0,0,0,0,0,0,0,0,0,0,0,0,0,0,0,0,0,0,0,0,0,0,0,3.34313987697245e-05,0,0,0,0,0.000136855070480361,0,0,0,0,0.00191828122002686,0,0,0,0,0,0,0,0,0,0,0,0,0,0,0,0,0,0,0,0,0,0,0,0,0,0,0,0,0,0,0,0,0,0,0,0,0,0,0,0,0,0,0,0,0,0,0,0,0,0,0,0,0,0,0,0,0,0,0,0,0,0,0,0,0,0,0,0,0,0,0,0,0,0,0,0,0,0,0,0,0,0,0,0,0,0,0,0,0,0,0,0,0,0,0,0,0,0,0,0,0,0,0,0,0.00108459869848156,0,0,0,0,0,0,0,0,0,0,0,0,0,0,0,0,0,0,0,0,0,0,0,0.000641623891740551,0,0,0,0,0,0,0,0,0,0,0,0,0,0,0,0,0,0,0,0,0,0,0,0,0,0,0,0,0,0,0,0,0,0,0,0,0,0,0,0,0,0,0,0,0.000158503724837534,0,0,0,0,0,0,0,0,0,0,0,0,0,0,0,0,0,0,0,0,0,0,0,0,0,8.7123192193762e-05,0,0,0,0,0,0,0,0,0,0,0,0.000660174946360786,0,0,0,0,0,0,0,0,0,0,0,0,0,0,0,0,0,0,0,0,0,0,0,0,0,0,0,0,0,0,0,0,0,0,0,0,0,0,0,0,0,0,0,0,0,0,0,0,0,1.57711293705742e-05,0,0,0,0,0,0,0,0,0,0,0,0,0,0
0,0,0,0,0,0,0,0,0,0,0,0,0,0,0,0,0,0,0,0,0,0,0,0,0,0,0.000158202816010125,0,0,0,0,0,0,0,0,0.00150338261087447,0,0,0,0,0,0,0,0,0,0,0,0,0,0,0,0,0,0,0,0,0,0,0,0,0,0,0,0,0,0,0,0,0,0,0,0,0,0,0,0,0,0,0,0,0,0,0,0,0,0,0,0,0,0,0,0,0,0,0,0,0,0,0,0,0,0,0,0,0,0,0,0,0,0,0,0,0,0,0,0,0,0,0,0,0,0,0,0,0,0,0,0,0,0,0,0,0,0,0,0,0,0,0,0,0,0,0,0,0,0,0,0,0,0,0,0,0,0,0,0,1.52615835419083e-05,0,0,0,0,0,0,0,0,0,0,0,0,0,0,0,0,0,0,0.000699534657380091,0,0,0,5.70320520132314e-05,0,0,0,0,0,0,0,0,0,0,0,0,0,0,0,0,0,0,0,0,0,0,0,0,0,0,0,0,0,0,0,0,0,0,0,0,0,0,0,0,0,0,0,0,0,0,0,0,0,0,0,0,0,0,0,0,0,0,0,0,0,0,0,0,0,0,0,0,0,0,0,0,0,0,0,0,0,0,0,0,0,0,0,0,0,0,0.978207236842105,0,0,0,0,0,0,0,0,0,0,0,0,0,0,0,0,0,0,0,0,0,0,4.93559054340852e-05,0,0,0,0,0,0,0,0,0,0,0,0,0,0,0,0,0,0,0,0,0.000188957333434111,0,0,0,0,0,0,0,0,0,0,0,0,0,0,0,0,0,0,0,0,0.000183933416103371,0,0,0,0,0,0,0,0,0,0,0,0,0,0,0,0,0,0,0,0,0,0,0,0,0,0,0,0,0,0,0,0,0,0,0,0,0,0,0,0,0,0,0,0,0,0,0,0,0,0,0,0,0,0,0,0.000244857982370225,0,0,0,0,0,0,0,0,0,0,0,0,0,0,0,0,0,0,0,0,0,0,0,0,0,0,0,0,0,0,0,0,0,0,4.37171847881684e-06,0,0,0,0,0,0,0,0,0,0,0,0,0,0,0,0,0,0,0,0,0,0,0,0,0,0,0,0,0,0,0,0,0,0,0,0,0,0,0,0,0,0,0,0,0,0,0,0,0,0,0,0,0,0,0,0,0,0,0,0,0,0,0,0,0,0,0,0,0,0,0,0,0,0,0,0,0,0,0,0,0,0,0,0,0,0,0,0,0,0,0,0,0,0,0,0,0.00118569865012769,0,0,0,0,0,0,0,0,0,0,0,0,0,0,0,0,0,0,0,0,0,0,0,0,0,0,0,0,0,0,0,0,0,0,0,0,0,0,0,0,0,0,0,0,0,0,0,6.83060109289617e-05,0,0,0,0,0,0,0,0,0,0,0,0,0,0,0,0,0,0,0,0,0,0,0,0,0,0,0,0,0,0,0,0,0,0,0,0,0,0,0,0,0,0,0,0,0,0,0,0,0,0,0,0,0,0,0,0,0.000188679245283019,0,0,0,0,0,0,0,0,0,0,0,0,0,0,0,0,0,0,0,0,0,0,0,0
0,0,0,0,0,0,0,0,0,0,0,0,0,0,0,0,0,0,0,0,0,0,0,0,0,0,0,0,0,0,0,0,0,0,0,0,0,0,0,0,0,0,0,0,0,0,0,0,0,0,0,0,0,0,0,0,0,0,0,0,0,0,0,0,0,0,0,0,0,0,0,0,0,0,0,0,0,0,0,0,0,0,0,0,0,0,0,0,0,0,0,0,0,0,0,0,0,0,0,0,0,0,0,0,0,0,0,0,0,0,0,0,0,0,0,0,0,0,0,0,0,0,0,0,0,0,0.00115251632731464,0,0,0,0,0,0,0.000209380234505863,0,0,0,0,0,0,0,0,0,0,0,0,0,0,0,0,0,0,0,0,0,0,3.05231670838166e-05,0,0,0,0,0,0,0,0,0,0,0,0,0,0,0,0,0,0,0,0,0,0,0,0,0,0,0,0,0,0,0,0,0,0,0,0,0,0,0,0,0,0,0,0,0,0,0,0,0,0,0.000150647785477553,0,0,0,0,0,0,0,0,0,0,0,0,0,0,0,0,0,0,0,0,0,0,0,0,0,0,0,0,0,0,0,0,0,0,0,0,0,0,0,0,0,0,0,0.000163880694854146,0,0,0,0,0,0.000590249579290193,0,0,0,0,2.65380103922849e-06,0,0,0,0,0.968380660015349,0,0,0,0,0,0,0,0,0,0,0,0,0,0,0,0,0,0,0,0,0,0,0,0,0,0,0,0,0,0,0,0,0,0,0,0,0,0,0,0,0,0,0,0,0,0,0,0,0,0,0,0,0,0,0,0,0,0,0,0,0,0,0,0,0,0,0,0,0,0,0,0,0,0,0,0,0,0,0,0,0,0,0,0,0,0,0,0,0,0,0,0,0,0,0,0,0.000100190361687206,0,0,0,0,0,0,0,0,0,0,0,0,0,0,0,0,0,0,0,0,0,0,0,0,0,0,0,0,0,0,0,0,0,0,0,0,0,0,0,0,0,0,0,0,0,0,0,0,0,0,0,0,0,0,0,0,0,0,0,0,0,0,0,0,0,0,0.000220005866823115,0,0,0,0,0,0,0,0.00199872808212955,0,0,0,0,0,0,0,0,0,0,0,0,0,0,0,0,0,0,0,0,0,0,0,0,0,0,0,0,0,0,0,2.47328848436882e-05,0,0,0,0,0,0,0,0,0,0,0,0,0,0,0,0,0,0,0,0,0,0,0,0,0,0,0,0,0,0,0,0,0,0.000201409869083585,0,0,0,0,0,0,0,0,0,0,0,0,0,0,0,0,0,0,0,0,0,0,0,0,0,0,0,0,0,0,0,0,0,0,0,0,0,0,0,0,0,0,0,0,0,0,0,0,0,0,0,0,0,0,0,0,0,0,0,0,0,0,0,0,0,0,0,0.000293599530240752,0,0,0.000107169649555246,0,0,0,0,0,0,0,0,0,0,0,0,0,0,0,0,0,0,0,0,0,0,0,0,0,0,0,0,0,0,0,0,0,0,0,0,0,0,0,0,0,0,0,0,0,0,0,0,0,0,0,0,0,0,0,0,0,0,0.000209951711106446,0,0,0,0,0,0,0,0,0,0,0,0,0
0,0,6.6795805223432e-05,0.000532811207228905,0.000652826739783262,0.00478468899521531,0.0230764384652171,0.0129220736591023,0,0.000178890876565295,0,0,0,0,0,0,0.0036187704047516,0,7.63009308713566e-05,0.000606760321245881,0.00884519741516392,0.00050125313283208,0.00100953725438697,0.000234521575984991,0,0,0,0.000220555800617556,0.00896197007481297,0.00771863883482113,0.000870322019147084,0.000409785682088268,0.000327780923150273,0,0,0,0,0,0,0.000869313242538395,4.43390161172324e-05,0.000944323608864257,0,0.000130616509926855,0.00322418136020151,0,0,0.000100986299525364,0.000606127396958343,0.000280544255856361,0,0,0.00139480252532668,0.000246609124537608,0.00017860332202179,0,0.000108295429932857,0,0,6.66666666666667e-05,0.020803333086691,0,0.0120850028157345,0,0.00144346431435445,7.84559861917464e-05,0,6.55222120298781e-05,0,0,0,0,0,0.000356310405748475,0.0126430645434304,5.12735056977683e-05,0.000111982082866741,0.000129271340543801,5.39956803455724e-05,0,0,5.76003686423593e-05,3.19693094629156e-05,0.000260756192959583,0.00019485580670304,0.000178094390026714,0.00401587376875524,0,0.000628110354157607,0.000140874832711136,0,0.0208731644821129,4.76054460630296e-05,0.00319005269585601,0.000135408304397868,0.000885187196974269,0.000439335139488907,0.000347300251281947,0.000616021643317118,6.5648028097356e-05,0,0.000489875898105813,0.000209336403600586,0,0,0.00809626596484686,0,0.00194117862505952,0,9.90138223295972e-05,0,0.000218876918212992,0,0,0.001030550846049,0,0,0.000539242972446424,0.000506347308519049,0.000370164723301869,0.000711743772241993,0.000220361392684002,0,0,0.00204338258409305,0.00787872475532276,0,0,0.000170794192997438,0.000892080309254507,0.00074173971679029,0.000115861429730043,0.000148288747849813,0,2.58856114828573e-05,0,0,0,0.000815394651011089,0,0,0.000367917586460633,0.000109198121792305,0.000429000429000429,0,0,8.05996614814218e-05,0,0.000945742407790115,0,0.000937709310113865,0.000297000297000297,0,0,0,0.00524340926956959,1.52615835419083e-05,0.000120685493603669,0,0.000201301751325237,0,3.71774853148933e-05,0.000160485736830139,0,0,0,7.40667588386332e-05,7.24165399377218e-05,0,3.98612827360784e-05,0,0.00663507109004739,0,0.000880515154408411,0,3.04145503208735e-05,0,8.46140015018985e-05,0,2.85160260066157e-05,0,0,0.000573526038082129,0,0,0.00478420195439739,0.00420609884332282,7.92769938163945e-05,0.00184178437150696,0.0011522633744856,0,8.12116782393308e-05,0.0196218115926145,0.0473099867432612,0,1.92722787542399e-05,0.00028169014084507,0.000691048267063576,0.000365150076681516,0,0,5.26094276094276e-05,0,0,0.00521245267143458,2.68716074595582e-05,0.000146079843068511,0,0.0229029731294486,0.00183615587651852,3.76789751318764e-05,0.00135238078934529,0,0.00222599730537168,0,4.30700318718236e-05,0,0,0,0,0.000161030595813205,7.71604938271605e-05,0,0.00227768814653127,0.00119617224880383,0.000639181847235539,0.0178181055909921,0,2.51768674941464e-05,0,0.00513445548854379,0.000359851630404695,0,0.00165289256198347,3.23525129814458e-05,0,0.000148500148500148,0.00023755790473928,0.000797096889224509,0,0.000192810907588486,0,6.99581999755146e-05,4.78194338179036e-05,0.000136407038603192,0,0.0004004004004004,0,0.000827357970215113,9.00915657914135e-05,0.000158679784195493,0,0,0,0,0.000922934933087217,0,0.000104654180725212,0.000772002058672156,0.000550751776174478,2.91027618520998e-05,0,0.000153920460275252,0.00107457554266065,0.00916542473919523,0,0,0,0.986964764920862,0.000582750582750583,0.000704504425168421,0.000162094603529397,8.62184584139636e-05,4.81331419333101e-05,3.74728321966574e-05,0.000280714887246187,0.00312874450805485,0.0033167495854063,0.00066712969732417,0.0304045876854903,6.07182974589393e-05,0,0.000398724082934609,0.000139230519329837,0.00794722132441014,0.000788190282270645,0,0.0014200703272924,0,0.000148067716302256,0,0.000106951871657754,6.08124543906592e-05,0,0.000548847420417124,0.000439654589317521,0,0,7.14694110920526e-05,0.00464317516855362,0,9.10995718320124e-05,0,0,0.000164453848768241,0.00190526594337126,0,0,0,0.000362056480811006,0.000151165866747288,6.45411126887827e-05,1.74956698217191e-05,0.000120235661897319,0.000240038406144983,9.26011667747014e-05,0,0,0.000855745721271394,0.000186684206299072,7.59186152444579e-05,0.0014682131845544,0,0,0.000279392042914618,0.000393878010353365,0.000897540178947073,0.000536544012705362,0.00066260270341903,0.000134553283100108,0.000233108592741357,0,0.000305197070108127,0.000580614725840984,0.00170973893601631,0,9.98322817666321e-05,0,0.00124112594946135,0,0.000221092195445501,0.0201649199399532,0.0116728863207736,0.000176928520877565,0.00206607343765981,5.26731630234396e-05,0.000488639139995114,0.000563380281690141,0,0.000150127608467197,0,6.81663258350375e-05,0,0,3.17927115208838e-05,0.0032237539766702,0.000260654242147791,0,0,0.000116699731590617,3.85104170678168e-05,0,6.6862797539449e-05,0,0,0,0,0,0.000404030801406978,0.000778513040093422,0.00030543677458766,0,0,0.000388915896937287,0.000256180350967081,0.000615826747408396,0.00183200132805274,6.7598017124831e-05,0.000625812352573052,0,0,0.000336417157275021,0.000307173525737728,2.83575317604356e-05,0.000124719381391868,0,0.000495123038074962,0,0,6.78733031674208e-05,0.000127180617673866,0.000400300225168877,0,0,0.000317264690270346,0,0.000463277920842081,0,0,0.000101474766608037,0,0.000202897374507974,0.00481842848795793,0.000513962652047285,0.000123754718148629,6.09421658845755e-05,0.000140917017491325,2.03636956034781e-05,8.76782791676409e-05,0.000714594343071759,0,0.0105264287144669,0,0.000175870559268378,0,3.63279689032586e-05,0,0,0,0,0,0,0.000113664680449238,0,0.000594078228221092,0,0.000460273118987682,0,0.00143292136843991,0,0,0.000146670577882077,0.00158676317559604,0.00404651528247034,0.000757575757575758,0.000262881177707676,0,0,0.000888296691094826,4.54256382302171e-05,0.000373692077727952,0.000141376060320452,0.0008825346394846,0.000294930875576037,0,0,4.99725151166858e-05,0.000913718835661141,0.000937766410912191,7.74713356058258e-05,0.00181543116490166,0.00016608536787909,0.000892325996430696,0,2.58077836275421e-05,0.000131700250230475,0.000858922052823706,5.62841222491135e-05,0.00653472740851382,0,0,0,0,0,0.00335961865158853,0.00404469386723292,0,0,0,0,0,7.41986545310645e-05,0,0,0.000309438533656378,0,0.00120072629297722,0,0.00534973686961977,0.00296912114014252,0,0,0.00017940437746681,0,4.28384775205089e-05,0.00446192374166696,0.000780148228163351,0,0,0.000121585474588636,4.54256382302171e-05,0,0,0.000125109470786939,0.000116135588299339,0.00574675112649383,0.00126813803194732,0.000352986597540125,0,0,0.00154153885520457,0,0,0,6.6010957818998e-05,0,0.00227203877612845,0.000958413650999566,7.98849656494648e-05,0,0,0,0.00113177218027436,0.000508636219137438,0,0.00104917198869756,0.00454196778230853,0.000123787910047452,9.99000999000999e-05,0,0,0.000165070980521624,0,0,0.00307426449176775,0.00728849937399392,0.000654373175934772,0,1.44684298859888e-05,0,0.0153846153846154,0,3.66099212886692e-05,0.000164581961816985,0.0131303243343824,0,0,0,0.000112790435371081,0,0.00099188984188109,5.86544665376268e-05,0,0,0.00820099419595088,0,0,0.00626123154614317,0,0,0.000434656621269197,0,0.000332005312084993,0,0.00124409056979348,0,0.00179562906083875,0.0252784698058432,0,0.00193163801519001,0,0.000585558455464097,0.000377500943752359,0.000161995788109509,0.000113546042920404,0,0,0,0.000113947128532361,0.000451687504516875,0.000127534753220253,9.6515780330084e-05,8.7123192193762e-05,0,0.000255015300918055,0.000170923475118426,0.000321508948665738,0,0.0239947721546461,0,0,0.00027667619662455,0,0.000990612000977365,0,0.000242372014111437,0.000178794922224209,0.00132780082987552,0,0,0,3.04766548823601e-05,0,0,0.000304730244476764,0.000492748386249035,0.0177068726244977,0,0.00526281093434121,0.000238606537819136,7.5041272699985e-05,0.00440528634361234,0.000151297374990544,5.8173356602676e-05,0,0,0,0,0,0,0,0.000157306905773163,0.00417078257051915,9.59877135726627e-05,0.00131298211061874,0.00208601754708878,0,0.000218150087260035,9.01103852218968e-05,0.000317662007623888,0.000353198430052821,0,0,0.0015742589463984,0,7.92032156505554e-05,0.000421298246751142,0,0.00162319489533192,5.71363272768826e-05,0.000258397932816537,0,0,0,4.73133881117227e-05,0.000104975855553223,0.000240384615384615,0.0195143042444332,0.00113997169197812,8.05282654211628e-05,4.50024751361325e-05,0.000941655052921014,0.00118487311983675,7.7930174563591e-05,0.000109402008620878,1.90704360325827e-05,4.25273390036452e-06,1.08303249097473e-06,2.29007633587786e-06
0,0,0,0,0,0,0,0,0,0,0,0,0,0,0,0,0,0,0,0,0,0,0,0.000234521575984991,0,0,0,0,0,0,0,0,0,0,0,0,0,0,0,0,0,0,0,0,0,0,0,0,0,0,0,0,0,0,0,0,0,0,0,0,0,0,0,0,0,0,0,0,0,0,0,0,0,0,0,0,0,0,0,0,0,0,0,0,0,0,0,0,0,0,0,0,0,0,0,0,0,0,0,0,0,0,0,0,0,0,0,0,0,0,0,0,0,0,0,0,0,0,0,0.000185082361650935,0,0,0.00208855472013367,0,0,0,0,0,0,0,0,0,0,0,0,0,0,0,0,0,0,0,0,0,0,0,0,0,0,0,0,0,0,0,0,0,0,0,0,0,0,0,0,0,0,0,0,0,0,0,0,0,0,0,0,0,0,0,0.000545553737043099,0,0,0,0,0,0.000103939299449122,0,0,0,0,0,0,0,0,0,0,0,0,0,0,0,0,0,0,0,0,0,0,0,0,1.63942488974868e-05,0,0,0,0,0,0,0,0,0,0,0,0,0,0,0,0,0,0,0,0,0,0,0,0,0,0,0,0,0,0,0,0,0,0,0,0,0,0,0,0,0,0,0,0,0,0,0,0,0,0,0,0,2.38842093530564e-05,0,0,0,0,0,0,0.958041958041958,0,0,0,0,0,0,0,0,0,0,0,0,0,0,0,0,0,0,0,0,0,0,0,0,0,0,0,0,0,0,0,0,0,0,0,0,0,0,0,0,0,0,0,0,0,0,0,0,0,0,0,0,0,0,0,0,0,0,0,0,0,0,0,0,0,0,6.6554854511088e-06,0,0,0,0,0,0,0,0,0,0,0,0,0,0,0,0,0,0,0,0,0,0,0,0,0,0,0,0,0,0,0,0,0,0.00427611484422724,0,0,0,0,0,0,0,0,0,0,0,0,0,0,0,0,0,0,0,0,0,0,0,0,0,0,0,0,0,0,0,0,0,0,0,0,0,0,0,0,0,0,0,0,0,0,0,0,0,0,0,0,0,0,0,0,0,0,0,0,0,0,0,0,0,0,0,0,0,0,0,0,0,0,0,0,0,0,0,0,0,0,0,0,0,0,0,0,0,0,0,0,0,0,0,0,0,0,0,0,0,0,0,0,0,0,0,0,0,0,0,0,0,2.14192387602545e-05,0,0,0,0,0,0,0,0,0,0,0,0,0,0,0,0,0,0,0,0,0,0,0,0,0,0,0,0,0,0,0,0,0,0,0,0.000209205020920502,0,0,0,0,0,0,0,0,0,0,0,0,0,0,0,0,0,0,0,0,0,0,0,0,0,0,0,0,0,0,0,0,0,0,0,0,0,0,0,0,0,0,0,0,0,0,0,0,0,0,0,0,0,0,0,0,0,0,0,0,0,0,0,0,0,0,0,0,0,0.000482121333869024,0,0,0,0,0,0,0,0,0,0,0,0,0,0,0,0,0,0,0,0,0,0,0,0,0,0,0,4.50551926109484e-05,0,0,0,0,0,0,0,0,0,0,0,0,0,0,0,0,0,0,0,0,0,0,0,0,0,0,0,0,0,0
0,0,0,4.33179843275533e-06,0,0,1.43180731309903e-06,3.64721243553552e-06,0,0,0,0,0,0,0,0,0,0,0,1.68544533679411e-05,0,0,0,0,0,0,0,0,0,0,0,0,0,0,0,0,0,0,0,0,0,0,0,0,0,0,0,0,5.51024906325766e-05,0,0,0,0,0,0,0,0,0,0,0,5.69174639854747e-06,0,0,0,0,0,0,0,0,0,0,0,0,0,0,0,0,0,0,0,0,0,0,0,0,0,0,0,0,0,0,0,0,0,0,0,0,0,0,0,0,0.00218811234487263,0,0,0,0,0,0,0,0,0,0,0,0,0,0,0,0,0,0,0,0,0,0,0,6.71959467404926e-06,0,0,0,0,0,0,0,0,0,0,0,0,0,0,0,0,0,0,0,0,0,0,0,0,0,0,0,0,0,0,0,0,0,0,0,0,0,0,0,0,0,0,0,0,0,0,0,0,0,0,0,0,0,0,0,0,0,0,0,0,0,0,1.27019611828066e-05,0,0,0,0,3.45227574016792e-06,0,0,0,0,0,0,0,0,0,0,0,0,0,0,0,1.63942488974868e-05,0,0,0,0,0,0,0,0,0,0,0,0,0,0,0,0,0,0,0,0,0,0,0,0,0,0,0,0,0,0,0,0,0,0,0,0,0,0,0,0,0,0,0,0,0,0,0,0,0,0,0,0,0,0,0,0,0,0,9.79430090851119e-07,0,0.9665360398045,0,0,0,0,0,0,0,0,0,0,0,0,0,0,0,0,0,0,0,0,0,0,0,0,0,0,0,0,0,0,0.000151832619720021,0,0,0,0,0,0,0,0,0,0,0,0,0,0,0,0,0,0,0,0,0,0,0,0,0,0,0,0,1.79314302108736e-05,0,0,0,0,0,0,0,0,0,0,0,0,0,0,0,0,0,0,0,0,0,0,0,0,0,0,0,0,0,0,0,0,0,0,0,0,0,4.75330354596445e-05,0,0,0,0,0.00641711229946524,0.00012809017548354,0,0,0,0,0,0,0,0,0,0,0,0,0,0,0,2.11967696123111e-05,0,0,0,5.49111963929445e-05,0,0,0,0,0,0,0,8.00403403315271e-06,0.00346068185711838,0,0,0,0,1.46130465279401e-05,1.66184730946921e-05,0,0,0,0,0,0,0,0,0,0,0,0,0,0,0,0,0,0,8.95575855274942e-05,0,0,0,7.47388452273498e-05,0,0.000108225108225108,0,0,0,0,0,0,0,0,0,0,0,0,0,0,0,0,0,0,0,0,0,5.36826283014816e-05,0,0,0,0,0,0,0,5.07112249296382e-05,0,0,0,0,0,0,0,0,0,6.58379858843358e-06,0,0.00448075909330522,0,0,0,0,0,0,0,0,0,0,0,0,0,0,0,0,0,0,0,0,0,0,0,0,0,0,0,0,0,0,8.30514428942431e-07,0,0,0,0,2.73374922771584e-06,0,0,7.94827264164815e-06,0,0,0,0,0,0,0,0,0,0.000134144160257557,0,0,0,0,0,0.000237079184447606,0,0,0,0,0,0,0,0,0,0,0,0,2.49421964597046e-06,0,0,0,0,0,0.000144885540423066,0,0,0,0,0,0,0,0,0,0,1.67302415846885e-05,0,0,0,0,0,0,0,0.00146346751463468,0,0,0,0,0,0,0,0,7.07740797010503e-06,0,0,0,0,0.00100091554333523,0,8.07906713704791e-05,0,0.0016597510373444,0,0,0,0,0,0,0,4.10623655207529e-05,0,0,3.29612375846005e-05,0,0,0,0,0,0,0,0,0,0,0,0,0,0,0,0,0,0,0,0,0,3.96852168598675e-06,0,0,0,0,0,0,0,0,0,0,0,0,0,0,0,0,1.44123369604381e-05,0,0,0,9.41655052921014e-05,0,7.7930174563591e-05,0,0,0,0,0
0,0,0,1.73271937310213e-05,0,5.53143236441076e-05,4.2954219392971e-06,0,0.000191314329443275,0.000178890876565295,0,0,0,0,0,0.00112230041252123,0,0,0,2.52816800519117e-05,2.11455831105999e-06,0,8.20761995436563e-06,0,0.000764869972104742,0,0,0,0,0,0,8.19571364176536e-05,0.00017134002801037,0,0,0,0.000525532101252518,0,0,0,0.0171813687454275,7.74035744970703e-06,0,0.00796760710553814,0,0,0,0,0,0,0,0,0,0.000246609124537608,0.000357206644043579,0,0.000270738574832142,0,0.000154942671211652,0,5.69174639854747e-06,0,6.47295276686366e-06,0,5.34616412723871e-05,3.92279930958732e-05,0.000171467764060357,6.55222120298781e-05,0,0,0,0,0,3.71156672654661e-05,1.30206637934402e-05,3.84551292733262e-05,0,0.000473994915327272,0,0,0,0,0,0,0.000584567420109119,0.000605520926090828,6.32421065945707e-05,0,0,0,0,7.88410367596334e-05,4.76054460630296e-05,2.1533624755055e-05,0.000183768413111393,0,0,0,6.35073859089812e-06,0.000131296056194712,0,0,0,0,0,7.17118331695913e-06,0.00251838922827578,0,0,0.00069309675630718,0,1.21598287896106e-05,0,0.000416768815886247,6.92574493312501e-06,0,0.000317712470214456,0,0.000192738652920154,0,0.00462633451957295,0,0,0.000647249190938511,0,3.35979733702463e-06,0,0,0,4.40533486051609e-05,0,0.000463445718920171,5.93154991399253e-05,0,0.00157902230045429,0,0,0.0002426301103967,0.00203848662752772,0,0,0,0.00021839624358461,4.29000429000429e-05,0.000172920629431091,0,0,0,0,0,0.000133958472873409,0,0,0,0.000243328737123854,0,0,0,0,0,0.00116009280742459,0,0,0,0.00321015018916956,0,0.0002222002765159,7.24165399377218e-05,0,0,0,0,0,1.06086163181736e-05,0.000108260257659413,0,0,2.11535003754746e-05,0.000545553737043099,0,4.83582378258136e-05,0,0,0,0.000103939299449122,0.000152687296416938,0,0,2.54039223656132e-05,0,0,3.04543793397491e-05,1.09598649744635e-05,3.45227574016792e-06,0,0.00136833179155103,0,0,0.000419922588183744,0,0,0.000157828282828283,0,0,1.2620950778292e-05,0,2.08685490097873e-05,0,0,0,0.00241145440844009,4.27968604223194e-06,0.000153869826127096,0,0,4.30700318718236e-05,0.00475624256837099,0,0,0,0.000161030595813205,0,0,0,0,0,1.99642639674982e-05,0,0.0014099045796722,0,1.40094283452764e-05,0,0,0,0,0,0,0,4.19524678539215e-05,0,0,0,0.000629623799779632,0.000789020657995409,0.00900286454781067,0,0,0.000223989248516071,0,0.000278464839718914,0,0.000327761389708292,0.000238891543239369,0,0,0,0,1.67446689160339e-05,0,0.000110150355234896,0.000116411047408399,0.000358037952022914,3.98070155884273e-05,0,0,0,0,0,1.08553501735999e-05,0,0,0.989172364860734,2.87394861379879e-05,0.000662538541905563,0,0,0.00019970709625882,0,4.56938148852171e-05,0,0,0,0,0,0,0,0,0,0,0,0,0,0,0,0,0,0.000268042618776385,0,7.14694110920526e-05,3.18025696476275e-05,0,0,0,0,7.6745129425179e-05,0,0,0,0,0,0,0,3.49913396434382e-05,0.000276542022363833,0,0.00129641633484582,0,0.000533617929562433,0.000244498777506112,0.00012590330192263,0,0,0,0,0,0,2.8048130592096e-05,4.2923521016429e-05,0,0.00121097954790097,1.79314302108736e-05,0,4.35995814440181e-05,0.00170555575715789,0,0.0145926226185651,0.000146420679924394,0,0,0,0,5.56503931004643e-06,4.0126800690181e-06,0,2.04561726500972e-05,0.000105346326046879,0.000244319569997557,6.7192143687815e-05,8.20883270398949e-05,0,0.000567086310536464,0.000477164280845262,0,0.000210172341319882,0.00694670746731312,2.12089077412513e-05,0,0,0,7.00198389543704e-05,7.70208341356337e-05,0,0.000117009895694036,0,0,0,0,0,2.37665177298222e-05,0,0,0,0,0,0,0,1.77864206607062e-05,0.0266561514195584,0,0.000878220140515222,0,0.00269133725820017,2.04782350491819e-05,5.67150635208711e-05,0,0,0,0,0,0,3.17951544184666e-05,0,0.00535224459757811,0,1.2202488087321e-05,0,3.75630746628714e-05,0,0,0,0,0,0,0,0,0.000304710829422878,0,0,2.92260930558803e-05,8.30923654734603e-05,0.000233056772629813,2.38397207891901e-06,0,0,0,0,0,0,0,0.000407830342577488,0,0,1.31151554364505e-05,0,0,0.0153975700709732,3.18650620837626e-05,0,8.95575855274942e-05,0,0,0,1.14982838811307e-05,0,0,0.000492902208201893,0,0.000179436569172797,0.00111037086386853,0,0,0.00150801131008483,0,0,9.48586605957124e-05,0.00496004408928079,0.000116602535272267,0.00730975068528913,0,0,0,2.7680894646515e-05,0,0,0.000812945184267575,0.000395100750691426,0,0.000112568244498227,9.33532486930545e-05,0,0,0,0,8.76501007976159e-05,0,0,0,0.000633111744222855,0,0,0,2.47328848436882e-05,0,0,0,0,2.92860071457857e-05,0,0,0,0,0,0,0,2.14192387602545e-05,1.76360622200275e-05,0,0,0,0,0.00161261015717271,0,0,0,0.00050809319880961,0.000146933977666035,0,3.30924935193867e-05,0.000150060024009604,0.0025219671343648,1.87231439903389e-05,0,0,0,0,0,0,4.15257214471216e-05,7.98849656494648e-05,0,0,0,8.20124768314753e-06,0,0.00315126050420168,7.94827264164815e-06,0,4.1262636682484e-05,0,0,0,0.000165070980521624,0,0,6.20581341505912e-05,4.47147200858523e-05,0.000392623905560863,0.000141522785168412,0,0.00023191094619666,0,0,3.66099212886692e-05,0.000164581961816985,2.6967189021118e-06,0.000446328944432046,0,0.0257129499766246,0,0,0,0.000117308933075254,0,0,0,0.000227014755959137,0,0,0,0,0,0,0,0,0,0,0,0,0,9.23124499493435e-06,0,1.67302415846885e-05,0,0,0,0,0,0,0.000227894257064722,0,0.000127534753220253,0,8.7123192193762e-05,0,0.0179077411311345,2.44176393026322e-05,0,0.000740819134299926,0,0,0,0,0,8.83160773531083e-06,0,0,0.000268192383336313,0,0.00655935988090808,8.93814801573114e-05,0,0.00499817140070706,0,0,1.38513747489438e-05,0,2.03018890907799e-05,0,1.09870791948668e-05,0,0,0,0.000151297374990544,0,0,0.000359324469996407,0,0.00303074036657526,0,0,0,0,0.000109757436066293,0.00363153516349907,0,0,0.000336021505376344,0,4.50551926109484e-05,0,0.000456379993888477,0,0,1.91982798341269e-05,0,0,0,0,5.5972237770066e-05,0,6.45994832041344e-05,0.000249283310482363,0,0,1.57711293705742e-05,0,0,0,0,0,0,1.88331010584203e-05,0,0,0,5.84571154767609e-06,0,1.80505415162455e-07,0
0,0,0.000133591610446864,0,0,0,4.2954219392971e-06,0,0,0.000178890876565295,0,0,0,0,0,0,0,0,7.63009308713566e-05,0,0,0,0,0,0,0,0,0,0,0,0,0,0,0,0,0,0,0,0,0,0,0,0,0,0,0,0,0.000302958898576093,0,0,0,0,0,0,0,0,0,0,0,0.00753333333333333,0,0.000567013962718832,0,0,0,0,0,0,0,0,0,0,0,2.47437781769774e-06,0,3.84551292733262e-05,0,0,5.39956803455724e-05,0,0,0,0.0102621483375959,0,4.23599579789217e-06,0,0,0,4.83161810890467e-05,7.04374163555681e-05,0,0,4.76054460630296e-05,0,0,0,0,0,0,0,0,0,0.000209336403600586,0,0,0,0,0,0,0,0,0,0,0,0,0,0,0,0,0,0,0,0,0,0,0,0,0.00111669458403127,0,0,0,0,0,0,0,0,0,0,0,0,0,0,0,0,0,0.000159108989657916,0,0,0,0,0,0,0,0,0,0,7.63079177095415e-05,0,0,6.71005837750788e-05,0,0,0,0,0,0.000233154581487526,0,0,0,0,4.77258626449673e-05,0,0,0,0,0,0.000116795141322121,1.05767501877373e-05,0,2.85160260066157e-05,4.83582378258136e-05,0.000141502759303806,0,0,0,0,0,0,0,0.000329218106995885,0,1.01514597799164e-05,0,0,0,0,0.00366197183098592,0,0,0,0,0,0,0,0,0,0,0.000150647785477553,0,1.63942488974868e-05,0,0,0,0,0,0,0,0,0,0,0,0,0,0,0,0,0,0,0,0,0,0,0,0,1.61762564907229e-05,0,0,0,0.000335619742831372,0,0,0,1.74895499938787e-05,0,0,0,0,0,0,0,0,0.00491642084562439,0,0,0.000205888408482602,0,0,0.000192563692534389,0,0,0,0,1.32690051961424e-05,0,0,0,0,0.000153491941673062,7.34572568138339e-07,0,0,4.26564746129991e-06,0.989557986703198,0,0,0,0,0,0,0,0,0,0,0,0,0,0,0,0,0.000246779527170426,8.02729279550472e-05,0,0,0,0,1.12731945978851e-05,0,0,0,0,0,0,0,0,0,0,0,0,0,0,3.77914666868221e-05,0,0,0,0,0,0.00285673475217826,0,0,8.68298633949174e-06,5.0612410162972e-05,0,0,0,0,0,0,0,0,0,0,4.59833540258426e-05,0,0,0,0,2.66219418044352e-05,0,8.27417299640901e-06,0,0.000221092195445501,0,0,0,0,0,0,0,0,0,0,0,0,0,0,0,0,0,0,0,0,0,0,0,0.000100190361687206,0,0,0,0,0,0,0.000367692119132247,0,0,0,0,0,0,0,0,0,0,2.04782350491819e-05,0,0,0,4.95123038074962e-05,0,0,6.78733031674208e-05,1.05983848061555e-05,5.00375281461096e-05,0,0,0,0,0,0,0,0,0,0,0,0,0,0,0.000325870602948689,0,1.46130465279401e-05,0,0,2.38397207891901e-06,0,0,0,3.63279689032586e-05,0,0,0,0,0,0,0.000122408117406871,4.65116279069767e-05,0,0,3.5405624537514e-06,0,0,0.00289435600578871,0,0,1.14982838811307e-05,0,0.000216450216450216,0,0,0,0,0,0.007847533632287,0,0,0,0,0,0,0,0,0,0,0,0,0,0,0,5.36826283014816e-05,5.62841222491135e-05,0,0,0,0.000191717791411043,0,0,0,0,0,0,0,0,0,0,0,0,0,0.000644911647104347,2.92860071457857e-05,0,0,0,0,0,0,0,0,0,0,0,0,0,0,0,0.00387972841901067,0,0,0,0,2.20616623462578e-05,0.000300120048019208,0,0,0,0,0,0,0.00080563947633434,0,0,0,0,0,0,0,0,0,3.97413632082408e-06,0,0,0,0,0,0,0,0,0,0.000178858880343409,0,0,0,0,0.000621600621600622,0,3.66099212886692e-05,0,0,0,0.000167224080267559,0,0,0,0,0,0,0,0,0,0,0,0,0,0,0,0,0,0,0,0,0,0,0,0,0,0.00755001887504719,0,0,0,0,0,0,0,0,0,0,0,0,0,0.000643017897331476,0,0,0,0,9.22253988748501e-05,0,1.4719346225518e-06,0,0,0,0.00016597510373444,0,0,8.03535556448373e-05,0,0,0,0,0,7.25067467527853e-07,0,2.19741583897337e-05,0,0,0,0,0,0,0,0,0,0,0,4.78973081712808e-05,0,0,0,0,0,0,0,0,0,3.96852168598675e-06,0,0,0,0,0,0,0,0,0,0,0,0,0,1.57711293705742e-05,0,0,0,0,0,0.00265514603303182,0,0,0,0.00181607334310658,0,0,1.89530685920578e-06,1.90839694656489e-06
0,0,0,0,0,5.53143236441076e-05,1.43180731309903e-06,0,0.000191314329443275,0,0,0,0,0,0,6.06648871633099e-05,0,0,0,0,2.11455831105999e-06,0,0,0,0.00044992351300279,0,0,0,0,0,0,0,0,0,0,0,8.75886835420864e-05,0,0,0,6.65085241758485e-05,0,0,0,0,0,0,0,5.51024906325766e-05,0,0,0,0,0,0,0,0,0,0,0,0,0,0,0,0.000160384923817161,0,0,0,0,0,0,0,0,9.89751127079096e-06,2.60413275868804e-05,0,0,0,0,0,0,0,0,0,2.5415974787353e-05,5.34283170080143e-05,0,0,0,0,0,9.85512959495417e-06,0,3.076232107865e-06,1.93440434854098e-05,0,0,0,0,0,0,0,0,0,0,0,2.49345468146116e-05,0,0,0,0,0,0,2.4515812699191e-05,1.385148986625e-06,0,0,0,2.28672978040861e-05,0,0.000355871886120996,0,0,0,0,0,0,0,0,2.20266743025804e-05,0,0.032441200324412,2.96577495699626e-05,0,2.58856114828573e-05,2.70160745643658e-05,0,0,8.15394651011089e-05,0,0,0,0,0,0,0,0,0,0,0,0,0,0,0,0,0,1.52615835419083e-05,0,0,0,0,0,0,0,3.82160736805901e-05,0,0,0,0.0142009325985587,0,0,0,0,0,0,0,0,0,0,0,0,0,0,0,0,0,0,0,0,0,0,5.07572988995818e-06,0,0,0,0.000616712920135677,0,0,9.1287519170379e-05,0,0,0,0,0,0,0,0,0,8.51411640499949e-06,0,0,8.55937208446388e-06,0.00907831974149869,0,0,0,0,0,0,0,0,0,0,0,0,0,0,0,2.51768674941464e-05,0,0,0,0,0,0,0,0,0,0,0,0,0,0,0.000573833205814843,6.8203519301596e-05,0,0,0,0,9.00915657914135e-05,0,0,0.00531533683707597,0,0,0,0,4.18616722900846e-06,0,0,0,0,2.65380103922849e-06,0,0,0,0,0,1.14266843932631e-06,0,0,0.000302860969752294,0,0.995231987587312,0,0,3.32845160431367e-05,0,0,0,0,0,0,0,0,0,0,0,0,0,0,0,0,0,0,0,6.70106546940964e-05,0,0,0,0,0,0,0,0,0,0,0,0,0,3.77914666868221e-05,0,0,1.20235661897319e-05,0,9.26011667747014e-05,0,0,0,2.38782124336023e-05,2.5306205081486e-05,0,0,0,0,0,0,0,0,0.00121097954790097,1.79314302108736e-05,0,0,3.62884203650615e-05,0,0,1.33109709022176e-05,0,0,0,0,1.39125982751161e-06,0,0,0,0,0,5.16862643752423e-06,0,0,0,0.0137014314928425,0,0,5.56372451615467e-05,0,0,0,0,0,0,0,0,0,0,0,0,0,0,0,0,0,0,0,0,0,5.92880688690208e-06,0.000202794051374493,0,0,0,0.000336417157275021,6.8260783497273e-06,0,0,0,0,0,0,0,0,0,0.000133806114939453,0,0,0,4.17367496254127e-06,0,0,0,0,0,0,0,0,0.000365652995307453,0,0,0,1.66184730946921e-05,0,1.19198603945951e-06,0,0,0,0,0,0,0,0,0,0,0,0,0,0.000481174064717912,7.08112490750281e-06,0,0,0,0,0,0,0,0,0.000295741324921136,0,0,0.000444148345547413,0,0,0.000848256361922714,0,0,0,0.0104712041884817,1.66575050388953e-05,0.000195796893355959,0,0,0,2.7680894646515e-05,0,0,2.58077836275421e-05,0.0187014355327275,0,0,0,0,0,0,0,8.76501007976159e-05,0,0,0,0.00823045267489712,0,0.000228258388495777,0,2.47328848436882e-05,0,0,6.58379858843358e-06,0,0,0,0,0,0,0,0,0,0,0,0,0,0,0,0.000272553829381303,0,0,0,1.45169485374174e-05,1.63259975184484e-05,0,0,0,0,6.24104799677962e-06,0,0,0,0,0,0,5.81360100259702e-06,0,0,0,0,0,0,0.00018536826495304,0,2.24294705299187e-06,0,0,0,0,0,0,0,2.38685131348428e-06,0,6.54373175934772e-05,0,0,0,0,0,0,6.58327847267939e-05,0,0.00245480919437626,0,0,0,0,0,0,0,0,0,0,0,0,0,0,0,0,0,0,0,0,0,0,0,2.30781124873359e-06,0,0,0,0,0,0,0,0,0,0,0,0,0,0,0.000141675167176697,0,0,0.000105831304899989,0,0,0,0,0,0,0,0,0,0,0,0,0,0,0,0,0,0,1.45013493505571e-06,0,0,0,0,0,0,0,0,0.000179662234998203,0,0.000144320969836917,0,0,0,0,0,0.00070390989953286,0,0,0.00873655913978495,0,0,0,1.98426084299338e-05,0,0,0,0,0,0,0,0,0,6.45994832041344e-05,0,0,0,0,0,0,0,0,0,0,0,0,0,0,8.33732630570196e-06,0,0,0
0,6.5837118967674e-05,0,0,0,0,0,0,0,0,0,0,0,0,0,0,0,0,0,0,2.11455831105999e-06,0,0,0,0,0,0,0,0,0,0,0,0,0,0,0,0,0,0,0,0,0,0,0,0,0,0,0,0,0,0,0,0,0,0,0,0,0.000189861401177141,0,0,0,0,0,0,0,0,0,0,0,0,0,0,0,0,0,0,0,0,0,0,0,0,0,0,0,0,0,0,0,0,0,0,0.000333238122441207,0,0,0,0,0,0,0,0,0,0,0,0,0,0,0,0,0,0.000238322211630124,0,0,0,0,0,0,0,0,0,0,0,0,0,0,0,0,0,0,0,0,0,0,0,0,0,0,0,0,0,0,0,0,0,0,0,0,0,0,0,0,0,0,0,0,0,0,0,0,0,0,0,0,0,0,0,0,0,0,0,0,0,0,0,0,0,0,2.11535003754746e-05,0,0,0,0,0,0,0,0,0,0,0,0,0,4.56815690096236e-05,0,0,0,0,0,0,0,0,0.00032916392363397,0,0,0,0,0,0,0,0,0,0,0,0,0,0,0,0,0,0.000240297969482158,0,0,0,0,0,0,0,0,0,0,0,0,0,0,0,2.42643847360844e-05,0,0,0,0,0,0,0,1.74895499938787e-05,0,0,0.000945626477541371,0,0,0,0,0,0,0,0,0,0,0,0,0,0,0,0,2.65380103922849e-06,0,0,0,0,0,0,0,0,0,0,0,0.992018286742112,0,0,0,0,0,0,0,0,0,0,0,0,0,7.55287009063444e-05,4.93559054340852e-05,0,0,0,0,0,0,0,0,0,0,0,0,0,0,0,0,4.32002764817695e-05,0,0,0,0,0,0.000297426386969225,0,0,0,0,0,0,1.73659726789835e-05,2.5306205081486e-05,0,0,0,0,0,2.8048130592096e-05,0,0,0,0,0,0,0,0,0,0,0,0,0.00194787486851845,0,0,0,0,0,0,0,0,0,0,0,0,0,0,0,0,0,0,7.71783591880837e-05,0,3.85104170678168e-05,0.00176633863234923,0,0,0,0,0.000344411916652316,0,0,0,0,0,0,0,0,0,0,0,0,0,0,0,0,0,0,0,0,0,0,0,0,0,0,2.13707178424123e-05,0,0.000777403472402177,0,0,0,0,0,0,0,0,0.000402202833983046,0,0,6.10910868104344e-05,1.46130465279401e-05,0,0,0,0,0,0,3.63279689032586e-05,0,0,0,0,0,0,4.37171847881684e-06,0,0,0,0,0,0,0,0,0,0,0,0,0,0,0,0,0,0,0,0,0,0,0,0,0,0,0,0,0,0,0,0,0,0,0,0,0,0,0,0,0,0,0,0,0,0,0,0,0,0,0,0,0,0,0,0,0,0,0,0,0,0,0,0,0,0,0,0,0,0,0,0,0,0,0,0,0,0,0,0,0,0,0,0,0,0,0,0,0,0,0,0,0,0,0,0,0,0,0,0,0,0,0,0,0,2.89368597719775e-05,2.3191094619666e-05,0,0,0,0,0,0,0,0,0,0.0040766408479413,0,0,0,0,0,0,0,0,0,0,0,0,0,0.00106326422115896,0,0,0,0,0,0,0,0,0,0,0,0,0,0,0,0,0,9.6515780330084e-05,0,0,0,0,0,0,0,0.000311138767890479,0,0,0,1.4719346225518e-06,0,0,0,0,0,0,0,0,0,0,0,0,0,0,0,0,0,0,0,0,0,0,0,0,0,0,0,0,0,0,0,0,0,0,0,0.00158831003811944,0,0,0,0,0,0,0,0,0,0,0,0,0,0,0,0,0,0,0,0,0,0,0,0,0,0,0,0,6.87022900763359e-06
0,0,0,0,0,5.53143236441076e-05,0,0,0,0,0,0,0,0,0,0,0,0.00469771241830065,0,0,0,0,0,0,0,0,0,0,0,0,0,0,0,0,0,0,0,0,0,0,0,0,0,0,0,0,0,0,0,0,0,0,0,0,0,0,0,0,0,0,0,0,0,0,0,0,0,0,0,0,0,0,0,2.47437781769774e-06,0,0,0,0,0,0,0,0,0,0,0,0,0,0,0,0,0,0,0,0,0,0,0,0,0.000292133975181314,0,0,0,0,0,0,0,0,0,0,0,0,1.21598287896106e-05,0,0,6.92574493312501e-06,0,0,0,0,0,0,0,0,0,0,0,0,0,0,0.000693840240531283,0,0,0,0,0,0,0,0,0,0,0,0,0,0,0,0,0,0,0,0,0,0,0,0,0,0,0,0,0,0,0,0,0,0,0,0,0,0,0,0,0,0,0,3.18258489545209e-05,0,0,0,0,0,0,0,0,0,0,0,0,0,0,0,0,0,0,0,0,0,0,0,0,0,0,0,0,0,0,0,0,0,0,0,0,0,1.71187441689278e-05,0,0,0,0,0,0,0,0,0,0,0,0,0,0,0,0,0,0,0,0,0,0,0,0,0,0,0,0,0,0,0,0,0,0,0,0,0,0,0,0,0,0,0,0,0,0,0,0,0,0,0,0,7.45156482861401e-05,0,0,0,4.8971504542556e-07,0,0,0,0,0,0,0.978104238794797,0,0,0,0,0,0,0,4.64101731099457e-05,0,0,0,0,0,0,0,0,0,0,0,0,0,0,0,0,0,0,0,0,0,0,0,0,0,0,0,0,0,1.20235661897319e-05,0,0,0,0,0,0,0,0,0,0,0,0,2.8048130592096e-05,0,0,0,0,0,0,0,0,0,0,0,0,0,0,0,0,0,0,0,0,0,0,0.000900765650803183,0,0,0,0,0,0,0,0,0,0,0,0,0,0,0,0,0,0,0,0,0,0,0,0,0,0,0,0,0,0,0,0,0,0,0,0,0,0,0,0,0,0,0,0,0,0,0,0,0,0,0,0,0,0,0,0,0,0,0,0,0,0,0,0,0,0,0,0,0,0,0,0,0,0,3.56446936932655e-05,0,0,0,0,0,0,0,0,0,0,0,0,0,0,0,0,0,0,0,0,0,0,0,0,0,0,0,0,0,0,0,0,0,0,0,0,0,0,0,0,0,0,0,0,0,0,0,0,0,0,0,0,0,0,0,0,0,0,0,0,0,3.00057010832058e-05,0,0,0,0,0,0,0,0,0,0,0,0,0,3.12052399838981e-06,0,0,0,0,0,0,0,0,0,0,0,0,0.000127159054784359,0,0,0,0,0,0,0,0,0,0,0,0,0,0,0,0,0,0,0,0,0,0,0,0,0,0,0,0,0,0,0,0,0,0,0,0,0,0,0,0,0,0,0,0,0,0,0,0,0,0,0,0,0,0,0,0,0,0,0,0,0,0,0,0,0,0,0,0,0,0,0,0,0,0,0,0,0,0,0,0.00259672812256557,0,0,7.25067467527853e-07,0,0,0,0,0,0,0,0,0,0,0,0,0,0,0,0,0,0,0,0,0,0,0,0,0,0,3.83965596682537e-05,0,0,0,0,0,0,0,0,0,0,0,0,0,0,0,0,0,0,0,0,0,9.5831336847149e-08,3.03766707168894e-07,0,0
0,0,0,1.2995395298266e-05,0,0.000304228780042592,1.14544585047923e-05,1.09416373066066e-05,0,0,0,0,0,0,0,0,0,0,0,0,2.11455831105999e-06,0,0.000730478175938541,0,0,0,0,1.8379650051463e-05,1.1132882080513e-05,0,0.000145053669857847,0,0,0,0,0,0,0,0,0,0,3.09614297988281e-05,0,0,0,0,0,0,0,0,0,0,0.000293642636910879,0,0,0,0,0,0,0,0,0,5.17836221349093e-05,0,0,0,0,0,0,0,0,0,0,4.94875563539548e-06,0.000182289293108163,0,0,0,0,0,0,0,0,0,0,0,3.16210532972853e-05,0,0,0,0,3.94205183798167e-05,0,6.15246421573001e-06,0,0.000100589454201621,7.32225232481511e-05,0,3.17536929544906e-06,0,0,0,0,0,0,1.43423666339183e-05,2.49345468146116e-05,0.000109878035380727,0,0,0,0,0,0,2.2162383786e-05,0,0,1.73949345950459e-05,3.26675682915515e-06,0,0,0,0,0,0.000196479094624332,3.35979733702463e-06,0,0,0,8.81066972103217e-05,1.12384805574286e-05,0,0,0,0,0,0,0,0,0,0,0,0,0,0,0,0,0,3.50274965848191e-05,0,0,0,0,0,0,0,0,0,0,0,0,0,0,0,0,0,0,0,0,0,0,0,0,1.06086163181736e-05,0,0,0,0,0,0,0,0,0,0,0,0,0,0,7.62117670968397e-05,0,0,0,0,3.45227574016792e-06,0,0,0,0,0,0,0,0,0,0,0,0,2.08685490097873e-05,0,0,0,0,3.42374883378555e-05,0,1.46447191142874e-05,0,0,0,0,0,0,0,0,0,0,0,0,8.98391878537418e-05,0,0,0,0.00193330111164814,2.7680894646515e-05,0,0,0,0,0,0,0,0,0,0,0,0,0,0,0,0,0,0,0,0,0,0,0,0.000115366866635902,0,0,0,0,0,0,0,0,7.45156482861401e-05,0,0,0,7.59058320409617e-06,0,0,0,0,0,0,9.35716290820623e-05,0.952270003994142,0,0,0,0,0,0,0,0,2.46309463209577e-05,0,0,0,0,0,3.5650623885918e-05,0,0,0,0,0,0,0,3.18025696476275e-05,0,0,0,0,0,0,0,0,0,0,0,0,0,0,0,0,0,0,0,0,0,0.00014682131845544,0,0,0,5.62682871933378e-05,0,0,0,0,0,0,0,0,0,0,0,0,0.00103427162455113,0,0,5.56503931004643e-06,0,0,6.13685179502915e-05,0,0,5.16862643752423e-06,0,0,0,0,0,0,0,2.12089077412513e-05,0,0,0,0,0,0,0,0,0,0,0,0,0,0,0,0,0,0,0,3.42125970782442e-05,0.000343870799440321,0,4.81394117363886e-05,0,0,0,0,0,0,0,0,0,0,0,0,0,0,0,0,0,4.17367496254127e-06,0,0,0,0,0,0,0,0,0,0,0,0,0,0,2.38397207891901e-06,0,0,0,0,0,0,0,0,0,0,0,0,1.78223468466328e-05,0,1.06216873612542e-05,0,0,0,0,0,5.74914194056537e-06,9.82163903512218e-06,0,0,0,0,0,0,0,0,0,0,0,0,0,0,0,0,0.000226928895612708,0,0,0,0,0,0,0,9.33532486930545e-05,0,0,0,0,0,0,0,0,0,0,0,0,0,0,0,0,0,0,0,0,0,0,0,0,0,0,1.76360622200275e-05,3.00057010832058e-05,0,0,0,0,0,0,0,0,0.000179585972702932,7.31618095354225e-05,0,0,0,0,0,0,0,0,0,0,2.07628607235608e-05,0,0,0,0,0,0,6.17894216510133e-05,3.97413632082408e-06,6.7288411589756e-06,0,0,0,0,0,0,0,0.000692186880910441,0,0,0,0,0,0,0,0,0,0,0,0,0,0,0,0,0,0,0,2.49421964597046e-06,0,0,6.82423056800346e-05,0,0,0,0,0,0,0,0,0.00277613703484938,0,0,0,0,0,0,0,0,0,0,0,0,0,0,0,0,0,0,0,0,0,2.35913599003501e-06,0,0,0,0,2.94386924510361e-06,0,0,0,0,0,0,0,0,0,0,0,8.21247310415058e-06,3.62533733763927e-06,0,1.09870791948668e-05,0,0,0.000419551080344032,0,0,0,0,0,0,0,0,0,0,0.000219514872132587,0,0,0,0,0,0,0,3.96852168598675e-06,0,0,1.91982798341269e-05,0,0,0,0,0,0,0,0,0,0,0,0,0,0,7.65081672468536e-06,0,0,0,4.93697133265313e-05,0,0,3.83325347388596e-07,1.21506682867558e-07,0,0
0,0,0,0,0,0,1.43180731309903e-06,7.29442487107104e-06,0,0,0,0,0,0,0,0,0,0,0,0,0,0,0,0,0,0,0,0,0,0,0,0,0,0,0,0,0,0,0,0,0,0,0,0,0.0035264483627204,0,0,0,5.51024906325766e-05,0,0,0,0,0,0,0,0,0,0,0,0,7.0876745339854e-05,0,0,0,0,0,0,0,0,0,0,0,0,0,0,0,0,0.000107991360691145,0,0,0,0,0,0,0,0,0,4.83161810890467e-05,0,0,0,0,0,0,0,0,0,0,0,0,0,0,0,0,0,0,0,0,0,0,0,0,0,0,0,0,0,0,0,0,0,0,0,0,0,0,0,0,0,0,0,0,0,0,0,0,0,0,0,0,0,0,0,0,0,0,0,0,0,0,0,0,0,0,0,0,0,0,0,0,0,0,0,0,0,0,0,0,0,0,0,0,0,0,0,0,0,0,0,0,0,0,0,0,0,0,0,0,0,0,0,0,0,0,0,0,0,0,0,0,0,0,0,0,0,0,0,0,0,0,0,0,0,0,0,0,0,0,0,0,0,0,0,0,0,0,0,0,0,0,0,0,0,0,0,0,0,0,0,0,0,0,0,0,0,0,0,0,0,0,0,0,0,0,0,0,0,0,0,0,0,2.65380103922849e-06,0,0,0,0,0,1.63238348475187e-07,0,0,0,0,0,0,0,0,0.97346600331675,0,0,0,0,0,0,0,0,0,0,0,0,0,0,0,0,0,0,0,0,0,0,0,0,0,0,0,0,0,0,0,0,0,0,0,0,0,0,0,0,0,0,0,0,0,0,0,0,0,0,0,0,0,0,0,0,0,0,0,0,0,0,0,0,4.0126800690181e-06,0,0,0,0,0,0,0,0,0,0,0,0,0,0,0,0,0,0,0,0,0,0,0,0,0,0,0,0,0,0,0,0,0,0,0,0,0,0,0,3.41303917486365e-05,0,0,0,0,0,0,0,0,0,0,0,1.83037321309815e-05,0,0,0,0,0,0,0,0,0,0,0,0,0,0,0,0,0,0,0,0,0,0,0,0,0,0,0,0,0,0,0,0,0,0,0,0,0,5.74914194056537e-06,0,0,0,0,0,0,0,0,0,0,0,0,0,0,0,0.000255754475703325,0,0,0,0,0,0,0,0,0,0,0,0,0,0,0,0,0,0,0,0,0,0,0,0,0,0,0,0,0,0,0,0,0,0,0,0,0,0,0,0,0,0,0,0,0,0,0,0,1.10308311731289e-05,0,0,0,0,0,0,0,0,0,0,0,0,0,0,0,0,0,0,0,0,0,0,0,0,0,0,0,0,0,0,0,0,0,0,0,0,0,0,0,0,0,0,0,0,0,0,0,0,0,0,0,0,0,0,0,0,0,0,0,0,0,0,0,0,0,0,0,0,0,0,0,0,0,0,0,0,0,0,0,0,0,0,0,0,0,4.41580386765541e-06,0,0,0,0,0,0,0,0,0,0,0,6.56997848332047e-05,0,0,0,0,0,0,0,0,0,0,0,0,0,0,0,0,0,0,0,0,0,0,0,0,0,0,0,0,0,0,0,0,0,0,0,0,0,0,0,0,0,0,0,0,0,0,0,0,0,0,0,0,0
0,0,0,0.00134285751415415,0,0,5.72722925239613e-06,3.64721243553552e-06,0,0,0,0,0,0,0,0,0,0,0,8.42722668397057e-06,4.22911662211997e-06,0,4.10380997718282e-05,0,0,0,0,0.00110277900308778,1.1132882080513e-05,0,0,0.00012293570462648,1.48991328704669e-05,0,0,0,0,0,0,0.000289771080846132,0,0.000394758229935058,0,0,0,0,0,0,0,0,0,0,0.00022023197768316,0.000246609124537608,0,0,0,0,0,0,0,0,1.29459055337273e-05,0,5.34616412723871e-05,0,0,0,0,0,0,0,0,5.44363119893503e-05,2.60413275868804e-05,0,0,0,0,0,0,0,0,0,8.47199159578434e-06,0,6.32421065945707e-05,0,0,0,0,7.88410367596334e-05,0,1.230492843146e-05,4.83601087135244e-05,0,0,2.04294265459969e-05,3.17536929544906e-06,0,0,2.44937949052907e-05,0,0,0,7.17118331695913e-06,2.49345468146116e-05,3.66260117935758e-05,0,0,0,0,0,0,1.385148986625e-05,0,0,0.000452268299471194,0.000111069732191275,0,0,0,0,0,0.000117887456774599,6.71959467404926e-06,0,0,0,7.70933600590315e-05,0,0,0,0,0,0,0,0,8.15394651011089e-05,0,0,0,1.81996869653842e-05,8.58000858000858e-05,0,0,0,0,0,0,0.000736771600803751,0,0,0,0,8.10418743364697e-06,0,0,7.32654406916258e-05,0,0,7.43549706297866e-05,2.67476228050232e-05,0,0,0,0,0,0,0,0,0,0,3.18258489545209e-05,0,0,0,0,0,0,0,0,0,0,0,5.08957654723127e-05,0.000262881177707676,0,0.000177827456559293,0,0,0,1.09598649744635e-05,6.90455148033584e-06,0,0,0,0,0,0,0,0,0,0,0,0,8.34741960391494e-05,0,0,0,0,2.13984302111597e-05,0,1.46447191142874e-05,0,0,0,0,0,0.000286286859433152,0,0,0,0,0,0,1.99642639674982e-05,0,0,0,3.50235708631909e-05,0.0114875712783037,0,0.000137741046831956,0,0,0,0,0,0,0.000110177661479135,0,0,0,0,0,0,0,0,0,0,0,0,0,0,0,0,8.37233445801693e-06,0,0.000220300710469791,0,0,0,0,0,0,0,0,5.30524632544356e-06,0,2.20157632865131e-05,9.9531774096998e-06,9.57982871266262e-06,2.83136129019471e-06,0,0,9.98535481294102e-05,0,0.948694984646878,6.20628448366816e-06,0,0,0,0,0,0,0,0,0,0,0,0.000213903743315508,0,0,0,1.12731945978851e-05,0,0,0,6.36051392952551e-05,0,0,0,0,1.09635899178827e-05,5.29240539825351e-05,0,0,0,0,0,0,0,0,0,0,0,0,0.000122249388753056,2.17074658487294e-06,0,0,0,0,0,5.62682871933378e-05,2.8048130592096e-05,6.43852815246435e-05,0.000132520540683806,0,1.79314302108736e-05,0,3.87551835057939e-05,0,0,0,1.99664563533264e-05,0,3.3096691985636e-05,0,0,4.17377948253482e-06,0,0,0.000163649381200777,0,0,0.000217082310376018,0,0,0,0,0,0,0,2.12089077412513e-05,0,0,0,0,0,0,0,0,0,0,0,0,2.37665177298222e-05,0.000194628260023355,0.00015271838729383,0,0,0,0,3.42125970782442e-05,2.37152275476083e-05,0,9.62788234727772e-05,0,0,8.41042893187553e-05,0,0,0,0,0,0,0,0,1.05983848061555e-05,0,0,0,0,0,0.000580140819793236,0,0,0,0,0,0,0,0,0,8.8073135932078e-06,0,0,0.00184465051351082,0,5.95993019729753e-06,0,0,0,0,0,0,0,0,0,0,0,0,0,0,0.00569322442563226,0,8.95575855274942e-05,0,0,0,3.44948516433922e-05,0,0,0,0,0,0,4.54256382302171e-05,0,0,0,3.68663594470046e-05,0,0,0,0,8.52514919011083e-05,0,0,2.7680894646515e-05,0,0,0,0,0,0,0,0,0,0,0,0,1.26778062324095e-05,0,0,0,0,0,0,0,0,0,5.92541872959022e-05,0,2.92860071457857e-05,0,0,0,0,0,0,0,0,1.76360622200275e-05,0,0,0,0,0,0,0,0,2.90338970748349e-05,0.000179585972702932,2.43872698451408e-05,1.10308311731289e-05,0,0,3.43257639822879e-05,0,0,0,0,0,0.000151469251741896,0.00195586148015943,0,0,0,0,0,0,0,5.56379084915371e-05,0,0,9.99000999000999e-05,0,0,0,0,0,5.01238775831698e-05,4.47147200858523e-05,0,0,0,0,0,0,0,0,0,0,0,0,2.25580870742161e-05,0,0,0,0,0,0,0,0,0,0,0,0,0,0,0,0,0,2.36266981689309e-05,5.14731618933888e-06,0,1.15390562436679e-05,0,0.000585558455464097,0,0,2.83865107301011e-05,0,0,0,2.84867821330902e-05,0,0,0,0,0,0,0,0,0,2.35913599003501e-06,0,0,0,0,7.35967311275902e-06,0,0,0,0.00016597510373444,0,0,8.03535556448373e-05,0,0,0,2.77027494978877e-05,8.21247310415058e-06,5.80053974022283e-06,0,0,0,0,0,0,0,0,0,0,0,0,0,0,0,0.000109757436066293,0,0,0,0,0,0,0,1.19055650579603e-05,0,0,3.83965596682537e-05,0,0,3.24075574423956e-05,0,0,0,0,6.23208276205908e-05,0,0,0,0,0,0,5.35557170727975e-05,0,0,1.88331010584203e-05,0,0,0,4.31241015812171e-07,1.21506682867558e-07,9.02527075812274e-08,0
0,0,0,4.33179843275533e-06,0,2.76571618220538e-05,2.72043389488816e-05,4.01193367908907e-05,0,0,0,0,0,0,0,0,0.00051134799197577,0,0,8.42722668397057e-06,0.000659742193050716,0,0,0,0,0,0,0,2.2265764161026e-05,0.000167796496409155,0.000290107339715695,0,0,0,0,0,0,0,0,0,0,7.74035744970703e-06,0,0,0.000100755667506297,0,0,0,0,0,0,0,0,0,0,0,0,0,0,0,1.70752391956424e-05,0,1.9418858300591e-05,0,0,0,0,0,0,0,0,0,0,0,0,0,0,0,0,0,0,0,0,0,0,0,0.000110673686540499,0,0,0,0,1.97102591899083e-05,0,6.15246421573e-05,0,2.01178908403243e-05,0,0,3.17536929544906e-06,0,0,8.16459830176355e-06,0,0,0,3.58559165847957e-05,0,0,0,0,0,0,0,0,1.385148986625e-05,0,0,3.47898691900918e-05,3.26675682915515e-06,0,0,0,0,0,0,6.04763520664433e-05,0,0,0,1.10133371512902e-05,1.12384805574286e-05,0,0,0,0,0,0,0,0,0,0,0,1.81996869653842e-05,0,0,0,0,0,3.50274965848191e-05,0,0,0,0,0,0,0.00045383449628423,1.52615835419083e-05,0,0,0,0,0,0,0,0,0,0,0,0,0,0,0,0,1.06086163181736e-05,0,0,0,0,0,0,0,0,0,0,0,0,0,0,3.81058835484199e-05,0,0,0,3.28795949233905e-05,3.10704816615113e-05,0,0,0,0,1.82575038340758e-05,0,0,0,0,0,1.6827934371056e-05,0,0,0,1.7028232809999e-05,1.63942488974868e-05,0,4.27968604223194e-06,0,4.39341573428622e-05,0,0,0,0,0,0,0,0,0,0,0,0,0.000259535431577476,0,0,0,3.50235708631909e-05,0,0,0,0,0,0,0,0,0,0,0,0,0,0,0,0,0,0,0,0,0,0,0,0,0,0,0,0,0,0,0,0,0,0,0,0,0,0.000406789964400165,0,4.40315265730263e-05,0,0,2.83136129019471e-06,0,0,0,0,0,0.9357401304561,0,0,0,0,9.50624560336141e-05,0,0,0,0,0,0,0,0,0,0,0,0,0,0,0,0,0,0,0,0,0,0,0,0,0,0,0,0,0,0,0,0,0,0,0,0,0,0,0,0,0,0,1.07308802541072e-05,0,0,0,0,0,0,0,0,0,0,0,0,0,0.00436855585838644,4.41394807591991e-05,0,2.04561726500972e-05,0,0,1.03372528750485e-05,0,0,0,0,0,0,0,0,0,0,0,0,0,0,0,0,0,0,0,0,2.37665177298222e-05,0,0,0,0,0,0,0.000102637791234733,1.77864206607062e-05,0,0,0,0,0,0,0,0,0,0,0,0,0,1.05983848061555e-05,0,0,0,1.2202488087321e-05,0,8.34734992508254e-06,0,0,0,0,0,0,3.42641768031523e-05,0,0,0,0,0,1.66184730946921e-05,0,0.00160083725099412,0,0,0,0,0,0,0,0,0,0,0,0,5.94078228221092e-06,0,0,0,0.000179115171054988,0,0,0,2.29965677622615e-05,2.94649171053665e-05,0,0,0,0,0,0,0,0,0,0,0,0,0,0,0,0,0,0,0,0,0,0,0,0,9.33532486930545e-05,0,0,0,0,0,2.53556124648191e-05,5.05586733404116e-05,0,0,0,0,0,0,0,0,0,0,0,0,5.22775589865124e-05,0.000161952062189592,0,0,0,0,0,0,0,0,0,0,0,0,0,0,0,6.53039900737935e-05,2.43872698451408e-05,2.20616623462578e-05,0,0,0,0,0,0,0,0,0,1.41187452920213e-05,0,0,0,0,5.46749845543169e-06,2.11931757973932e-05,0,7.94827264164815e-06,2.24294705299187e-05,0,0,0,0,0,0,0,9.54740525393711e-06,4.47147200858523e-05,0,0,0,0,0,0,0,0,2.42704701190062e-05,0,0,0,0,0,0,0,0,0,1.49653178758228e-05,0,0,1.13737176133391e-05,0,0,0,0,0,0,0,0,2.36266981689309e-05,2.05892647573555e-05,0,2.76937349848031e-05,0,0,0,0,0,0,0,0,0,0,0,0,0,0,0,0,0,0,0.000585065725528682,0,0,0,0,1.03035423578626e-05,0,2.69302237901597e-05,0,0,0,0,0,0,0,0,0,8.21247310415058e-06,5.29299251295333e-05,0,2.19741583897337e-05,0,0,0,0,0,0,0,0,0,0,0,0,0,0,0,0.000164122763827343,3.06767286336585e-05,0,0,0,0,3.96852168598675e-06,0,0,1.91982798341269e-05,0,0,0,0,0,0,6.45994832041344e-05,0,0,0,0,0,0,0,1.53016334493707e-05,0,0,0,0,0,0,1.91662673694298e-07,1.21506682867558e-07,0,0
0,0,0,0,0,0,0,0,0,0,0,0,0,0,0.0159846547314578,0,0,0,0,0,0,0,0,0,0,0,0,0,0,0,0,0,0,0,0,0,0,0,0,0,0,0,0,0,0,0,0,0,0,0,0,0,0,0,0,0.000270197243988111,0,0,0,0,0,0,0,0,0,0,0,0,0,0.000124470998257406,0,0,0,0,0,0,0,0,0,0,0,0,0,0,0,0,0,0,0,0,0,0,4.76054460630296e-05,0,0,0,0,0,0,0,0,0,0.000209336403600586,0,0,0,0,0,0,0,0,0,6.33834062242505e-05,0,0,0,0,0,0,0,0,0,0,0,0,0,0,0,0,0,0,0,0,0,0,0,0,0,0,0,0,0,0,0,0,0,0,0,0,0,0,0,0,0,0,0,0,0,0,0,0,0,0,0.00436241610738255,0,0,0,0,0,0,0,0,0,0,0,6.0829100641747e-05,0,2.11535003754746e-05,0,2.85160260066157e-05,0,0,0,0,0,0,0,0,0,0,0,0.00120294798392009,0,0,0,0,0,0,0,0,0,0,0,0,0,0,0,0.000150647785477553,0,0,0,0,0,0,0,0,0,0,0,0,0,0,0,0,0,0,0,0,0,0,0,0,0,0,0.000210291334379398,0,0,0,2.09762339269608e-05,0,0,0,0,0,0,0,0,0,0,0,0,0,0,0,0,0,0.000503905265810028,0,0,0,0,0,7.96140311768546e-06,0,0,0,0,0,0,0,0,0,0,0,0,0,0,0,0,0,0.988099213698048,0,0,0,0,0,0,0,0.00109516616314199,0,0,0,0,0,0,0,0,0,0,0,0,0,0,0,0,0,0,0,0,0,0,0,1.74956698217191e-05,0,0,0,0,0,0,6.51223975461881e-06,0,0,0,0,0,0,0,0,0,0,0,0,0,0,0,0,6.6554854511088e-06,0,0,3.89574973703689e-05,0,0,0,0,0,0,0,0,0,0,0,0,0,0,0,0,0,0,0,0,0,0,1.67156993848623e-05,0.000333889816360601,0.000100190361687206,0,0,0,0,0,0,0,0,0,0,0,0,0,0,0,0,0,0,0,0,0,0,0,0,0,0,0,0,0,0,0,0,0,0,0.000169124611013395,0,0,0,0,3.09386795371574e-05,0,0,0,0,0,0,0,0,0,0,0,0,0,0,0,0,0,4.37171847881684e-06,0,0,0,0,0,0,0,0,0,0,0,0,0,0,0,0,4.54256382302171e-05,0,0,0,0,0,0,0,0,0,0,0,0,0,0,0,0,0,0,0,0,0,0,0,0,0,0,0,0,0.000436871996505024,0,0,0,0.000207684319833853,0,0,0,0,0,0,0,0,0,0,0,0,0,0,0,0.000116049669258443,0,0,0,0,0,0,0,0,0,0,0,0,0.000116658889407373,0,0,0,0,0,0,0,0,0,0,0,0,0,0,0,0,0,0,0,0,0,0,0,0,0,0,0,0,0.000155400155400155,0,0,0,0,0,0.000501672240802676,0,0,0,0,0,0,0,0,0,0,0,0,0,0,0,0,0,0,0,0,0,0,0,0,0,0,0,0,0,0,0,0,0,0,0,0,0,0,0,0,0,0,0,0,0,0,0,0,0,0,0,0,0,0,0,0,0,0,0,0,0,0,0,0,0,0,0,0,0,0,0,0,0,0,0,0,0,0,0,0,0,0,0,0,0,0,0,0.000377358490566038,0,0,0,0,0,0,0,0,0,4.73133881117227e-05,0,0,0,0,0,0,0,0,0,2.18804017241757e-05,0,0,0,7.63358778625954e-07
0,0,0,0,0,0,0,0,0,0,0,0,0,0,0,0,0,0,0,0,0,0,0,0,0,0.00187157147466925,0,0,0,0,0,0,0,0,0,0,0,0,0,0,0,0,0,0,0,0,0,0,0,0,0,0,0,0,0,0,0,0,0,0,0,0,0,0,0,0,0,0,0,0,0,0,0,0,0,0,0,0,0,0,0,0,0,0,0,0,0,0,0,7.04374163555681e-05,0,0,9.52108921260592e-05,0,0,0,0,0,0,0,0,0,0,0,0,0,0,0,0,0,0,0,6.33834062242505e-05,0,0,0,0,0,0,0,0,0,0,0,0,0,0,0,0,0,0,0,0,0,0,0,0,0,0,0,0,0,0,0,0,0,0,0,0,0,0,0,0,0,0,0,0,0,0,0,0,0,0,0,0,0,0,0,0,0,0,0,0,0,0,0,0.000467180565288484,0,0,0,9.67164756516273e-05,0,0,0,0,0,0,0,0,0,0,0,0,0,0,0,0,0,0,0,0,0,0,0,0,0,0,0,0,0,0,0,0,0,0,0,0,0,0.000240297969482158,0,0,0,0,0,0,0,0,0,0,0,0,0,0,0,0,0,0,0,0,0,0,0,0,0,0,0,0,0,0,0,0,0,0,0,0,0,0.00302343159486017,4.18616722900846e-06,0,0,0,0,2.65380103922849e-06,0,0,0,0,0,0,0,0,0,0,0,0,0,0,0,0,0,0,0.978396543446951,0,0,0,0,0,0,0,0,0,0,0,0,0,0,0,0,0,0,0.00345423143350604,0,0,0,0,0,0,0,0,0,0,0,0,0,0,0,0,0,0,0,2.5306205081486e-05,0,0.000271517784414879,0,0,0,0,0,0,0,0,0,0,0,0,0,0,0,0,0,0,0,0,0,0,0,0,0,0,0,0,0,0,0,0,0,0,0,0,0,0,0,0,0,0,0,0,0,0,0,0,0,0,0,0,0,0,0,0,0,0,0,0,0,0,0,0,0,0,0,0,0,0,0.000341931485478597,0,0.000129567245400363,0,0,0,0,0,0,0,0,0,0,0,0,0,0,0,0,0,0,0,0,0,0,0,0,0,0,4.37171847881684e-06,0,0,0,0,0,0,0,0.00285035629453682,0,0,0,0,0,0,0,0,0,0,0,0,0,0,0,0,0,0,0,0,0,0,0,0,0,0,0,0,0,0,0,0,0,0,0,0,0,0,0,0,0,0,0,0,0,0,0,0,0,0,0,0,0,0,0,0,0,0,0,0,0,0,0,0,0,0,0,0,0,0,0,0,0,0,0,0,0,0,0,0,0,0,0,0,0,0,0,0,0,0,0,0,0,0,0,0,0,0,0,0,0,0,0,0,0,0,0,0,0,0,0,0,0,0,0,0,0,0,0,0,0,0,0,0,0,0,0,0,0,0,0,0,0,0,0,0,0,0,0,0,0,0,0,0,0,0,0,0,0,0,0,0,0,0,0,0,0,0,0,0,0,0,0,0,0,0,0,0,0,0,0,0,0,0,0,0,0,0,0,0,0,0,0,0,0,0,0,0,0,3.96852168598675e-06,0,0,0,0,0,0,0,0,0,0,0,0,0,0,0,0,0,0,0,0,0,0,0,0,0,0,0,1.14503816793893e-06
0,0,0,0,0,0,0,0,0,0,0,0,0,0,0,0,0,0,0,8.42722668397057e-06,0,0,0,0,0,0,0,0,0,0,0,0,0,0,0,0,0,0,0,0,0,0,0,0,0,0,0,0,0,0,0,0,0,0,0,0,0,0,0,0,0,0,0,0,0,0,0,0,0,0,0,0,0,0,0,0,0,0,0,0,0,0,0,0,0,0,0,0,0,0,0,0,0,6.15246421573001e-06,0,0,0,0,0,0,0,0,0,0,0,7.17118331695913e-06,0,0,0,0,0,0,0,0,0,0,0,0,0,0,0,0,0,0,0,0,0,0,0,0,0,0,0,0,0,0,0,0,0,0,0,0,0,0,0,0,0,0,3.50274965848191e-05,0,0,0,0,0,0,0,0,0,0,0,0,0,0,0,0,0,0,0,0,0,0,0,0,0,0,0,0,0,0,0,0,0,0,0,0,0.000865228013029316,0,0,0,0,0,0,0,3.45227574016792e-06,0,0,0,0,0,0,0,0,0,0,0,0,0,0,0,0,0,0,0,0,0,0,0,0,0,0,0,0,0,0,0,0.000177550513120983,0,0,0,0,0,0,0,0,0,0,0,0,0,0,0,0,0,0,0,0,0,0,0,0,0,0,0,0,0,0,0,0,0,0,0,0,0,0,0,0,0,0,3.26476696950373e-07,0,0,0,0,0,0,0,0,0,0,0,0,0,0.992583732057416,0,1.90124912067228e-05,0,0,0,0,0,0,0,0,0,0,0,0,0,0,3.18025696476275e-05,0,0,0,0,0,0,0,0,0,0,0,6.45411126887827e-05,0,0,0,0,0,0,0,0,0,0,0,0,0,0,0,0,0,0,0,0,0,0,0,0,0,0,0,0,0,0,0,0,0,0,0,0,0,0,0,0,0,0,0,0,0,0,0,0,0,0,0,0,0,0,0,0,0,0,0,0,0,0,0.00012809017548354,0,0,0,0,0,0,0,0,0,0,0,0,0,0,0,0,0,0,0,0,0,0,0,0,0,0,0,0,0,0,0,0,0,0,0,0,0,0,0,0,0,0,0,0,0,0,0,0,0,0,0,0,0,0.00214938205265986,0,0,0,0,0,0,0,0,0,0,0,0,0,0,0,0,0,0,0,0,0,0,0,0,0,0,0,0,0,0,0,0,0,0,0,0,0.000151676020021235,0,0,0,0,0,0,0,0,0,0,0,0,0,0,0,0,0,0,0,0,0,0,0,0,0,0,0,0,0,0,0,0,0,0,0,0,0,0,0,0,0,8.30514428942431e-07,0,0,0,0,0,0,0,3.97413632082408e-06,0,0,0,0,0,0,0,0,0,0,0,0,0,0,0,0,0,0,0,0,0,0,0,0,0,0,0,0,0,0,0,0,0,0,0,0,0,0,0,0,0,0,0,0,0,0,0,0,0,0,0,0,0,0,0,0,0,0,0,0,0,0,0,0,0,0,0,0,0,0,0,0,0,0,0,0,0,0,0,0,0,0,0,0,0,0,0,0,0,0,0,0,0,0,0,0,0,0,0,0,0,0,0,0,0,0,0,0,0,0,9.72226723271867e-05,0,0.00027986118885033,0,0,0,0,0,0,0,0,0,0,0,0,0,0,0,0,0,0,0,0
0,0,0,0,0,0.000193600132754377,0,0,0,0,0,0,0,0,0,0,0,0.000204248366013072,0,0,0,0,0,0,0,0,0,0,0,6.7118598563662e-05,0,0,0,0,0,0,0,0,0,0,0,0,0,0,0,0,0,0,0,0,0,0,0,0,0,0,0,0,0,0,0,0,0,0,0,0,0,0,0,0,0,0,0,0,0,0,0,0,0,0,0,0,0,0,0,0,0,0,0,0,0,0,0,0,0,0,0.000146445046496302,0,1.58768464772453e-05,0,0,0,0,0,0,0,0,0,0,0,0,2.43196575792213e-05,0,0,4.155446959875e-06,0,0,0,0,0,0,0,0,0,0,3.35979733702463e-06,0,0,0,1.10133371512902e-05,0,0,0,0,0,0,0,0,0,0,0,0,0,0,0,0,0,0,0,0,0,0,0,0,0,0,0,0,0,0,0,0,0,0,0,0,0,0,0,0,0,0,0,0,0,0,0,0,0,0,0,0,0,0,0,0,0,0,0,0,0,0,0,0,0,0,0,0,0,0,0,0,0,0,0,0,0,0,0,0,0,4.27968604223194e-06,0,0,0,0,0,0,0,0,0,0,0,0,0,0,0,0,0,0,0,0,0,0,0,0,0,0,0,0,0,0,0,0,0,0,0,0,0,0,0.000793398920977467,0,0,0,0,0,0,0,0,0,0,0,0,0,0,0,0,0,8.16191742375933e-08,0,0,0,0,0,0,0.000187143258164125,0,0,0,0,0,0,0,0.992574372302409,0,0.00031199198673213,0,0,0,0,0,0,0,0,0,0.000112731945978851,0,0,0,0,0,0,0,0,0,0,0,0,0,0,0,0,0,0,0,0,0,0,0,0,0,0,0,0,0,0,0,0,0,0,0,0,0,0,0,0,0,0,0,0,0,0,0,0,0,0,0,0,0,0.000150127608467197,0,0,0,0,0,0,0,0,0,0,0,0,0,0,0,0,0,0,0,0.000194628260023355,0,0,0,0,0,0,0,0,0,0,0,0,0,0,0,0,0,0,0,0,0,0,0,0,0,0,0,0,0,0,0,8.11589498031895e-05,0,0,0,0,0,0,0,0,0,0,0,0,0,0,0,0,0,0,0,0,0,0,2.97039114110546e-05,0,0,0,0,0,0,0,0,0,0,0,0,0,0,0,0,0,0,0,0,0,0,0,0,0,0,0,0,0,0,0,0,0,9.33532486930545e-05,0,0,0,0,0,0,0,0,0,0,0,0,0,0,0,0,0,0,0,0,0,0,0,0,0,0,0,3.00057010832058e-05,0,0,0,0,0,0,0,0,0,0,0,0,0,0,0,0,0,0,0,0,0,0,0,0,0,0,4.23863515947865e-05,0,0,0,0,0,0,0,0,0,0,0,0,0,0,0,0,0,0,0,0,0,0,0,0,0,0,0,0,0,0,0,0,0,0,0,0,0,0,0,0,0,0,0,0,0,0,0,0,0,0,0,0,0,0,0,0,0,0,0,0,0,0,0,0,0,0,0,0,0,0,0,0,0,0,0,0,0,0,0,0,0,0,7.25067467527853e-07,0,0,0,0,0,0,0,0,0,0,0,0,0,0,0,0,0,0,0,0,0,0,0,0,0,0,0,0,0,0,0,0,0,0,0,0,0,0,0,0,0,0,0,0,0,0,0,0,0,1.27582017010936e-06,0,0
0,0,0,4.33179843275533e-06,0,5.53143236441076e-05,8.877205341214e-05,0.000102121948194995,0,0,0,0,0,0,0,0,0,0,0,1.68544533679411e-05,2.11455831105999e-06,0,0,0,0,0,0,0,0,0,0,0,0,0,0,0,0,0,0,0,0,0,0,0,0,0,0,0,0,0,0,0,0,0,0,0,0,0,0,0,3.98422247898323e-05,0,6.47295276686366e-06,0,0,0,0,0,0,0,0,0,0,2.47437781769774e-06,2.60413275868804e-05,0,0,0,0,0,0,0,0,0,4.23599579789217e-06,0,0,0,0,0,0,9.85512959495417e-06,0,3.076232107865e-06,0,0,0,0,6.35073859089812e-06,0,0,3.26583932070542e-05,0,0,0,5.01982832187139e-05,0,0,0,0,0,0,0,0,0,0,0,0,3.26675682915515e-06,0,0,0,0,0,0,0,0,0,0,0,0,0,0,0,0,0,0,0,0,0,0,0,0,0,0,0,0,0,0,0,0,0,0,0,0,0,0,0,0,0,0,0,0,0,0,0,0,0,0,0,0,0.00018957345971564,0,0,0,0,0,0,0,0,0,0,0,0,0,0,0,0,1.27019611828066e-05,0,0,0,6.94124781716023e-05,0.000113925099425541,0,0,0,0,0,0,0,0,0,0,0.000387042490534287,0,0,0,8.51411640499949e-06,3.27884977949735e-05,0,0,0,0,0,0,0,0,0,0,0,0,0,0,0,0,0,0,0,0,1.40094283452764e-05,0,0,0,0,0,0,0,0,0,0,0,0,0,0,0,0,0,0,8.19014234467395e-06,0,0,0,0,0,0,0,0,0,0,0,0,0,0,0,0,0,0,3.04439519906223e-05,0,0,0,0,0,0,0,0,0,0,2.48251379346726e-05,0,0,0,0,0.955320645664201,0,0,0,0,0,0,0,0,0,0,0,0,0,0,6.36051392952551e-05,0,0,0,0,1.09635899178827e-05,0,0,0,0,0,0,0,0,0,0,0,0,0,0,0,0,0,0,0,0,0,0,0,0,0,0,0,0,0,0,0,0,0,0,0,0,6.95629913755803e-06,0.004434011476265,0,0,0,0,0,0,0,0,0,0,0,0,8.48356309650053e-05,0,0,0,0,0,0,0,0,0,0,0,0,0,0,0,0,0,0,0,0,0,0,0,0,0,0,6.8260783497273e-06,0,0,0,0,0,0,0,0,0,0,0,1.2202488087321e-05,0,4.17367496254127e-06,0,0,0,0,0,0.000128064544530443,0,0,0,0,0,0,0,0,8.34390227621654e-06,0,0,0,0,0,0,0,0,0,0,0,0,0,0,0,0,0,0,0,0,2.29965677622615e-05,0,0,0,0,0,0,0,0,0,0,0,0,0,0,0,0,0,0,0,0,0,0,0,0.000107365256602963,0,9.33532486930545e-05,0,0,0,0,0,0.00111564694845204,5.05586733404116e-05,0,0,0,0,0,0,0,0,0,0,0,0,0,0,0,0,0,0,0,0,0,0,0,0,0,0,0,0,0,0,0,0,0,0,0,0,0,0,0,0,0,4.15257214471216e-06,0,0,0,0,0,0,0,3.97413632082408e-06,0,0,0,0,0,0,0,0,4.77370262696856e-06,0.000268288320515114,0,0,0,0,0.000155400155400155,0,0,0,0,0,0,0,0,0,0,0,0,0,0.00010725144477673,0,0,0,0,0,9.65903602820439e-05,0,0,0,0,0,1.18133490844654e-05,0,0,2.30781124873359e-06,0,0,0,0,0,0,0,0,0,5.4202500542025e-05,0,0,0,0,0,0,0,0,9.43654396014004e-06,0,0,0,0,3.23825616961397e-05,0,0,0,0,0,0,0,0,0,0,0,0,4.35040480516712e-06,0,0.00285664059066538,0,0,0,0,0,0,0,0,0,0,0,0,0,0,0,0,0,0,0,0,0,3.96852168598675e-06,0,0,0,0,0,0,0,0,0,0,0,0,0,0,0,0,4.32370108813144e-05,0,0,0,1.88331010584203e-05,8.22828555442188e-06,0,0,0,0,0,0
0,0,0,0,0,0.0159858395331471,1.43180731309903e-06,7.29442487107104e-06,0,0,0,0,0,0,0,0,0,0.000408496732026144,0,8.42722668397057e-06,4.22911662211997e-06,0,0,0,0,0,0,0,3.3398646241539e-05,0.000201355795690986,0,0,0,0,0,0,0,0,0,0,0,7.74035744970703e-06,0,0,0,0,0,0,0,0,0,0,0,0,0,0,0,0,0,0,1.13834927970949e-05,0,0,0,0,0,0,0,0,0,0,0,0,0,0,0,0,0,0,0,0,0,0,0,4.23599579789217e-06,0,0,0,0,0,0,9.85512959495417e-06,0,3.076232107865e-06,0,0,0.00190378560445193,0,0.000206399004204189,0,0,0,0,0,0,0,0,0,0,0,0,0.000766069213745471,0,0,0.000131589153729375,0,0,0,3.26675682915515e-06,0,0,0,0,0,0,1.67989866851232e-05,0,0,0,9.91200343616119e-05,0,0,0,0,0,0,0,0,0,0,0,0,0,0,0,0,0,0,3.50274965848191e-05,0,0,0,0,9.13659205116492e-05,0,1.62083748672939e-05,0,0,0,0,0,0,0,0,0,0,0,0,0,0,0,0,0,0.000222780942681646,0,0,0,0,0,2.85160260066157e-05,0,0,0,0,0,0,0,0,0,0,0,0,0,0,0,0,0,0,0,0,0,0,0,0,0,0,0,0,0,0,0,8.98734068868708e-05,0,0,0,0,0,0,0,0,0,0,0,0,0,0,9.98213198374909e-06,0,0,0,7.00471417263819e-06,0,0,0.00110192837465565,0,0,0,0,0,0,0,0,0,0,0,0,0,0,0,0,0.000952078705172961,0,0,0,0,0,0,0,0.000257334019557386,0,0,0,0,0,0.00134128166915052,0,0,0,5.71334219663153e-06,0,0,0,0,0,0,9.35716290820623e-05,3.32845160431367e-05,0,9.13876297704343e-06,0,0,0,0,0.00199563744372767,0,0.981280480796072,0,0,0,0,0,0,0,0,0,0.00724866412644015,0,0,0,3.18025696476275e-05,0,0,0,0,0,0,0,0,0,0,0,0,0,0,0,0,0,0,0,0,0,0,0,0,0,0,0,0,0,0,0,0,4.84439793822424e-06,0,0,0,0,0,0,0,0,4.17377948253482e-06,0,0,0,0,0,0,0,0,0,0,0,0,0,0,0,0,0,0,0,0,0,0,0,0,0,0,0,0.00194628260023355,0,0,0,0,0,0,0,0,0,0,0,0,1.36521566994546e-05,0,0,0,4.95123038074962e-05,0,0,0,0,0,0,0,0,0,0,0,0,0,0,0.00718256705758227,0,0,0,0,0,0,0,1.66184730946921e-05,0,2.38397207891901e-06,0,0,0,0,0,0,0,0,0,0,0,0,0.000736657002994154,0,0,0,0,0,0,0,5.74914194056537e-06,0,0,0,0,0,0,0,0,0,0,0,0,0,0,0,0,0,0,0,0,0,0,0,5.36826283014816e-05,0,0.00588125466766243,0,0,0,0,0,1.26778062324095e-05,0.000101117346680823,0,0,0,0,0,0,0,0,0,0,0,0,0.000121980970968529,0,0,0,0,0,0,0,0.0025804902931557,0,0,0,0,0,0,0,1.45169485374174e-05,0,0,1.10308311731289e-05,0,0,0,0,0,0,0,0,0,2.49154328682729e-06,0,0,0,0,0,0.000381477164353078,0,0,1.34576823179512e-05,0,0,0,0,0,0,0,2.38685131348428e-06,0,1.30874635186954e-05,0,0,0,0,0,0,0,0,0,0,0,0,0,0,0,0,0,0,0,0,0,0,0,0,0,0,0,0,0,0,0,0,9.23124499493435e-06,0,0,0,0,0,0,0,0,0,0,0,0,0,0,0,0,0,0,0,0,0,0,0,0,0,0,0,0,0,0,0,0,0,0,0,0,7.97574214280639e-06,0,0,0,0,0,0,0,0,0,0,0,0,0,0,0,0.000109757436066293,0,0,0,0,0,0,0,0,0,0,9.59913991706343e-05,0,0,0,0,0.000111944475540132,0,0,0,0,0,0,0,0,0,7.65081672468536e-06,0,0,0,1.64565711088438e-05,0,0,4.79156684235745e-08,2.97691373025516e-06,0,0
0,0,0,0,0,0,0,0,0,0,0,0,0,0,0,0,0,0,0,0,0,0,0,0,0,0,0,0,0,0,0,0,0,0,0,0,0,0,0,0,0,0,0,0,0,0,0,0,0,0,0,0,0,0,0,0,0,0,0,0,0,0,0,0,0,0,5.71559213534522e-05,0,0,0,0,0,0,0,0,0,0,0,0,0,0,0.000288001843211797,0,0,4.23599579789217e-06,0,0,0,0,0,0,0,0,0,0,0,0,0,0,8.2060035121695e-05,0,0,0,0,0.000143410296859315,0,0,0,0,0,0,0,0,0,0,0,0,0,0,0,0,0,0,0,0,0,0,0,0,0,0,0,0,0,0,0,0,0,0,0,0,0,0,0,0,0,0.00153139356814701,0,0,0,0,0,0,0,0,0,0,0,0,0,0,0,0,0,0,0,0,0.000579332319501774,0,0,0,0,0,0,0.00238172566850709,0,0,0,0,0,0,0,0,0,0,0,0,0,0,0,0,0,0,0,0,0,0,0,0.000109545023004455,0,0,0,0,0,0,0,0,0,0,0,0,0,0,0,0,0,0,0,0,0,0,0,0,0,0,0,0,0,0,0,0,0,0,0,0,0,0,0,0,0,0,0,0,0,0,0,0,0,0,0,0,0,0,0,0,0,0,0,0,0,0,0,0,0,0,0,0,0,1.63238348475187e-07,0,0,0,0,0,0,0,0,0,0,0,0,0,0,0,0,0,0.973293768545994,0,0,0,0,0,0,0,0,0,0,0,0,0,0,0,0,0.000343053173241852,0,0,0,0,0,0,0,0,0,1.20235661897319e-05,0,0,0,0,0,0.000260489590184752,0,0,0,0,0,0,0,0,0,0,0,0,0,0,0,0,0,0,0,0,0,0,0,0,0,0,0,0,0,0,0,0,0,0,0,0,0,0,0,0,0,0,5.01470981545868e-05,0,0,0,0,0,0,0,0,0,0,0,0,0,0,2.25326723749437e-05,0,0,0,0,0,0,0,0,0,0,0,0,0,0,0,0,0,0,4.17367496254127e-06,0,0,0,0,0,0,0,3.09386795371574e-05,0,0,0,0,0,0.000466113545259625,0,0.00169450496247882,0,0,0,0,0,0,0.000407830342577488,0,0,0,0,0,0,0,0,0,0,0,0,0,0,0,0,0,0,0,0,0,0,0,0,0,0,0,0,0,0,0,0,0,0,0,0,0,0,0,0.000342817963661296,0,0,0,0,0,0,0,0,0,0,0,0,0,0,0,0,0,0,0,0,0,0,0,0,0,0,0,0.000384418247052793,0,0,0,0,0,0.000250218941573877,0,0,0,0,0,0,0,0,0,0,0,0,0,0,0,0,0,0,0,0,0,0,0,0,0,0,0,0,0.000220555800617556,0,0,0,0,0,1.44684298859888e-05,0,0,0,0,0,0,0,0,0,0,0,0,0.000117308933075254,0,0,0,0,0,0,0,0,0,0,0,0,0,0,0,0,0,0,0,0,0,0,0,0,0,0,0,0,0,0,0,0,0,0,0,0,0,0,0,0,0,0,0,0,0,0,0,0.000178762960314623,0,0,0,0,0,0,0,0,0,0,0,0,0,0,0,0,0,0,0.000329924117452986,0,0,0,0,0,0,0,0,0,0,0,0,0,0,0,0,0,0,0,0,0.000228545309107531,0,6.23208276205908e-05,0,0,0,0,0,0,0,0,0,0,0,0,0,0,0,0,0
0,0,0,0,0,0,0,0,0,0,0,0,0,0,0,0,0,0,0,0,0,0,0,0,0,0,0,0,0,0.00151016846768239,0,0,0,0,0,0,0,0,0,0,0,0,0,0,0,0,0,0,0,0,0,0,0,0,0,0,0,0,0,0,0,0,0,0,0,0,0,0,0,0,0,0,0,0,0,0,0,0,0,0,0,0,0,0,0,0,0,0,0,0,0,0,0,0,0,0,0,0,3.17536929544906e-06,0,0,0,0,0,0,0,0,0,0,0,0,0,0,0,8.31089391975001e-05,0,0,0,0,0,0,0,0,0,0,0,0,0,0,0,0,0,0,0,0,0,0,0,0,0,0,0,0,0,0,0,0,0,0,0,0,0,0,0,0,0,0,0,0,0,0,0,0,0,0,0,0,0,0,0,0,0,0,2.12172326363472e-05,0,0,0,0,0,0,0,0,0,0,0,0,0,0,0,0,0,0,0,0,0,0,0,0,0,0,0,0,0,0,0,0,0,0,8.51411640499949e-06,0,0,0.000834538778235229,0,0,0,0,0,0,0,0,0,0,0,0,0,0,0,0,0,0,0,0,0,0,0,0,0,0,0,0,0,0,0,0,0,0,0,0,0,0,0,0,0,0,0,0,0,0,0,0,0,0,0,0,0,0,0,0,1.2242876135639e-06,0,0,0,0,0,0,0,0,0,0,0,0,0,0,0,0,0,0,0.973559642953746,0,0,0,0,0,0,0,0,0,0,0,0,0,0,0,0,0,0,0,0,0,0,0,0,0,0,0,0,0,0,0,0,0,0,0,0,0,0,0,0,0,0,0,0,0,0,0,0,0,0,0,0,0,0,0,0,0,0,0,0,0,0,0,0,0,0,0,0,0,0,0,0,0,0,0,0,0,0,0,0,0,0,0,0,0,0,0,0,0,0,0,0,0,0,0,0,0,0,0,0,0,0,0,0,0,0,0,0,0,0,0,0,0,0,0,0,0,0,0,0,0,0,0,0,0,0,0,0,0,0,0,0,0,0,0,0,0,0,0,0,0,0,0,0,0,0,0,0,0,0,0,0,0,0,0,0,0,0,0,0,0,0,0,0,0,0,0,0,0,0,0,0,0,0,0,0,0,0,0,0,0,0,0,0,0,0,0,0,0,0,5.22775589865124e-05,0,0,0,0,0,0,0,0,0,0,0,0,0,0,0,0,0,0,0,0,0,0,0,0,0,0,0,0.000454407755225689,0,0,0,0,0,0,2.11931757973932e-05,0,0,8.97178821196747e-06,0,0,0,0,0,0,0,2.38685131348428e-06,0,0,0,0,0,0,0,0,0,5.3934378042236e-06,0,0,0,0,0,0.000933543380593967,0,0,0,0,0,0,0,0,0,0,0,0,0,0,0,0,0,0,0,0,0,0,0,0,0,0,0,0,0,0,0,0,0,0,0,0,0,0,0,0,0,0,0,0,0,0,0,0,0,0,0,0,0,0,0,1.45013493505571e-06,0,0,0,0,0,0,0,0,0,0,0,0,0,0,0,5.48787180331467e-05,0,0,3.06767286336585e-05,0,0,0,0,0,0,0,0,0,0,0,0,0,0,0,0,0,0,0,0,0,0,0,0,0,0,8.22828555442188e-06,0,0,0,0,0,0
0,6.5837118967674e-05,0,0,0,0,0,0,0,0,0,0,0,0,0.000319693094629156,0,0,0,0,0,0,0,0,0,0,0,0,0,0,0,0,0,0,0,0,0.000250563768479078,0,0,0,0,0,0,0,0,0,0,0,0,0,0,0,0,0,0,0,0,0,0.000189861401177141,0,0,0,0,0,0,0,0,0,0,0,0,0,0,0,0,0,0,0,0,0,0,0,0,0,0,0,0,0,0,0,0,0,0,0.000142816338189089,0,0,0,0,0,0,0,0,0,0,0,0,0,0,0,0,0,0,0,0,0,0,0,0,0,0,0,0,0,0,0,0,0,0,0,0,0,0,0,0,0,0,0,0,0,0,0,0,0,0,0,0,0,0,0,0,0,0,0,0,0,0,0,0,0,0,0,0,0,0,0.0181208053691275,0,0,0,0,0,0,0,0,0,0,0,0,0.000116795141322121,0,0,0.00019961218204631,0,0,0,0,0,0,0,0,0,0,0,0.000329922442847281,0,0,0,0,0,0,1.82575038340758e-05,0,0,0,0,0,0,0,0,0,0,0,0,0,0,0,0,0,0,0,0.000120148984741079,0,0,0,0,0,0,0,0,0,0,0,0,0,0,0,1.61762564907229e-05,0,0,0,0,0,0,0,0,0,0,0.000472813238770686,0,0,0,8.19014234467395e-06,0,0,0,0,0,0,0.000251952632905014,0,0,0,0,0,5.30760207845697e-06,0,0,0,0,0,2.4485752271278e-07,0,0,0,0,0,0,0,0,0,0,0,0.00103221105680197,0,0,0,0,0,0,0,0.991200906344411,0,0,0,0,0,0,0,0,0,0,0,0,0,0,0,0,0,0,0,0,0,3.77914666868221e-05,0,5.24870094651574e-05,0,0,0,0,0,0,6.51223975461881e-06,0,0,0,0,0,0,0,0,0,0,0,9.19667080516853e-05,0,0,0,0,0,0,0,3.89574973703689e-05,0,0,0,0,0,0,0,0,0,0,0,0,0,0,0,0,0,0,0,0,0,0,1.67156993848623e-05,0.00108514190317195,0,0,0,0,0,0,0,0,0,0,0,0,0,0,0,0,0,0,0,0,0,0,0,0,0,0,0,0,0,0,0,0,0,0,0,0.00135299688810716,0,0,0,0,0,0,0,0,0,0,0,0,0,0,0,0,0,0,0,0,0,0,0,0,0,0,0,0,0,0,0,0,0,0,0,0,0,0,0,0,0,0,0,0,0,0,0,0,0,0,0,0,0,0,0,0,0,0,0,0.000342817963661296,0,0,0,0,0,0,0,0,0,0,0,0,0,0,0,0,0,0,0,0,0,0,0,0,0,0,0,0,0,0,0,0,0,0,0,0,0,0,0,0,0,0,0,0,0,0,0,0,0,0,0,0,0,0,0,0,0,0,0,9.12075884713608e-05,0,0.000330141961043249,0,0,0,0,0,0,0,0,0,0,0,0,0,0,0,0,0,0,0,0,0,0.000222915737851092,0,0,0,0,0,0,0,0,0,0,0,0,0,0,0,0,0,0,0,0,0,0,0,0.000136612021857923,0,0,0,0,8.7123192193762e-05,0,0,0,0,0,0,0,0,0,0,0,0,0,0,0,0,0,0,0,0,0,0,0,0,0,0,0,0,0,0,0,0,0,0,0,0,0,0,0,0,0,0,0,0,0,0,0,0,0,0,0,0.000188679245283019,0,0,0,0,5.71363272768826e-05,0,0,0,0,1.57711293705742e-05,0,0,0,0,0,0,0,0,0,2.18804017241757e-05,0,0,0,7.63358778625954e-07
0,0,0,0,0,0,0,3.64721243553552e-06,0,0,0.000133904659882164,0,0,0,0,0,0,0,7.63009308713566e-05,0,0,0,0,0,0,0,0,0,0,0,0,0,0,0,0,0,0,0.000360230547550432,0,0,0,0,0,0,0,0,0.000232450023245002,0.000201972599050729,0,0,0,0,0,0,0,0,0,0,0,0,0,0,0,0,0,0,0,0,0,0,0,0,0,0,0,0,0,0,0,0,0,0,0,0,0,0,0,0,0,0,0,0,0,0,0,0,0,0,0,0,0,0,0.000418672807201172,0,0,0,0,0,0,0,0,0,0,0,0,0,0,0,0,0,0,0,0,0,0,0,0,0,0,0,0,0,0,0,0,0,0,0,0,0,0,0,0,0,0,0.00445505171042164,0,0,0,0,0,0,0,0,0,0,1.52615835419083e-05,0,0,0,0,0,0,0,0,0,0,0,0,0,0,0,0,0,0,0,0,1.05767501877373e-05,0,0,0,0,0,0,0,0,0,0,0,0,0,5.07572988995818e-06,0,0,0,0,0,0,0,0,0,0,0,0,0,0,0,0,0,0,0,0,0,0,0,0,0,0,0,0,0,0,0,0,0,0,0,0,0,0.000349040139616056,0,0,0,0,0,0,0,0,6.29287017808823e-05,0,0,0,0,0,0,0,0,0,0,0,0,0,0,0,0.000617665225447807,0,0,0,0,0,0,0,0,0,0,0,0,0,1.63238348475187e-07,0,0,0,1.91596574253252e-05,0,0,0,0,0,0,0,0,0,0,0,0,0,0,0,0,0.969498050441735,0.000762592815572948,0,0,0,0,0,0,0,0,0,0,0,0,0,0,0,4.32002764817695e-05,0,0,0,0.00147386720078606,0,0,0,0.00072011521843495,0,0.000142836737608913,0,0,0,0.00012653102540743,0,0,0,0,0,0,0,0,0,0,0,0,0,0,0,0,0,0,0,0.000221092195445501,0,0,0,0,0,0.000244319569997557,0,0,0,0,0,0,0,0,0,0,0,0,0,0,0,0,0,0,0,0,0,0,0,0,0,0,0,0,0,0,0,0,0,0,0,0,0,0,0,0,0,0,9.04977375565611e-05,0,0.000100075056292219,0,2.13707178424123e-05,0,0,0,0,0,0,0,0,0,0,0,0,1.76146271864156e-05,0,0,0,0,0,0,0,0,0.000435935626839103,0,0,0,0,0,0,0.00163939442955631,0,0,0,0,0,8.95575855274942e-05,0,0,0,0,0,0,0,0,0,0,0,0,0,0,0,0,0,0,0,0,0,0,0,0,0,0,0,0,0,0,0,0,0.000191717791411043,0,0,0,0,0.0111786148238153,0,0,0,0,0,0,0,0,0,0,0,0,0,0,0.00757420675537359,0,0,0,0,0,0,0,0,0,0,0,0,0,0,0,0,0,0,0,0,0.000321440051430408,0,0,0,0,0,0,0,0,0,0,0,0,0,0,0,0,9.12075884713608e-05,0,0,0,0,0,0,0,0,0,0,0,0,0,0,0,0,0,0,0,0,0,0,0,0,0,0,0,0,0,0,0,0,0,0,0,0,0,0,0,0,0,0,0,0,0,0,0,0,0,0,0,0,0,0,0,0,0,0,0,0,0,0,0,0,0,0,0,0,0,0,0,0,0,0,0,0,0,0,0,0.000238606537819136,0,0,0,0,0,0,0,0,0,0,0.000143691924513842,0,0,0,0,0,0,0,0,0,0,0,0,0,0,0,0,0,0,0,0,0,0,0,0,0,0,0,0,0,0,0,0,0,2.18804017241757e-05,0,0,5.41516245487365e-07,1.14503816793893e-06
0,0,0,0,0,0,0,0,0,0,0.000267809319764328,0,0,0,0,0,0,0,0.00396764840531054,0,0,0,0,0,0,0.000129073894804776,0,0,0,0,0,0,0,0,0,0,0,0,0,0,0,0,0,0,0,0,0,6.73241996835763e-05,0,0,0,0,0,0,0,0,0,0,0,0,0,0,0,0,0,0,0,0,0,0,0,0,0,0,0,0,0,0,0,0,0,0,0,0,0,0,0,0,0,0,0,0,0,0,0,0,0,0,0,0,0,0,0.000209336403600586,0,0,0,0,0,0,0,0,0,0.000190150218672751,0,0,0,0,0,0,0,0,0,0,0,0,0,0,0,0,0,0,0,0,0,0,0,0,0,0,0,0,0,0,0,0,0.000318217979315831,0,0,0,0,0,0,0,0,0,0,0,0.000120685493603669,0,0,0,0,0,0,0,0,0,0,0,0,0,0,0,0,0,3.04145503208735e-05,0,1.05767501877373e-05,0,0,9.67164756516273e-05,0,0,0,0,0,0,0,0,0,0,5.07572988995818e-06,0,0,0,0,0,0,0,0,0,0,0,0,0,0,0,0,0,0,0,0,0,0,0,0,0,0,0,0,0,0,0,0,0,0,0,0,0,0,0,0,0,0,0,0,0,0,2.09762339269608e-05,0,0,0,0,0,0,0,0,0,0,8.19014234467395e-06,0,0,0,0,0,0,0,0,0,0,0,0,0,0,0,0,0,0,0,0,0,0,1.91596574253252e-05,0,0,0,0,0,0,0,0,0,0,0,0,0,0,0,0,0.00108582991954987,0.924824402970098,0,0,0,0,0,0,0,0,0,0,0,0,0,0,0,0.000129600829445308,0,0,0,0.000113374400060466,0,1.74956698217191e-05,0,0.00504080652904465,0,0,0,0,0,0.000151837230488916,0,0.00013575889220744,0,0,0,0,0,0,0,0,0,0,0,0,0,0,0,0,0,0,0,0,0,0,0,0,0,0,0,0,0,0,0,0,0,0,0,0,0,0,0,1.67156993848623e-05,0,0,0,0,0,0,0,0,0,0,0,0,0,0,0,0,0,0,0,0,0,0,0.000683060109289617,0,0,0,0.000135746606334842,0,0.000100075056292219,0,4.27414356848247e-05,0,0,0,0,0,0,0,0,0,0,0,0,8.8073135932078e-06,0,0,0,0,0,0,0.000175870559268378,0,0.000908199222581465,0,0,0,0,0,0,0.00713464455742908,0,0,0,0,0.000241138172172655,0,0,0,0,0,0,0,0,0,0,0,0,0,0,0,0,0,0,0,0,0,0,0,0,0,0,0,0,0,0,0,0,0,0,0,0,0,0,0.000729040097205346,0,0,0,0,2.47328848436882e-05,0,0,0,0,0,0,0,0,0,0.00102354145342886,0,0,0,0,0,0,0,0,0,0,0,0,0,0,0,0,0,0,0,0,0.00128576020572163,0,0,0,0,0,0,0,0,5.47675119119338e-05,0,0,0,0,0,0,0,0,0,0,0,0,0,0,0,0,0,0,0.000155400155400155,0,0,0,0,0,0,0,0,0,0,0,0,0,0,0,0,0,0,0,0,0,0,0,0,0,0,0,0,0,0,0,0,0,0,0,0,0,0,0,0,0,0,0,0,0,0,0,0,0.00186683260734287,0,0,0,0,0,0,0,0,0,0,0,0,0,0,0,0,7.25067467527853e-07,0,0,0,0,0,0,0,0,0,0,0,0,0,0.000574767698055369,0,0,0,0,0,0,0,2.25275963054742e-05,0,0,0,0.00134831460674157,0,0,0,0,0,0,0,0,0,0,0,1.57711293705742e-05,0,0,0,0,0,0,0,0,0,0,0,0,2.70758122743682e-07,2.67175572519084e-06
0,0,0,0,0,0,0,0,0,0,0,0,0,0,0,0,0,0,0,0,0,0,0,0,0,0,0,0.00018379650051463,0,0,0,0,0.000514020084031109,0,0,0,0,0,0,0,0,0,0,0,0,0,0,0,0,0,0,0,0,0,0,0,0,0,0,0,0,0,0,0,5.34616412723871e-05,0,0,0,0,0,0,0,0,7.42313345309322e-06,0,0,0,0,0,0,0,0,0,0,0,0,0,0,0,0,0,0,0,0,5.80321304562293e-05,0,0,0,0,0,0,0,0,0,0,0,0,0,0,0,0,0,0,0,0,0,0,8.69746729752296e-05,1.63337841457758e-05,0,0,0,0,0,0,0,0,0,0,0,1.12384805574286e-05,0,0,0,0,0,0,0,0.000122309197651663,0,0,0,0,4.29000429000429e-05,0,0,0,0,0,0,0.000133958472873409,0,0,0,0,0,0,0,0,0,0,3.71774853148933e-05,1.33738114025116e-05,0,0,0,0,0,0,0,0,0,0,0,0,0,0,0,0,0,0,0,0,0,0,0,0,0,0,0,0,0,0,0,0,0,0,0,0,0,0,0,0,0,0,0,2.08685490097873e-05,0,0,0,0,0,0,0,0,0,0,0,0,0,0,0,0,0,0,0,9.98213198374909e-06,0,0,0,7.00471417263819e-06,2.7680894646515e-05,0,0,0,0,0,0,0,0,5.50888307395676e-05,0,0,0,0,0,0.0002002002002002,0,0,0,0,0,0,0,0,0,0,0,0,5.50751776174478e-05,0,0,0,0,0,0,0,0,1.63238348475187e-07,0,0,0,0,0,0,0,0,0,9.13876297704343e-06,0,0,0,0,0,0,0,0,0,0,0,0,0.98716577540107,0,0,0,0,0,0,0,0,0,0,0,0,0,0,0,0,0,0,0,0,0,0,0,0,0,0,0,0,0,0,0,0,0,0,0,0.000472158731180719,0,0,0,0,2.90663876293454e-05,0,0,0,0,0,0,0,0,0,0,8.84642604387827e-05,0,0,0,0,0,0,0,0,0,0,0,0,0,0,0,2.33399463181235e-05,0,0,0,0,0,0,0,0,0,0,0,0,0,0,0,0,5.92880688690208e-06,0,0.00216627352813749,0,0,0,0,0,0,0,0,0,0,0,0,0,0,0,0,0,0,0,0,0,0,0,0,0,0,0,0,0,0,0,0,0,0,0,0,0,0,0,0,0,0,0,0,0,0,0,0,0,0,0,0,0,0,0,0,0,0,0,0.000222074172773706,0,0,0,0,0,0,0,0,0,0,0,0,0,0,0,0,0,0,0,0,0,0,0,0,0,0,0,0,0,0,0,0,0,0,0,0.000842726219319499,0,0,0,0,0,0,0,0,0,0,0,0,0,0,0,0,0,0,0,0,0,2.43872698451408e-05,0,0,0,3.12052399838981e-06,0,0,0,0,0,0,1.32882308630789e-05,0,0,0,0,0,0,0,0,0,0,0,0,0,0,0,0,0,0,0,0,0,0,0,0,0,0,0,0,0,0,0,0,0,0,0,0,0,0,0,0,0,0,0,0,0,0,0,0,0,0,0,0,0,0,0,0,0,0,0,0,0,0,0.000127534753220253,0,0,0,0,0,0,0,0,0,0,0,0,0,0,0,0,0,0,0,0,0,0,0,1.38513747489438e-05,0,0,0,0,0,0,0,0,0,0,0,0,0,0,0,0,0,0,0,0,0,0,0,0,0,3.96852168598675e-06,0,0,0,0,0,0,0,0,0,0,0,0,0,0,0,0,0,0,0,0,0,0,0,0,4.79156684235745e-08,0,0,0
0,0,0,0,0,0,0,0,0,0,0,0,0,0,0,0,0,0,0,0,0,0,0,0,0,0,0,0,0,0,0,0,0,0,0,0,0,0,0,0,0,0,0,0,0,0,0,0,0,0,0,0,0,0,0,0,0,0,0,0,0,0,0,0,0,0,0,0,0,0,0,0,0,0,0,0,0,0,0,0,0,0,0,0,0,0,0,0,0,0,0,0,0,0,0,0,0,0,0,0,0.00184520758585341,8.16459830176355e-06,0,0,0,0,0,0,0,0,0,0,0,0,0,0.000656437187166653,0,0,0,0,0,0,0,0,0,0,0,0,0,0,0,0,0,0,0,0,0,0,0,0,0,0,0,0,0,0,0,0,0,0,0,0,0,0,0,0,0,0,0,0,0,0,0,0,0,0,0,0,0,0,0,0,0,0,0,0,0,0,0,0,0,0,0,0,0,0,0,0,1.27019611828066e-05,0,0,0,0,0,0,0,0,0,0,0,0,0,0,0,0,0,0,0,0,0,0,0,0,0,0.000174703004891684,4.30700318718236e-05,0,0,0,0,0,0,0,0,0,0,0,0,0,0,0,0,0,0,0,0,6.36429207857779e-05,0,0,0,0,0,0,0,0,0,0,0,0,0,0,0,0,0,0,0,0,0,0,0,0,0,0,0,0,0,0,0,0,0,0,0,0,0,0,0,0,0,0,0,0,0,0,0,0,0,0,0,0,0,0,0,0.993310630017027,0,0,0,0,0,0,0,0,0,7.21552781585973e-05,0,0,0,0,0,0,0,0,0,0,0,0,0,0,0,0,0,0,0,0,0,0,0,0,0,0,0,0,0,0,0,0,0,0,0.000252908447142135,0,0,0,0,0,0,0,0,0,0,0,0,0,0,0,0,0,0,0,0,0,0,0,0,0,0,0,0,0,0,0,0,0,0,0,0,0,0,0,0,0,0,0,8.41042893187553e-05,0,0,0,0,9.90246076149923e-05,0,0,0,0.000657099857981644,0,0,0,6.1012440436605e-06,0,0,0,0,0,0,0,0,0,0,0,0,0,0,0,0,0,0,0,0,0,0,0,0,0,0,0,0,0,0,0,0,0,0,0,0,0,0,0,0,0,0,0,0,0,0,0,0,0,0,0,0,0,0,0,0,0,0,0,0,0,0,0,0,0,0,0,0,0,0,0,0,0,0,0,0,0,0,0,0,0,0,0,0,0,0,0,0,0.000641137728041033,0,0,0,0,0,0,0,0,0,0,0,0,0,0,0,0,0,0,0,0,0,0,0,0,0,0,0,0,0,0,0,0,0,0,0,0,0,0,0,0,0,0,0,0,0,0,0,0,0,0,0,0,0,0,0,0,0,0,0,0,0,0,0,0,0,0,0,0,0,0,0,0,0,0,0,0,0,0,0,0,0,0,0,0,0,0,0,0,0,0,0,0,0,0,0,0,0,0,0,1.4719346225518e-06,0,0,0,0,0,0,0,0,0,0,0,0,0,0,0,0,0,0,0,0,0,0,0,0,0,0,0,0,0,0,0,0,0,0,0,0,0,0,0,0,0,0,0,0,0,0,0,0,0,0,0,0,0,0,0,0,0,0,0,0,0,0,0,0,0
0,0,0,0,0,0,0,0,0,0,0,0,0,0,0,0,0,0,0,0,0,0,0,0,0,0,0,0,0,0,0,0,0,0,0,0,0,0,0.000220653133274493,0,0,0,0,0,0,0,0,0,0,0,0,0,0,0,0,0,0,0,0,6.66666666666667e-05,0,0,0,0,0,0,5.71559213534522e-05,0,0,0,0,0,0,0,0,0,0,0,0,0,0,0,0,0,0,0,0,0,0,0,0,0,0,0,0,0,0,0,0,0,0,0,0,0,0,0,0,0,0,0,0,0,0,0,0,0,0,0,0,0,0,0,0,0,0,0,0,0,0,0,0,0,0,0,0,0,0,0,0,0,0,0,0,0,0,0,0,0,0,0,0,0,0,0,0,0,0,0,0,0.00107360934040126,0,0,0,0,0,0,0,0,0,0,0,0,0,0,0,0,0,0,0,0,0,0,0,0,0,0,0,0,0,0.000164609053497942,0,0,0,0,0,0,0,0,0,0,0,0,0,0,0,0,0,0,0,0,0,0,0,0,0,8.61400637436472e-05,0,0,0,0,0,0,0,0,0,0,0,0,0,0,0,0,0,0,0,0,0,0,0,0,0,0,0,0,0,0,0,0,0,0,0,0,0,0,0,0,0,0,0,0,0,0,0,0,0,0,0,0,0,0,0,0,0,0,0,0,0,0,0,0,0,0,0,0,0,0,0,0,0,0,0,0,0,0.984881803188565,0,0,0,0,0,0,0,0,0,0,0,0,0,0,0,0,0,0,0,0,0,0,0,0,0,0,0,0,0,0,0,0,0,0,0,0,0,0,0,0,0,0,0,0,0,0,0,0,0,0,0,0,0,0,0,0,0,0,0,0,0,0,0,0,0,0,0,0,0,0,0,0,0,0,0,0,0,0,0,0,0,0,0,0,0,0,0,0,0,0,0.000311798453479671,0,0,0,0,0,0,5.00375281461096e-05,0,0,0,0,0,0,0,0,0,0,0,0,0,0,8.8073135932078e-06,0,0,0,0,0,0,0,0,0,0,0,0,0,0,0,0,0,0,0,0,0,0,0,0,0,0,0,0,0,0,0,0,0,0,0,0,0,0,0,0,0,0,0,0,0,0,0,0,0,0,0,0,0,0,0,0,0,0,0,0,0,0,0,0,0,0,0,0,0,0,0,0,0,0,0,8.97021887334051e-05,0,0,0,0,0,0,0,0,0,0,0,0,0,0,1.10308311731289e-05,0,0,0,0,0,0,0,0,0,0,0,0.0018811136192626,0,0,0,0,0,0,0,0,0,0,0,0,0,0,0,4.47147200858523e-05,0,0,0,0,0,0,0,0,0,0,0,0,0,0,0,0,0,0,0,0,0,0,0.000101564086938858,0,0,0,0,0,0,0,0,0,0,0,0,0,0,0,0,0,0,0,0,0,0,0,0,0,0,0,0,0,0,0,0,0,0,0,0,0,0,0,0,0,0,0,0,0,0,0,0,0,0,0,0,0,0,0,0,0,0,0,0,0,0,0,0,0,0,0,0,0,0,0,0,0,0,0,0,0,0,0,0,0,0,0,0,0,0,0,0,0,0,8.05282654211628e-05,0,0,0,0,0,0,0,9.02527075812274e-08,0
0,0,0,0,0,0,0,0,0,0,0,0,0,0.000980872976949485,0,0,0,0,0,0,0,0,0,0,0,0,0,0,0,0,0,0,0,0,0,0,0,0,0,0,0,0,0,0,0,0,0,0,0,0,0,0,0,0,0,0,0,0,0,0,0,0,0,0,0,0,0,0,0,0,0,0,0,0,0,0,0,0,0,0,0,0,0,0,0,0,0,0,0,0,0,0,0,0,0,0,0,0,0,0,0,0,0,0,0,0,0,0,0,0,0,0,0,0,0,0,0,0,0,0,0,0,0,0.0058252427184466,0,0,0,0,0,0,0,0,0,0,0,0,0,0,0,0,0,0,0,0,0,0,0,0,0,0,0,0,0,0,0,0,0,0,0,0,0,0,0,0,0,0,0,0,0,0,0,0,0,0,0,0,0,0,0,0,0,0,0,0,0,0,0,0,0,0,0,0,0,0,0,0,0,0,0,0,0.000658327847267939,0,0,0,0,0,0,0,0,0,0,0,0,0,0,0,0,0,0,0,0,0,0,0,0,0,0,0,0,0,0,0,0,0,0,0,0,0,0,0,0,0,0,0,0,0,0,0,0,0,0,0,0,0,0,0,0,0,0,0,0,0,0,0,0,0,0,0,0,0,0,0,0,0,0,0,0,0,0,0,0,0,0,0,0,0,0,0,0,0,0,0,0,0,0.967069154774973,0,0,0,0,0,0,0,0,0,0,0,0,0.000499334221038615,0,0,0,0,0,0,0,0,0,0,0,0,0,0,0,0,0,0,0,0,0,0,0,0,0,0,0,0,0,0,0,3.89574973703689e-05,0,0,0,0,0,0,0,0,0,0,0,0,0,0,0,0,0,0,0,0,0,0,0,0,0,0,0,0,0,0,0,0,0,0,0,0,0,0,0,0,0,0,0,0,0,0,0,0,0,0,0,0,0,0,0,0,0,0,0,0,0,0,0,0,9.28160386114721e-05,0,0,0.000203636956034781,0,0,0,0,0,0,0,0,0,0,0,0,0.000579038795599305,0,0,0,0,0,0,0,0,0,0,0,0,0,0,0,0,0,0,0,0,0,0,0,0,0,0,0,0,0,0,0,0,0,0,0,0,0,0,0,0,0,0,0,0,0,0,0,0,0,0,0,0,0,0,0,0,0,0,0,0,0,0,0,0,0,0,0,0,0,0,0,0,0,0,0,0,0,0,0,0,0,0,0,0,0,0,0,0,0,0,0,0,0,0,0,0,0,0,0,0,0,0,0,0,0,0,0,1.44684298859888e-05,0,0,0,0,0,0,0,0,0,0,0,0,0,0,0,0,0,0,0,0,0,0,0,0,0,0,0,0,0,0,0,0,0,0,0,0,0,0,0,0,0,0,0,0,0,0,0,0,0,0,0,0,0,0,0,0,0,0,0,0,0,0,0,0,0,0,0,0,0,0,0,0,0,0,0,0,0,0,0,0,0,0,0,0,0,0,0,0,0,0,0,0,0,0,0,0,0,0,0,0,0,0,0,0.000107723796186578,0,0,0,0,0,0,0,0,0,0,0,0,0,0,0,0
0,0,0,0,0,0.00271040185856127,2.86361462619806e-06,0,0,0,0,0,0,0,0,0,0,0,0,0,4.22911662211997e-06,0,0,0,0,0,0,0,0,0.000100677897845493,0,0,0,0,0,0,0,0,0,0,0,0,0,0,0,0,0,0,0,0,0,0,0,0,0,0,0,0,0,0,0,0,0,0,0,0,0,0,0,0,0,0,0,2.47437781769774e-06,0,0,0,0,0,0,0,0,0,0,0,0,0,0,0,0,0,0,0,0,0,0,0.00505235410412243,0,0.000171469941954249,0,0,0,0,0,0,0,0,0,0,0,0,0.0012524623653299,0,0,5.26356614917501e-05,0,0,0,3.26675682915515e-06,0,0,0,0,0,0,3.35979733702463e-06,0,0,0,5.50666857564511e-05,0,0,0,0,0,0,0,0,0,0.00048227634434531,0,0,0,0,0,0,0,0,0,0,0,0,0,0,0,0,0,0,0,0,0,0,0,0,0,0,0,0,0,0,0,0,0,5.30430815908681e-05,0,0,0,0,0,0,0,0,0,0,0,5.08957654723127e-05,0,0,1.27019611828066e-05,0,0,0,0,0,0,0,0,0,0,0,0,0,0,0,0,0,0,0,0,0,0,5.99156045912472e-05,0,0,0,0,0,0,0,0,0,0,0,0,0,0,0,0,0,0,0,0,0,0.00068870523415978,0,0,0,0,0,0,0,0,0,0,0,0,0,0,9.19286633572348e-05,0,0.00142811805775944,0,0,0,0,0,0,0,0.000514668039114771,0,0,0,0,0,0.00171385991058122,0,0,0,2.28533687865261e-06,0,0,1.42188248709997e-06,0,0,0,0,0,0,0,0,0,0,0,0.000788972942869077,0,0.00495903052595281,0,0,0,0,0,0,0,0,0,0.983045115324781,0,0,0,0,0,0,0,0,0,0,0,0,0,0,0,0,0,0,0,0,0,0,0,0,0,0,0,0,0,0,0,0,0,0,0,0,0,0,0,0,0,0,0,0,0,0,0,0,2.04561726500972e-05,0,0,0,0,0,0,0,0,0,0,0,0,0,0,0,0,0,0,0,0,0,0,0,0,0.017516543402102,0,0,0,0,0,0,0,0,0,0,0,0,0,0,0,0,0,0,0,0,0,0,0,0,0,0,4.17367496254127e-06,0,0,0,0,0.000973907397638275,0,0,0,0,0,0,0,0,0,0,0,0,0,0,0,0,0,0,0,0,0,0,0.000368328501497077,0,3.5405624537514e-06,0,0,0,0,0,0,0,0,0,0,0,0,0,0,0,0,0,0,0,0,0,0,0,0,0,0,0,0,0,0,0,0.00261389096340553,0,0,0,0,0,1.26778062324095e-05,5.05586733404116e-05,0,0,0,0,0,0,0,0,0,0,0,0,5.22775589865124e-05,5.3984020729864e-05,0,0,0,0,0,0,0.00486092357547934,0,0,0,0,0,0,0,0,0,0,0,0,0,0,0,0,0,0,0,0,1.66102885788486e-06,0,0,0,0,0,8.4772703189573e-05,0,3.97413632082408e-06,4.48589410598373e-06,0,0,0,0,0,0,0,2.38685131348428e-06,0,0,0,0,0,0,0,0,0,8.0901567063354e-06,0,0,0,0,0,0,0,0,0,0,0,0,0,0,0,0,0,0,0,0,0,0,0,0,0,0,0,0,0,0,0,0,0,0,0,0,0,0,0,0,0,0,0,2.35913599003501e-06,0,0,0,0,1.4719346225518e-06,0,0,0,0,0,0,0,0,0,0,0,0,4.35040480516712e-06,0,0,0,0,0.000104887770086008,0,0,0,0,0,0,0,0,0,0,0,0,0,3.06767286336585e-05,0,0,0,0,0,0,0,0,0,0,0,0,0,0,0,0,0,0,0,0,0,0,0,0,0,0,2.46848566632656e-05,0,0,2.39578342117873e-07,1.27582017010936e-06,0,0
0,0,0,0,0,0,0,0,0,0,0,0,0,0,0,0,0,0,0,0,0,0,0,0,0,0,0,0,0,0,0,4.09785682088268e-05,0,0,0,0,0,0,0,0,0,0,0,0.000130616509926855,0,0,0,0,0,0,0,0,0,0,0,0,0,0,0,0,0,0,0,0,0,0,0,0,0,0,0,0,0,0,0,0,0,0,0,0,0,0,0,0,0.00029228371005456,0,0,0,0,0,0,0,0,0,0,0,0,0,0,0,0,0,0,0,0,0,0,0,0,3.96055289318389e-05,0,0,0,0,0,0,0,0,3.26675682915515e-06,0,0,0,0,0,0,0,0,0,0,0,0,0,2.96577495699626e-05,0,0,0,0,0,0,0,0,0,0,0,0,0,0,0,0,0,0,0,0,0,0.000973314948495417,0,0,0,0,0,0.0121809744779582,0,0,0,0,0,0.000197511356903022,0,0,0,0,0,0,0,0,0,0,0,0,0,0,0,0,0.000835247442054709,0,0,0,0,0,0,0,0,0,0,0,0,0,0,0,0,0,0,0,0,0,0,0,0,0,0,0,0,0,0,0,0,0,0.000788910176941283,0,0,0,0,0,0,0,0,0,0,0,0,0,0,0,0,0,0,0,0,0,0,0,0,0,0,0,0,0,0.000111994624258036,0,0,0,0,0,0,0,0,0,0,0,5.50751776174478e-05,0,0,5.30760207845697e-06,0,0,0,0,0,0,0,0,4.26564746129991e-06,0,0,0,0,0,0,0,0,0,0,0,0,0,0,0,0,0,0,0,0,0,0,0,0,0.988005092809757,0,0,0,0,0,0,0,0,0,0,0,0,0,0,0,0,3.60706985691956e-05,0,9.26011667747014e-05,0,0,0,0,0,0,0,0,0,0,0,0,0,0,0,0,4.84439793822424e-06,0,0,0,3.3277427255544e-05,0,0,0,0,0,0,0,0,0,0,0,0,0,0,0,0,0,0,0,0,0,0,0,0,0,0,0,0,0,0,0,0,0,0,0,0,0,0,0,0,0,0,0,0,0,6.8260783497273e-06,5.67150635208711e-05,0,0,0,0,0,0,0,0,0,0,0,0,0,0,0,0,0,0,0,0,0,0,0,0,1.46130465279401e-05,0,0,0,0,0,0,0,0,0,0,0,0,0,0,0,0,0,0,0,0,0,0,0,0,0,0,0,0,0,0,0,0,0,0,0,0,0,1.66575050388953e-05,0,0,0,0,5.53617892930299e-05,0,0,0,0,0,0,0,0,0,0,0,0,0,0,0,0,0,0,0,0,0,0,0,0,0,0,0,0,0,0,0,0,0,0,0,0,0,4.05284915295453e-05,0,0,0,0,0,0,0,0,0,0,0,0,0,0,0,0,0,0,0,0,0,0,0,0,0,0,0,0,0,0,0,0,0,0,0,0,0,0,0,0,0,0,0,3.2916392363397e-05,0,0,0,0,0,0,0,0,0,0,0,0,0,0,0,0,0,0,0,0,0,0,0,0,0,0,0,0,0,0,0,0,0,0,2.84867821330902e-05,0,0,0,0,0,0,0,0,0,0,0,0,0,0,0,0,0,0.000268192383336313,0,0,0,0,0,0,0,0,0,0,0,0,0,0,0,0.000453892124971632,0,0,0,0,0,0,0,0,0,0,0,0,0,0,0,0,0,4.7622260231841e-05,0,0,0,0,0,0,0,0,0,0,0,0,0,0,0,0,0,0,0,0,0,0,0,0,0,0,0,0
0,0,0,0,0,0,0,0,0,0,0,0,0,0,0,0,0,0,0,0,0,0,0,0,0,0,0,0,0,0,0,0,0,0,0,0,0,0,0,0,0,0,0,0,0,0,0,0,0,0,0,0,0,0,0,0,0,0,0,0,0,0,0,0,0,0.00125529577906794,0,0,0,0,0,0,0,2.47437781769774e-06,0,1.28183764244421e-05,0,0,0,0,0,0,0,0,0,0,0,0,0,0,0,0,0,0,0,0,0,0,0,0,0,0,0,0,0,0,0,0,0,0,0,0,0,0,0,0,0,0,0,0.00370164723301869,0,0,0,0,0,0,0,0,0,0,0,0,0,0,0,0,0,0,0,0,0,0,0,0,0,0,0,0,0,0,0,0,0,0,0,0,0,0,0,0,0,0,0,0,0,0,0,0,0,0,0,0,0,0,0,0,0,0,0,0,0,0,0,0,0.000103939299449122,0,0,0,0,0,0,0,0,0,0,0,0,0,1.82575038340758e-05,0,0,0,0,0,0,2.68716074595582e-05,0,0,0,0,0,0,0,0,0,0,0,0,0,0,0,0,0,0,0,0,0,0,0,0,0,0,0,0,0,0,0,0,0,0,0,0,0,0,0,0,0,0,0,0,0,0,0,0,0,0,0,0,0,0,0,0,5.83836228630267e-05,0,0,0,0,0,0,0,0,0,0,0,0,0,0,0,0,0,0,0,0,0,0,0,0,0,0,0,0,0,0,0,0,0,0,0.983390327308256,0,0,0,0,0,0,0,0,0,0,0,0,0,0,0,0,0,0,0,0,0,0,0,0,0,0,0,0,0,0,0,0,0,0,0,0,0,0,0,0,0,0,0,0,0,0,0,0,0,0,0,0,0,0,0,0,0,0,0,0,0,0,0,0,1.67156993848623e-05,0,0,0,0,0,0,0,0.000763591936469151,0,0,0,0,0,0,0,0,0.000292740046838407,0,0,0,0,0,0,0,0,0,0,0,0,0,0,0,0,0,0,0,0,0,0,0,0,0,0,0,0,0,0,0,0,0,0,0,0,0,0,0,0,0,0,0,0,0,0,0,0,0,0,0,0,0,0,0,0,0,0,0,0,0,0,0,0,0,0,0,0,0,0,0,2.7680894646515e-05,0,0,0,0,0,5.62841222491135e-05,0,0,0,0,0,0,0,0,0,0,0,0,0,0,0,0,0,0,0,0,0,0,0,0,0,0,0,0,0,0,0,0,0,0,0,0,0,0,0,0,0,0,0,0,0,0,0,0,0,0,0,0,0,0,0,0,0,0,0,0,0,0,0,0,0,0,0,0,0,0,0,0,0,0,0,0,0,0,0,0,0,0,0,0,0,0,0,0,0,0,0,0,0,0,0,0,0,0,0,0,0,0,0,0,0,0,0,0,0,0,0,0,0,0,0,0,0,0,0,0,0,0,0,0,0,1.4719346225518e-06,0,0,0,0,0,0,0,0,0,0,0,0,0,0,0,0,0,0,0,0,0,0,0,0,0,0,0,0,0,0,0,0,0,0,2.25275963054742e-05,0,0,0,0,0,0,0,0,0,0,0,0,0,0,0,0,0,0,0,0,0,0,0,0,0,0,0,0,0,0
0,0,0,0,0,0,0,0,0,0,0,0,0,0,0,3.03324435816549e-05,0,0,0,0,0,0,0,0,0,0,0,0,0,0,0,4.09785682088268e-05,0,0,0,0,0,0,0,0,0,0,0,0,0,0,0,0,0,0,0,0,0,0,0,0,0,0,0,0,0,0,0,0,0,0,0,0,0,0,0,0,0,0,0,0,0,0,0,0,0,0,0,0,0,0,0,0,0,0,0,0,0,0,0,0,0,0,0,0,0,0,0,0,0,0,0,0,0,0,0,0,0,0,0,0,0,0,3.26675682915515e-06,0,0,0,0,0,0,0,0,0,8.5397096498719e-05,0,0,0,0,0,0,0,0,0,0,0,0,0,0,0,0,0,0,0,0,0,0,0,0,0,0.000324438316165139,0,0,0,0,0,0,0,0,0,0,0,0,0,0,0,0,0,0,0,0,0,0,0,0,0,0,0,0,0,0,0,0,0,0,0,0,0,0,0,0,0,0,0,0,0,0,0,0,0,0,0,0,0,0,0,0,0,0,0,0,0,0,0,0,0,0,0,0,0,0,0,0,0,0,0,0,0,0,0,0,0,0,0,0,0,0,0,0,0,0,0,0,0,0,0,0,0,0,0,0,0,0,0,0,0,0,0,5.04222197453413e-05,0,0,0,0,0,0,0,0,0,0,0,0,0,0,0,0,0,0,0,0,0,0,0,0,0,0,0,0,0,0,0,0,0,0,0,0.984848484848485,0,0,0,0,0,0,0,0,0,0,0,0,0,0,0,0,0,0,0,0,0,0,0,0,0,0,0,0,0,0,0,0,0,0,0,0,0,0.000678859516013098,0,0,0,0,0,0,0,0,0,0,0,0,0,0,0,0,0,0,0,0,0,0,0,0,0,0,0,0,0,0,0,0,0,0,0,0,0,0,0,0,0,0,0,0.000233644859813084,0,6.8260783497273e-06,0.000397005444646098,0,0,0,0,0,0,0,0,0,0,0,0,0,0,0,0,0,0,0,0,0,0,0,0,2.92260930558803e-05,0,0,0,0,0,0,0,0,0,0,0,0,0,0,0,0,0,0,0,0,0,0,0,0,0,0,0,0,0,0,0,0,0,0,0,0,0,0,0,0,0.000154942671211652,0,0.00011072357858606,0,0,0,0,0,0,0,0,0,0,0,0,0,0,0,0,0,0,0,0,0,0,0,0,0,0,0,0,0,0,0,0,0.00057831944652687,0,0,0,0,0.000202642457647726,0,0,0,0,0,0,0,0,0.000150060024009604,0,0,0,0,0,0,0,0,0,0,0,0,0,0,0,0,0,0,0,0,0,0,0,0,0,0,0,0,0,0,0,0,0,0.000183049606443346,0,0,0,0,0,0,0,0,0,0,0,0,0,0,0,0,0,0,0,0,0,0,0,0,0,0,0,0,0,0,0,0,0,0,0,0,0,0,0,0,0,0,0,0,0,0,0,0,0,0,0,0,0,0,0,0,0,0,0,0,0,0,0,0,0,0,0,0,0,0,0,0.00725689404934688,0,0,0,0,0,0,0,0,0,0,0,0,0,0,0,0,0,0,0,0,0,0,0,0,0,0,6.23208276205908e-05,0,0,0,0,0,0,0,0,0,0,0,0,0,4.79156684235745e-08,0,0,0
0,0,0,0,0.000652826739783262,5.53143236441076e-05,1.43180731309903e-05,3.64721243553552e-06,0,0,0,0,0,0,0,0,0,0,0,0,2.11455831105999e-06,0,0,0,0,0,0,0,2.2265764161026e-05,0,0,0,0,0,0,0,0,0,0,0,0,0,0,0,0,0,0,0,0,0,0,0,0,0.000246609124537608,0,0,0,0,0,0,0.000398422247898323,0,0,0,0,0,0,0,0,0,0,0,0,0,0,0,0,0,0,0,0,0,0,0,0,0,0,0,0,0,0,0,0,3.076232107865e-06,0,0,0,0,0,0,0,0,0,0,0,7.17118331695913e-06,0,0,0,0,0,0,0,0,1.385148986625e-06,0,0,1.73949345950459e-05,3.26675682915515e-06,0,0,0,0,0,0,0,0,0,0,0,0,0,0,0,0,0,0,0,0,0,0,0,0,0,0,0,0,0,0.000210164979508915,0,0,0,0,0,0,0,0,0,0,0,0,0,0,0,0,0,0,0,0,0,0,0.00568720379146919,0,0,0,0,0,1.05767501877373e-05,0,0,0,0,0,0,0,0.00101791530944625,0,0,0,0,0,0,0.000153438109642489,0.000134638753866549,0,0,0,0.000425260472039124,0,0,0,0,0,0,1.6827934371056e-05,0,0,0,8.51411640499949e-06,0,0,1.28390581266958e-05,0,0.000102513033800012,0,0,0,0,0,0,0,0,0,0,0,0.00010653030787259,0,0,0,0,7.00471417263819e-06,0,0,0,0,0,0,0,0,0,0,0,0,0,0,0,0,0,0,0,0,0,0,0,0,0,0,0,0,0,0,0,0,0,0,0,0,0,8.89648999189767e-06,0,0,0,0,0,0,0,0,0,0,1.24125689673363e-05,0,0,0.000159489633173844,0,0,8.21031544031922e-06,0,0,0,0,0,0,0,0,0,1.12731945978851e-05,0,0,0,0.979105711741509,0,0,0,0,0,0,0,0,0,0,0,6.45411126887827e-05,0,1.20235661897319e-05,0,0,0,0,0,0,0,0,0,0,0,0,0,0,0,0,1.79314302108736e-05,0,0,0,0,0,0,0,8.27417299640901e-06,0,0,2.78251965502321e-06,1.20380402070543e-05,0,4.09123453001943e-05,0,0,0,0,0,0,0,0,0,0,0,0,0,0,0,0,0,0,0,0,0,0,0,0,0,0,0,0,0,0,0,0,0,0,0,0,0,0,0,0,0,0,0,0,0,0,0,0,0,0,0,0,0,0,0,0,0,0,0,0,0,0,0,0,0,0,4.76794415783802e-06,0,0,0,0,0,0,0,0,0,0,0,0,5.94078228221092e-06,0,7.08112490750281e-06,0,0.000447787927637471,0,0,0,0,9.82163903512218e-06,0,0,0,0,0,0,0,0,0.00123554849527844,0,0,0,0,0,0,0,0,0,0.000148720999405116,0,0,0,0,0,0.000280059746079164,0,0,0,0,0,6.33890311620477e-05,0.00212346428029729,0,0,0,0,0,0,0,0,0,0,0,0,1.74258529955041e-05,0,0,0,0,0,0,0,0,0,0,0,0,0,0,0,0,0,0,0,0,0,0,0,0,0,0,0,0,2.49154328682729e-06,0,0,0,0,0,0,0,0,4.48589410598373e-06,0,0,0,0,0,0,0,7.16055394045283e-06,0,0,0,0,0,0,0.000237079184447606,0,0,2.6967189021118e-06,0,0,0,0,0,0,0,0,0,1.49653178758228e-05,0,0,1.13737176133391e-05,0,0,0,0,0,0,0,0,2.36266981689309e-05,0,0,2.30781124873359e-06,0,1.67302415846885e-05,0,0,0,0,0,0,0,0,0,0,0,0,0,0,0,0,4.71827198007002e-06,0,0,0,0,0,0,0,0,0,0,0,0,0,0,0,0,0,5.07547227269497e-06,0,1.09870791948668e-05,0,0,0,0,0,0,0,0,0,0,0,0,0,0,0,0,0,0,0,0,0,0,0,0,0,0,0,0,0,0.000895555804321057,0,0,0,0,0,0,0,0,0.000245009728327448,7.65081672468536e-06,0,0,0,0,7.7930174563591e-05,0,2.39578342117873e-07,0,0,0
0,0,0,0,0,0,0,0,0,0,0,0,0,0,0,0,0,0,0,0,0,0,0,0,0,0.00135527589545015,0,0,0,0,0,0,0,0,0,0,0,0,0,0,0,0,0,0,0,0,0,0,0,0,0,0,0,0,0,0,0,0,0,0,0,0,0,0,0,0,0,0,0,0,0,0,0,0,0,0,0,0,0,0,0,0,0,0,0,0,0,0,0,7.04374163555681e-05,0,0,0,0,0,0,0,0,0,0,0,0,0,0,0,0,0,0,0,0,0,0,6.33834062242505e-05,0,0,0,0,0,0,0,0,0,0,0,0,0,0,0,0,0,0,0,0,0,0,0,0,0,0,0,0,0,0,0,0,0,0,0,0,0,0,0,0,0,0,0,0,0,0,0,0,0,0,0,0,0,0,0,0,0,0,0,0,0,0,0,0.000116795141322121,0,0,0,4.83582378258136e-05,0,0,0,0,0,0,0,0,0,0,0,0,0,0.00374276964954066,0,0,0,0,0,0,0,0,0,0,0,0,0,0,0,0,0,0,0,0,0,0,0,0,0,0,0,0,0,0,0,0,0,0,0,0,0,0,0,0,0,0,0,0,0,0,0,0,0,0,0,0,0,0,0,0,0,0,0,0,0,0.00100781053162006,0,0,0,0,0,0,0,0,0,0,0,0,0,0,0,0,0,0,0,0,0,0,0,0,0.00168026884301488,0,0,0,0,0,0,0,0,4.01364639775236e-05,0,0,0,0,0,0,0,0,0,0.968480138169257,0,0,0,0,0,0,0,0,0,0,0,1.74956698217191e-05,0,0,0,0,0,0,0,0,0,0.00013575889220744,0,0,0,0,0,0,0,0,0,0,0,0,0,0,0,0,0,0,0,0,0,0,0,0,0,0,0,0,0,0,0,0,0,0,0,0,0,0,0,0,0,0,0,0,0,0,0,0,0,0,0,0,0,0,0,0,0,0,0,0,0,0,0,0,0,0,0,0,0,0,0.000235077896266536,0,0,0,0,0,0,0,0,0,0,0,0,0,0,0,0,0,0,0,0,0,0,0,0,0,0,0,0,4.37171847881684e-06,0,0,0,0,0,0,0,0.00142517814726841,0,0,0,0,0,0,0,0,0,0,0,0,0,0,0,0,0,0,0,0,0,0,0,0,0,0,0,0,0,0,0,0,0,0,0,0,0,0,0,0,0,0,0,0,0,0,0,0,0,0,0,0,0,0,0,0,0,0,0,0,0,0,0,0,0,0,0,0,0,0,0,0,0,0,0,0,0,0,0,0,0,0,0,0,0,0,0,0,0,0,0,0,0,0,0,0,0,0,0,0,0,0,0,0,0,0,0,0,0,0,0,0,0.000222915737851092,0,0,0,0,0,0,0,0,0,0,0,0,0,0,0,0,0,0,0,0,0,0,0,0,0,0,0,0,0,0,0,0,0,0,0,0,0,0,0,0,0,0,0,0,0,0,0,0,0,0,0,0,0,0,0,0,0,0,0,0,0,0,0,0,0,0,0,0,0,0,0,0,0,0,0,0,0,0,0,0,0,0,0,0,0,0,0,0,0,0,0,0,0,0,0,0,0,0,0,0,0,0,0,0,0
0,0,0,0,0,0,0,0,0,0,0,0,0,0,0,0,0,0,0,0,0,0,0,0,0,0,0,0,0,0,0,0,0,0,0,0,0,0,0,0,0,0,0,0,0,0,0,0,0,0,0,0,0,0,0,0,0,0,0,0,0,0,0,0,0,0,0,0,0,0,0,0,0,0,0,0,0,0,0,0,0,0,0,0,0,0,0,0,0,0,0,0,0,0,0,0,0,0,0,0,0,8.16459830176355e-05,0,0,0,0,0,0,0,0,0,0,0,0,0,0,0,0,0,0,0,0,0,0,0,0,0,0,0,0,0,0,0,0,0,0,0,0,0,0,0,0,0,0,0,0,0,0,0,0,0,0,0,0,0,0,0,0,0,0,0,0,0,0,0,0,0,0,0,0,0,0,0,0,0,0,0,0,0,0,0,0,5.73526038082129e-05,0,0,5.08957654723127e-05,0,0.000118915490724592,0,0,0,0,0,0,0,0,0,0.000106315118009781,0,0,0,0,0,0,0,0,0,0,0,0,0,0,0,0,0,0,0,0,0,0,0,0,0,0,0,1.77550513120983e-05,0,0,0,0,0,0,0,0,0,0,0.00156985871271586,0,0,0,0,0,0,0,0,0,0,0,0,0,0,0,0,0,0,0,0,0,0,0,0,0,0,0,0,0,0,0,2.4485752271278e-07,0,4.40315265730263e-05,0,0,0,0,0,0,0,0,0,0,0,7.97448165869218e-05,0,0,0,0,0,0,0,0,0,0,0,0,0,0,0,0,0,0,0.990100513194255,0,0,0,0,0,0,0,0,0,0,0,0,0,0,0,0,0,0,0,0,0,0,0,0,0,0,0,0,0,0,0,0,0,0,0,0,0,0,0,0,0,0,0,0,0,0,0,0,0,0,0,0,0,0,0.000260654242147791,0,0,0,0,0,0,0,0,0,0,0,0,0,0,0,0,0.000388915896937287,0,0,0,0,0,0,0,0,0,0,0,0,0,0,0,0,2.11967696123111e-05,0,0,0,0.000805364213763186,0,0,0,0,0,0,0,0,0.00154188795614185,0,0,0,0,0,0,0,0,0,0,0,0,0,0,0,0,0,0,0,0,0,0,0,0,8.95575855274942e-05,0,0,0,0,0,0,0,0,0,0,0,0,0,0,0,0,0,0,0,0,0,0,0,0,0,0,0,0,0,0,0,0,0,0.000100613743837408,0,0,0,0,0,0,0,0,0,0,0,0,0,0,0,0,0,0,0,0,0,0,0,0,0,0,0,0,0,0,0,0,0,0,0,0,0,0,0,0,0,0,0,0,0,0,0,0,0,2.73374922771584e-06,0,0,0,0,0,0,0,0,0,0,0,0,4.47147200858523e-05,0,0,0,0,0,0,0,0,0,0,0,0,0,0,0,0,0,0,0,0,0,0,0,0,0.00024147590070511,0,0.000332005312084993,0,0,0,0,0,0,0,0,0,0,0,0,0,0,0,0,1.8067500180675e-05,0,0,0,0,0,0,0,0,0,0,0,0,0,3.67983655637951e-05,0,0,0,0.00033195020746888,0,0,0,0,0,0,0,2.46374193124518e-05,7.25067467527853e-07,0,0,0,0,0,0,0,0,0,0,0,0,0,0,0,0,0,0,0,0,0,0,0,0,0,0,0,0,0,0,0,0,0,0,0,0,0,0,0,0,0,0,0,0,3.76662021168406e-05,0,0.000389650872817955,0,0,0,9.02527075812274e-08,0
0,0,0,0,0,0,0,0,0,0,0,0,0,0,0,0,0,0,0,0,0,0,0,0,0,0,0,0,0,0,0,0,0,0,0,0,0,0,0.00154457193292145,0,0,0,0,0,0,0,0,0,0,0,0,0,0,0,0,0,0,0,0,0,0,0,0,0,0,0,0,0,0,0,0,0,0,0,0,0,0,0,0,0,0,0,0,0,0,0,0,0,0,0,0,0,0,0,0,0,0,0,0,0,0,0,0,0,0,0,0,0,0,0,0,0,0,0,0,0,0,0,0,0,0,0,0,0,0,0,0,0,0,0,0,0,0,0,0,0,0,0,0,0,0,0,0,0,0,0,0,0,0,0,0,0,0,0,0,0,0,0,0,0.000167751459437697,0,0,0,0,0,0,0,0,0,0,0,0,0,0,0,0,0,0,0,0,0,0,0,0,0,0,0,0,0,0,0,0,0,0,0,0,0,0,0,0,0,0,0,0,0,0,0,0,0,0,0,0,0,0,0,0.00129210095615471,0,0,0,0,0,0,0,0,0,0,0,0,0,0,0,0,0,0,0,0,0,0,0,0,0,0,0,0,0,0,0,0,0,0,0,0,0,5.69605832763727e-05,0,0,0,0,0,0,0,0,0,0,0,0,0,0,8.16191742375933e-08,0,0,0,0,0,0,0,0,0,0,0,0,0,0,0,0,0,0,0,0,0,0,0,6.08124543906592e-05,0.000549752611324904,0,0,0,0,0,0,0,0,0.992062919402554,0,0,0,0,0,0,0,0,0,0,0,0,0,0,0,0,0,0,0,0,0,0,0,0,0,0,0,0,0,0,0,0,0,0,0,0,0,0,0,0,0,0,0,0,0,0,0,0,0,0,0,0,0,0,0,0,0,0,0,0,0,0,0,0,0,0,0,0,0,0,0,0,0,0,0,0,0,0,0,0,0,0.00261910700922923,0,0,0,0,0,2.11967696123111e-05,0,0,0,0,0,0,0,0,0,0,0,0,0,0,0,0,0,0,0,0,0,0,0,0,0,0,0,0,0,0,0,0,0,0,0,0,0,0,0,0,0,0,9.82163903512218e-06,0,0,0,0,0,0,0,0,0,0.000147465437788018,0,0,0,0,0,0,0,0,0,0,0,0,0,0,0,0,0,0,0,0,0,0,0,0,0,0,0,0,0,0,0,0,0,0,0,0,0,0,0,0,0,0,0,0,0,0,0,0,0,0,0,0,0,5.51541558656445e-05,0,0,0,0,0,0,0.000132021915637996,0,0,0,0,0.000376222723852521,0,0,0,0,0,0,0,0,0,0,0,0,0,0,0,0,0,0,0,0,0.000155400155400155,0,0,0,0,0,0,0,0,0,0,0,0,0,0,0,0,0,0,0,0,0,0,0,0,0,0,0,0,0,0,0,0,0,0,0.000640888698995941,0,0,0,0,0,0,0,0,0,0,0,0,0,0,0,0,0,0,0,0,0,0,0,0,0,0,0,0,0,0,0,0,0,0,0,0,0,0,0,0,0,0,0,0,0,0,0,0,0,0,0,0,0,0,0,0,0,0,0,1.98008039126389e-05,0,0,0,0,0,0,0,0,0,0,0,0,0,0,0,0,0,0,0,0,0,1.08303249097473e-06,0
0,0,0,0,0,0,0,0,0,0,0,0,0,0,0,0,0,0,0,0,0,0,0,0,0,0,0,0,0,0,0,0,0,0,0,0,0,0,0,0,0,0,0,0,0,0,0,0,0,0,0,0,0,0,0,0,0,0,0.000154942671211652,0,0,0,0,0,0,0,5.71559213534522e-05,6.55222120298781e-05,0,0,0,0,0,0,0,0,0,0,0,0,0,0,0,0,0,0,0,0,0,0,0,0,0,0,0,0,0,0,0,0.00049236021073017,0,0,0,0,0,0,0,0,0,0,0,0,0,0,0,0,0,0,0,0,0,0,0,0,0,0,0,0,0,0,0,0,0,0,1.29428057414286e-05,0,0,0,0,0,7.53295668549906e-05,0,0,0,0,0,0.00088659627629564,0,0,0,0,0,0,0,0,0,0,0,0,0,0,0,0,0,0,0,0,7.24165399377218e-05,0,0,0,0,0,0,0,0,0,0,0,0,0,0,0,0,0,0,0,0,0,0,0,0,0,0,0,0,0,0,3.65150076681516e-05,0,0,0,0,0,0,0,0,0,0,0,0,0,0,0,0,0,0,0,0,0,0,0,0,0,0,0,0,0,0,0,0,0,0,0,0,0,0,0,0,0,0,0,0,0,0,0,0,0,0,8.19014234467395e-06,0,0,0,0,0,0,0,0,0,0,0,0,0,0,0,0,0,0,0,0,0,0,0,0,0,0,0,0,0,0,0,0,0,0,0,0,0.00019782393669634,0,0,0,0,0,0,0,0,0,0,0,0,0,0,0,0,0.984562607204117,0,0,0,0,0,0,0,0,0,0,0,0,0,0,0,2.17074658487294e-06,0,0,0,0,0,0,0,0,0,0,0,0,0,0,0,0,0,0,0,0,0,0,0,0,0,0,0,0,0,0,0,0,0,0,0,0,0,0,0,0,0,0,0,0,0,0,0,0,0,0,0,0,0,0,0,0,0,0,0,0,0,0,0,0,0,0,0,0,0,0,0,0,0,0,0,0,0,0,0,0,0,0,0,0,0,0,0,0,0,0,0.000139834063577888,0,0,0,0,0,0,0,0,0.00203915171288744,0,0,0,0,0,0,0,0,0,0,0,0,0,0,0,0,0,0,0,0,0,0,0,0,0.000758869284765699,0,0,0,0,0,0,0,0,0,0,0,0,0,0,0,0,0,0,0,0,0,0,0,0,0,0,0,0,0,0,0,0,0,0,0,0,0,0,0,0,0,0,0.000768836494105587,0,0,0,0,0,0,0,0,0,0,0,0,0,0,0,0.000157952930026852,0,0,0,0,0,0,0,0,0,0,0,0,0,0,0,0,0,0,0.000220555800617556,0,0,0,0,0,0,0,0,0,0,0,0,0,0,0,0,0,0,0,0,0,0,0.000113507377979569,0.000158503724837534,0,0,0,0,0,0,0,0,0,0,0,0,0,0,0,0,0,0,0,0,0,0,0,0,0,0,0,0,0,0,0,0,0,0,0,0,0,0,0,0,0,0,0,0,0,0,0,0,0,0,0,0,0,0,0,0,0,0,0,0,0,0,0,0,0,0,0,0,0,0,0,0,0,0,0,0,0,0,0,0,0,0,0,6.45994832041344e-05,0,0,0,0,0,0,0,0,0,0,0,0,0,0,0,0,0,0
0,0,0,0,0,2.76571618220538e-05,0,0,0,0,0,0,0,0,0,0,0,0,0,0,0,0,0,0,0,0,0,0,0,0,0,0,1.48991328704669e-05,0,0,0,0,0,0,0,0,0,0,0,0,0,0,0,0,0,0,0,0,0,0,0,0,0,0,0,0,0,6.47295276686366e-06,0,0,0,0,0,0,0,0.00335908632851864,0,0,2.47437781769774e-06,0,0,0,8.61808936958676e-05,0,0,0,0,0,0,0,3.56188780053428e-05,0,0,0,0,0,9.85512959495417e-06,0,0,9.67202174270488e-06,0,0,0,0,0,0,0,0,0,0,0,0,0,0,0,0,0,0,0,0,0,0,8.69746729752296e-05,9.80027048746545e-06,0,0,0,0,0,3.92958189248664e-05,3.35979733702463e-06,0,0,0,0,0,0,0,0,0,0,0,0,0,0,0,0,0.000163797182688458,0,0,0,0,0,0,0,6.69792364367046e-05,0,0,0,0,0,0,0,0,0,0,0,8.02428684150696e-05,0,3.82160736805901e-05,0,0,0,0,0,0,0,0,0,0,0,0,0,0,0,0,0,0,0,0,0,0,0,0,0,0,0,0,0,0,0,0,0,0,0,0,0,0,0,4.20698359276399e-06,0,0,0,0,1.63942488974868e-05,3.76789751318764e-05,0,0,0,0,0,0,0,0,0,0,0,0,0,0,0,0,0,0,0,0,1.38404473232575e-05,0,0,0,0,0,0,0,0,0.00162512050681724,0,0,0,0,0,0,0,0,0,0,0,0,0,0,0,0,0,0,0.000110150355234896,2.91027618520998e-05,0,0,0,0,0,0,0,1.14266843932631e-06,0,0,4.26564746129991e-06,0,0,0,0,0,0,0,0,0,0,0,0,0,0,0,0,0,0,0,3.5650623885918e-05,0,0,0,0,0,0,0,0,0,0,0,0,0.991503217813641,0,0,0,0,0,0,0,0,1.20235661897319e-05,0,0,0,0,0.0144254278728606,0,0,0,0,0,0,0,2.8048130592096e-05,0.00011803968279518,0.000132520540683806,0,1.79314302108736e-05,0,4.84439793822424e-06,0,0,0,0,0,0,0,0,0,0,0.000176928520877565,0,0.000526731630234396,0,1.03372528750485e-05,0.00049252996223937,0,0,0,0,0,7.94817788022096e-06,0,0,0,0,0.00263741393394795,0,0,0,0,0,0,0,0,0,0,0.00015271838729383,0,0,0,0.00012809017548354,0,0,0,0,0,0,0,0,0,0,0,0,0,0,0,0,0,6.69030574697264e-05,0,0,0,0,0,0,0,0,0,0,0,0,0,0,0,0,0,0,1.19198603945951e-06,0,0,0,0,0,0,0,0,0,0,0,0,0,0,0,0,0,0,0,0,5.74914194056537e-06,0,0,0,0,0.000179436569172797,0,0,0,0,0,0,0,0,0,6.52656311186529e-05,0,7.74713356058258e-05,0,0,0,0,0,0,0,0,0,0,0,0,0,0,0,5.05586733404116e-05,0,0,0,0,0,0,0,0,0.00016459496471084,0,0,0,0,0,0,0,0,0,0,0,0,0,0,0,0,0,0,0,0.000159686433911592,0,0,0,0,0,3.12052399838981e-06,0,0,0,0,0,0,2.65764617261578e-05,0,0,0,0,0,0,0,0,0,0,9.99000999000999e-05,0,0,0,0,0,0,0,6.54373175934772e-05,0,0,0,0,0,0,0.000658327847267939,0,0,0,0,0.00151139183397248,0,0,0,0,0,0,0,0,5.68685880666955e-06,0,0,0,0,0,0,0,0,0,0,0,2.30781124873359e-06,0,0,0,0,2.83865107301011e-05,0,0,0,0,0,0.000637673766101263,0,0,0,0,0,0,0,2.35913599003501e-06,0,0,0,0,0,0,0,0,0,0,0,0,0,0,0,0,0,0,0,0,0,0,0,0,0,0,0,0,0,0,0,0,0,0,0,0,0,0,0,0,0,3.96852168598675e-06,0,0,0,0,1.98008039126389e-05,0,0,0,0,0,0,0,0,0,0,0,0,0,0,0,0,0,0,0,5.94154288452324e-06,0,0,0
0,0,0,0,0,0,3.43633755143768e-05,0.000434018279828727,0,0,0,0,0,0,0,0,0,0,0,1.68544533679411e-05,2.11455831105999e-06,0,0,0,0,0,0,0,1.1132882080513e-05,0,0,0,0,0,0,0,0,0,0,0,0,7.74035744970703e-06,0,0,0,0,0,0,0,0,0,0,0,0,0,0,0,0,0,0,1.13834927970949e-05,0,1.29459055337273e-05,0,5.34616412723871e-05,0,0,0,0,0,0,0,0,2.47437781769774e-06,0.000507805887944167,0,0,0,0,0,0,0,0,0,0,0,0,0,0,0,0,1.97102591899083e-05,0,0,0,0.000201178908403243,0,0,0,0,0,0,0,0,0,0.00187167884572633,0,0,0,0,0,0,0,0,0,0,0,0,0,0,0,0,0,0,0,0,0,0,0,0,0,0,0,0,0,0,0,0,4.07697325505545e-05,0,0,0,0,0,0,0,0,0,0,0,0,0,0,0,0,0,0,0,0,0,0,0,0,0,0,0,0,0,0,0,0,0,0,0,0,0,0,0,0,0,0,0,0,0,0,0,0,0,0,0,0,0,7.30657664964234e-06,0,0,0,0,0,0,0,0,0,0,0,2.94488851493479e-05,0,0,0,0,0,0,0,0,0,0,0,0,0,0,0,0,0,0,0,0,0,0,0,0,0,0,0,0,0,0,0,0,0,0,0,0,0,0,0,0,0,0,0,0,0,0,0,0,0,0,0,0,0,0,0,0,0,0,0,0,0,0,0,3.26476696950373e-06,0,0,0,0,0,0,0,0,0,0,0,0,0,0,0,1.90124912067228e-05,0,0,0,0,0,0,0,0,0,0,0,0,0,0,0,0,0,0,0,0,0.966340301667108,0,0,0,0,0,0,0,0,0,0,0,0,0,0,0,0,0,0,0,0,0,0,0,0,0,0,0,0,0,0,0,0,0,0,0,0,1.60507202760724e-05,0,0,0,0,0,0,0,0,0,0,0,0,8.48356309650053e-05,0,0,0,0,0,0,0,0,0,0,0,0,0,0,0,0,0,0,0,0,0,0,0,0,0,0,0,0,0,0,0,0,0,0,0,0,0,0,0,0,0,0,0,0,0,0,6.40322722652217e-05,0,0,0,0,0,0,0,0,0,0,0,0,0,0,0,0,0,0,0,0,0,0,0,0,0,0,0,0,0,4.02439935839576e-05,0,0,0,0,0,0,0,0,0,0,0,0,0,0,0,0,0,0,0,0,0,0,0,0,0,0,0,0,0,0,0,0,0,0,0,0,0,0,0,0,0,0,0,0,0,0,0,0,0,0,0,0,0,0,0,0,0,0,0,0,0,0,1.63259975184484e-05,0,0,0,0,0,0,0,0,0,0,0.000151469251741896,1.66102885788486e-06,0,0,0,0,0,0,0,7.94827264164815e-06,0,0,0,0,0,0,0,0,2.62553644483271e-05,0.0018780182436058,0,0,0,0,0,0,0,0,0,0,0,0,0,0,0,0,0,0,7.73208090250844e-05,0,0,0,0,0,0,0,0,0,0,0,1.18133490844654e-05,0,0,2.30781124873359e-06,0,0,0,0,2.83865107301011e-05,0,0,0,0,1.8067500180675e-05,0,0,0,0,0,0,0,0,2.35913599003501e-06,0,0,0,0,2.94386924510361e-06,0,0,0,0,0,0,0,0,0,0,1.38513747489438e-05,0,2.17520240258356e-06,0,0.000109870791948668,0,0,0,0,0,0,0,0,0,0,0,0,0,0,0,0,0,0,0,0,0,0,0,0,0,0,0,0,0,0,0,0,0,0,0,0,0,0,0,0,0,0,0,0,0,0,4.79156684235745e-08,0,0,0
0,0,0,0,0,0,0,0,0,0,0,0,0.000361532899493854,0,0,0,0,0,7.63009308713566e-05,0,0,0,0,0,0,0,0,0,0,0,0,0,0,0,0,0,0,0,0,0,0,0,0.000180255963468125,0,0,0,0.00116225011622501,0,0,0,0,0,0,0,0,0,0,0,0,0,0,0,0,0,0,0,0,0,0,0,0,0,0,0,0,0,0,0,0,0,0,0,0,0,0,0,0,0,0,0,0,0,0,0,0,0,0,0,0,0,0,0,0,0,0,0,0,0,0,0,0,0,0,0,0,0,0,0,0,0,0,0,0,0,0,0,0.000384172109104879,0,0,0,0,0,0,0,0,0,0,0,0,0,0,0,0,0,0,0,0,0,0,0,0,0,0,0,0,0,0,0,0,0,0,0,0,0,0,0,0,0,0,0,0,0,0,0,0,0,0,0,0,0,0,0,0,0,0,0,0,0,0,0,0,0,0,0,0,0,0,0,0,0,0,0,0,0,0,0,0,0,0,0,0,0,0,0,0,0,0,0,0,0,0,0,0,0,0,0,0,0.00138725856365383,0,0,0,0,0,0,0,0,0,0,2.09762339269608e-05,0,0,0,0,0,0,0,0,0,0,0,0,0,0,0,0,0,0,0,0,0,0,0,0,0,0,0,0,0,8.16191742375933e-08,0,0,0,0,0,0,0,0,0,0,0,0,0,0,0,0,0,0,0,0,4.93559054340852e-05,4.01364639775236e-05,0,0,0,0,0,0,0,0,0,0,0,0,0,0,0,0.992223950233281,0,0,0,3.77914666868221e-05,0,0,0,0,0,0,0,0,0,7.59186152444579e-05,0,0,0,0,0,0,0,0,0,0,0,0,0,0,0,0,0,0,0,0,0,0,0,0,0,0,0,0,0,0,0,0,0,0,0,0,0,0,0,0,0,0,0,0,0,0,0,0,0,0,0,0,0,0,0,0,0,0,0,0,0,0,0,0,0,0,0,0,0.000113122171945701,0,0,0,2.13707178424123e-05,0,0,0,0,0,0,0,0,0,0,0,0,0,0,0,0,0,0,0,0,0,7.26559378065172e-05,0,0,0,0,0,0,7.86909326187031e-05,0,0,0,0,0,0,0,0,0,0,0,0,0,0,0,0,0,0,0,0,0,0,0,0,0,0,0,0,0,0,0,0,0,0,0,0,0,0.000683410216982744,0,0,0,0,0,0.000243013365735115,0,0,0,0,0,0,0,0,0,0,0,0,0,0,0,0,0,0,0,0,0,0,0,0,0,0,0,0,0,0,0,0,0,0,0,0,0,0,0,0,0,0,0,0,0.00345035325045183,0,0,0,0,0,0,0,0,0,0,0,0,0,0,0,0,0,0,0,0,0,0,0,0,0,0,0,0,0,0,0,0,0,0,0,0,0,0,0,0,0,0,0,0,0,0,0,0,0,0,0,0,0,0,0,0,0,0,0,0,0,0,0,0,0,0,0,0,0,0,0,0,0,0,0,0,0,0,0,0,0,0,0,0,0,0,0,0,0,0,0,0,0,0,0,0,0,0,4.78973081712808e-05,0,0,0,0,0,0,0,2.25275963054742e-05,0,0,0.000510725229826353,0,0,0,0,0,0,0,0,0,0,0,0,0,0,0,0,0,0,0,0,0,0,0,0,0,1.89530685920578e-06,3.81679389312977e-06
0,0,0,0,0,0,0,0,0,0,0,0,0,0.0034330554193232,0,0,0,0,0,0,0,0,0,0,0,0,0,0,0,0,0,0,0,0,0,0,0,0,0,0,0,0,0,0,0,0,0,0,0,0,0,0,0,0,0,0,0,0,0,0,0,0,0,0,0,0,0,0,0,0,0,0,0,0,0,0,0,0,0,0,0,0,0,0,0,0,0,0,0,0,0,0,0,0,0,0,0,0,0,0,0,0,0,0,0,0,0,0,0,0,0,0,0,0,0,0,0,0,0,0,0,0,0,0.00194174757281553,0,0,0,0,0,0,0,0,0,0,0,0,0,0,0,0,0,0,0,0,0,0,0,0,0,0,0,0,0,0,0,0,0,0,0,0,0,0,0,0,0,0,0,0,0,3.98612827360784e-05,0,0,0,0,0,0,0,1.05767501877373e-05,0,0,0,0,0,0,0,0,0,0,0,0,0,0,0,0,0,0,0,0,0,0,0.00043888523151196,0,0,0,0,0,0,0,0,0,0,0,0,0,0,0,0,0,0,0,0,0,0.000256607646907878,0,0,0,0,0,0,0,0,0,0,0,0,0,0,0,0,0,0,0,0,0,0,0.00141843971631206,0,0,0,0,0,0,0,0,0,0,0,0,0,0,0,0,0,0,0,0,0,0,0,0,0,0,0,0,0,0,0,0,0,0,0,0,0,0,0,0,0,0,0,0,0,0,0,0,0,0,0,0,0,0,0,0,0,0,0,0,0,0.977363515312916,0,0,0,0,0,0,0,0,0,0,0,4.34149316974587e-06,0,0,0,8.11293201362973e-05,0,0,0,0,0,0,0,0,0,0,0,0,0,0,0,0,0,0,0,0,0,0,0,0,0,0,0,0,0,0,0,0,0,0,0,0,0,0,0,0,0,0,0.000172205958326158,0,0,0,0,0,0,0,0,0,0,0,0,0,0,0,0,0,0,0,0,0,0,0,0,0,0,0,0,0.000129567245400363,0,0,0,0,0.000719597025665627,0,0,0,0.000278448115834416,0,0,0.0006516382593113,0,0,0,0,0,0,0,0,0,0,0,0,0,0,0,0,0,0,0,0,0,0,0,0,0,0,0,0,0,0,0,0,0,0,0,0,0,0,0,0,0,0,0,0,0,0,0,0,0,0,0,0,0,0,0,0,0,0,0,0,0,0,0,0,0,0,0,0,0,0,0,0,0,0,0,0,0,0,0,0,0,0,0,0,0,0,0,0,0,0,0,0,0,0,0,0,0,0,0,0,0,0,0.000472813238770686,0,0,0,0,0,0,0,0,0,0,0,0,0.00576519916142558,0,0,0,0,8.68105793159326e-05,0,0,0,0,0,0,0,0,0,0,0,0,0,0,0,0,0,0,0,0,0,0,0,0,0.000531632110579479,0,0,0,0,0,0,0,0,0,0,0,0,0,0,0,0,0,9.6515780330084e-05,0,0,0,0,0,0,0,0,0,0,0.00480384307445957,0,0,0,0,0,0,0,0,0,0,0,0,0,0,0,0,0,0,0,0,0,0,0,0,0,0,0,0,0,0,0,0,0,0,0,0,0,0,0,0,0,0,0,0,0,0,0,6.45994832041344e-05,0,0,0,0,0,0,0,0,0,0,0,0,0,0,0,0,0,0
0,0,0,0,0,0,0,0,0,0,0,0,0,0,0,0,0,0,7.63009308713566e-05,0,0,0,0,0,0,0,0,0,0,0,0,0,0,0,0,0,0,0,0,0,0,0,0,0,0,0,0.000232450023245002,3.36620998417881e-05,0,0,0,0,0,0,0,0,0,0,0,0,0,0,0,0,0,0,0,0,0,0,0,0,0,0,0,0,0,0,0,0,0,0,0,0,0,0,0,0,0,0,0,0,0,0,0,0,0,0,0,0,0,0,0,0,0,0,0,0,0,0,0,0,0,0,0,0,0,0,0,0.000185082361650935,0,0,0,0,0,0,0,0,0,0,0,0,0,0,0,0,0,0,0,0,0,0,0,0,0,0.000318217979315831,0,0,0,0,0,0,0,0,0,0,1.52615835419083e-05,0,0,0,0,0,0,0,0,0,0,0,0,0,0,0,0,0,0,0,0,0,0,0,0,0,0,0,0,0,0,0,0,0,0,0,0,0,0,0,0,0,0,0,0,0,0,0,0,0,0,0,0,0,0,0,0,0,0,0,0,0,0,0,0,0,0,0,0,0,0,0,0,0,0,0,0,0,0,0,0,0,0,0,0,0,0,0,0,0,0,0,0,0,0,0,0,0,0,0,0,0,0,0,0,0,0,0,0,0,0,0,0,0,0,0,0,0,0,0,0,0,0,0,0,0,0,0,0,0,0,0,0,9.87118108681704e-05,0,0,0,0,0,0,0,0,0,0,0,0,0,0,0,0,0,0,0.983126392868513,0,0,0,0,0,0,0,0,0,0,0,0,0,0,0,0,0,0,0,0,0,0,0,0,0,0,0,0,0,0,0,0,0,0,0,0,0,0,0,0,0,0,0,0,0,0,0,0,0,0,0,0,0,0,0,0,0,0,0,0,0,0,0.00183846059566123,0,0,0,0,0,0,0,0,0,0,0,0,0,0,0,0,0,0,0,0,0,0,0,0,0,0,0,0,0,0,0,0,0,0,0,0,0,0,0,0,0,0,0,3.63279689032586e-05,0,0,0,0,0,0,3.49737478305347e-05,0,0,0,0,0,0,0,0,0,0,0,0,0,0,0,0,0,0,0,0,0,0,0,0,0,0,0,0,0,0,0,0,0,0,0,0,0,0,0,0,0,0,0,0,0,0,0,0,0,0,0,0,0,0,0,0,0,0,0.000204708290685773,0,0,0,0,0,0,0,0,0,0,0,0,0,0,0,0,0,0,0,0,0,0,0,0,0,0,0,0,0,0,0,0,0,0,0,0,0,0,0,0,0,0,0,4.47147200858523e-05,0,0,0,0,0,0,0,0,0,0,0,0,0,0,0,0,0,0,0,0,0,0,0,0,0,0,0,0,0,0,0,0,0,0,0,0,0,0,0,0,0,0,0,0,0,0,0,0,0,0,0,0,0,0,0,0,0,0,0,0,0,0,0,0,0,0,0,0,0,0,0,0,0,0,0,0,0,0,0,0,0,0,0,0,0,0,0,0,0,0,0,0,0,0,0,0,0,0,0,0,0,0,0,0,0,0,0,0,0,0,0,0,0,0,0,0,0,0,2.18804017241757e-05,0,0,4.51263537906137e-07,0
0,0,0,0,0,0,0,0,0,0,0,0.000288267512251369,0,0,0,0,0,0,0,0,0,0,0,0,0,0,0,0,0,0,0,0,0,0,0,0,0,0,0,0,0,0,0,0,0,0,0,0,0,0,0,0,0,0,0,0,0,0,0,0,0,0,0,0,0,0,0,0,0,0,0,0,0,0,0,0,0,0,0,0,0,0,0,0,0,0,0,0,0,0,0,0,0,0,0,0,0,0,0,0,0,0,0,0,0,0,0,0,0,0,0,0,0,0,0,0,0,0,0,0,0,0,0,0,0,0,0,0,0,0,0,0,0,0,0,0,0,0,0,0,0,0,0,0,0,0,0,0,0,0,0,0,0,0,0,0,0,0,0,0,0,0,0,0,0,0,0,0,0,0,0,0,0,0,0,0,0,0,0,0,0,0,0,0,0,0,0,0,0,0,0,0,0,0,0,0,0,0,0,0,0,0,0,0,0,0,0,0,0,0,0,0,0,0,0,0,0,0,0,0,0,0,0,0,0,0,0,0,0,0,0,0,0,0,0,0,0,0,0,0,0,0,0,0,0,0,0,0,0,0,0,0,0,0.000227842333105491,0,0,0,0,0,0,0,0,0,0,0,0,0,0,0,0,0,0,0,0,0,0,0,0,0,0,0,0,0,0,0,0,0,0,0,0,0,0,0,0,0,0,0,0,0,0,0,0,0,0,0,0,0,0,0,0.989862418537292,0,0,0,0,0,0,0,0,0,0,0,0,0,0,0,0,0,0,0,0,0,0,0,0,0,0,0,0,0,0,0,0,0,0,0,0,0,0,0,0,0,0,0,0,0,0,0,0,0,0,0,0,0,0,0,0,0,0,0,0,0,0,0,0,0,0,0,0,0,0,0,0,0,0,0,0,0,0,0,0,1.05983848061555e-05,0,0,0,0,0,0,0,0,0,0,0,0,0,0,0,0,0,0,0,0,0,0,0,0,0,0,0,0,0,0,0,0,0,0,0,0,0,0,0,0,0,0,0,0,0,0,0,0,0,0,0,0,3.68663594470046e-05,0,0,0,0,0,0,0,0,0,0,0,0,0,0,0,0,0,0,0,0,0,0,0,0,0,0,0,0,0,0,0,0,0,0,0,0,0,0,0,0,0,0,0,0,0,0,0,0,0,0,0,0,0,0,0,0,0,0,0,0,0.00132021915637996,0,0,0,0,0,0,0,0,0,0,0,0,0,0,0,0,0,0,0,0,4.47147200858523e-05,0,0,0,0,0,0,0,0,0,0,0,0,0,0,0,0,0,0,0,0,0,0,0,0,0,0,0,0,0,0,0,0,0,0,0,0,0,0,0,0.000427259132663961,0,0,0,0,0,0,0,0,0,0,0,0,0,0,0,0,0,0,0,0,0,0,0,0,0,0,0,0,0,0,0,0,0,0,0,0,0,0,0,0,0,0,0,0,0,0,0,0,0,0,0,0,0,0,0,0,0,0,0,0.000217808843039027,0,0,0,0,0,0,0,0,0,0,0,0,0,0,0,0,0,0,0,0,0,5.41516245487365e-07,0
0,0,0,0,0,0,0,0,0,0,0.000267809319764328,0,0,0,0,0,0,0,0.000305203723485427,0,0,0,0,0,0,6.45369474023879e-05,0,0,0,0,0,0,0,0,0,0.00100225507391631,0,0,0,0,0,0,0,0,0,0,0,0.000673241996835763,0,0,0,0,0,0,0,0,0,0,0,0,0,7.0876745339854e-05,0,0,0,0,0,0,0,0,0,0,0,0,0,0,0,0,0,0,0,0,0,0,0,0,0,0,0,7.04374163555681e-05,0,0,0,0,0,0,0,0,0,0,0,0,0,0,0,0,0,0,0,0,0,0,0,0,0,0,0,0,0,0,0,0,0,0,0,0,0,0,0,0,0,0,0,0,0,0,0,0,0,0,0,0,0,0,0,0.000636435958631663,0,0,0,0,0,0,0,0,0,0,1.52615835419083e-05,0,0,0,0,0,0,0,0,0,0,0,0,0,4.77258626449673e-05,0,0,0,0,0.000364974603850482,0,0,0,0.000114064104026463,0,0,0,0,0,0,0,0,0,0,0,5.07572988995818e-06,0,0,0,0,0,0,0,0,0,0,0,0,0,0,0,0,0,0,0,0,0,0,0,0,0,0,0,0,0,0,0,0,0,0,0,0,0,0,0,0,0,0,0,0,0,0,0,0,0,0,0,0,0,0,0,0,0,0,0,0,0,0,0,0,0,4.18616722900846e-06,0,0,0,0,2.65380103922849e-06,0,0,0,0.00205592105263158,0.000153491941673062,0,0,0,0,1.91596574253252e-05,0,0,0,0,0,0,0,0,0,0,0,0,0,0,0,0,0.00143132125758847,0.000361228175797712,0,0,0,0,0,0,0,0,0,0,0,0,0,0,0,4.32002764817695e-05,0,0.000318369945877109,0,0.983976418124787,0,1.74956698217191e-05,0,0,0,7.14183688044565e-05,0,0,0,0,0,0,0,0,0,0,0,0,0,0,0.000137950062077528,0,0,0,0,0,0,8.27417299640901e-06,0,0.000884368781782003,0,0,0,0,0,0.00146591741998534,0,0,0,0,0,0,0,0,0,0,0,0,0,0,0,0,0,0.000100190361687206,0,0,0,0,0,0,0.000612820198553744,0,0,0,0,0,0,0,0,0,0,0,0,0,0,0,0.000734573947110676,0,4.52488687782805e-05,0,0,0,6.4112153527237e-05,0,0,0,0,0,0,0,0,0,0,0,0,0,0,0,0,0,0,0,0,0,0.000108983906709776,0,0,0,0,0,0,0.000620784023991991,0,0,0,0,0,0,0,0,0,5.74914194056537e-06,0,0,0,0,0,0,0,0,0,0,0,0,0,0,0,0,0,0,0,0,0,0,0,0,5.62841222491135e-05,0,0,0,0,0,0,0,0,0,0,0,0,0,0,0,0,0,0,0,0,0,0,0,0.00348004094165814,0,0,0,0,0,0,0,0,0,0,0,0,0,0,0,0,0,0,0,0,0,0,0,0,0,0,0,0,0,0,0,0,0,3.97413632082408e-06,0,0,0,0.000273622765414082,0,0,0,0,0,4.47147200858523e-05,0,0,0,0,0,0,0,0,0,0,0,0,0,0,0,0,0,0,0,0,0,0,0,0,0,0,0,0,0,0,0,0,0,0,0,0,0.000377500943752359,0,0,0,0,6.83060109289617e-05,0,0,0,0,0,0,0,0,0,0,0,0,0,0,0,0,0,0,0,0,0,0,0,0,0,0,0,0,0,0,0,0.00691958959675495,0,0,0,0,0,0,0,0,0,0,0.000191589232685123,0,0,0,0,0,0,0,0,0,0,0,0,0,0,0,0,0,0,0,0,0,0,0,3.15422587411485e-05,0.000104975855553223,0,0,0,0,4.50024751361325e-05,0,8.22828555442188e-06,0,6.5641205172527e-05,0,0,2.70758122743682e-07,3.81679389312977e-07
0,0,0,0,0.000130565347956652,0,0,0,0,0,0,0,0,0,0,0,0,0,0,0,0,0,0,0,0,0,0,0,0,0,0,0,0,0,0,0,0,0,0,0,0,0,0,0,0,0,0,0,0,0,0,0,0,0,0,0,0,0,0,0,0,0,0,0,0,0,0,0,0,0,0,0,0,0,0,0,0,0,0,0,0,0,0,0,0,0,0,0,0,0,0,0,0,0,0,0,0,0,0,0,0,0,0,0,0,0,0,0,0,0,0,0,0,0,1.385148986625e-06,4.10273241979158e-05,0,0,0,0,0,0,0,0,0,0,0,0,0,0,0,0,0,0,0,0,0,0,0,0,0,0,0,0,0,0,0,0,0.000315247469263372,0,0,0,0,0,0,0,0,0,0,0,0,0,0,0,0,0,0,0,0,0,0,0,0,0,0,0,0,0,0,0,0,0,0,0,0,0.000203583061889251,0,0,0,0,0,0,0,0,0,0,0,0,0,0,0,0,0,0,0,0,0,0,0,0,0,0,0,0,0,0,0,0,0,0,0,0,0,0,0,0.000124285359184688,0,0,0,0,0,0,0,0,0,0,0,0,0,0,0,0,0,0,0,0,0,0,0,0,0,0,0,0,0,0,0,0,0,0,0,0,0,0,0,0,0,0,8.16191742375933e-08,0,2.20157632865131e-05,0,0,0,0,0,0,0,0,0,0,0,0.000159489633173844,0,0,0,0,0,0,0,0,0,0,0,0,0,0,0,0,0,0,0,0,0,0,0,0,0,0,0,0,0.995998451013295,0,0,0,0,0,0,0,0,0,0,0,0,0,0,0,0,0,0,0,0,0,0,0,0,0,0,0,0,0,0,0,0,0,0,0,0,0,0,0,0,0,0,0,0,0,0,0,0,0,0,0,0,0,0,0,0,0,0,0,0,0,0,0,0,0,0,0,0,0,0,0,0,0,0,0,0,0,0,0,0,0,0,0,0,0,0,0,0,0,0,0,0,0,0,0,0,0,0,0,0,0,0,0,0,0,0,0,0,0,0,0,0,0,0,0,0,8.95575855274942e-05,0,0,0,0,0,0,0,0,0,0,0,0,0,0,0,0,0,0,0,0,0,0,0,0,0,0,0,0,0,0,0,0,0,0,0,0,5.05586733404116e-05,0,0,0,0,0,0,0,0,0,0,0,0,0,0,0,0,0,0,0,0,0,0,0,0,0,0,0,0,0,0,0,0,0,0,0,0,0,0,0,0,0,8.30514428942431e-07,0,0,0,0,0,0,0,0,2.24294705299187e-06,0,0,0,0,0,0,0,0,0,0,0,0,0,0,0.000237079184447606,0,0,0,0,0,0,0,0,0,0,0,0,2.49421964597046e-06,0,0,0,0,0,0,0,0,0,0,0,0,0,0,0,0,0,0,0,0,0,0,0,0,0,0,0,0,0,0,0,0,0,0,0,0,0,0,0,0,0,0,0,0,0,0,0,0,0,0,0,0,0,0,0,0,0,0,0,0,0,0,0,0,0,0,0,0,0,0,0,0,0,0,0,0,0,0,0,0,0,0,0,0.000727639091010859,0,0,0,0,0,0,0,0,0,0,0,0,0,0,0.000701371571072319,0,0,0,0,0
8.21827744904668e-05,6.5837118967674e-05,0,0,0,0,0,0,0,0,0,0,0,0,0,0,0,0,0,0,0,0,0,0,0,0.000580832526621491,0,0,0,0,0,0,0,0,0,0.000250563768479078,0,0,0,0,0,0,0,0,0,0,0,0,0,0,0,0,0,0,0,0,0,0.000189861401177141,0,0,0,0,0,0,0,0,0,0,0,0,0,0,0,0,0,2.56367528488842e-05,0,0,0,0,0,0,3.19693094629156e-05,0,0,0,0,0,0,0,0,0,0.006426735218509,0,0,0,0,0,0,8.2060035121695e-06,0,0,0,0,0,0,0,0,0,0,0,0,6.33834062242505e-05,0,0,0,0,0,0,0,0,0,0,0,0,0,0,0,0,0,0,0,0,0,0,0,0,0,0,0,0,0,0,0,0,0,0,0,0,0,0,0,0,0,0,0,0,0,7.32654406916258e-05,0,0,0,0,0.000335570469798658,0,0,0,0,0,0,0,0,0,0,0,3.04145503208735e-05,0.000116795141322121,0,0,5.70320520132314e-05,4.83582378258136e-05,0,0,0,0,0,0,0,0,0,0,9.13631380192472e-05,0,0,0,0,0,0,0,0,0,0,0,0,0,0,0,0,0,0,0,0,0,0,0,0,0,0,0.00264327766430374,0,0,0,0,0,0,0,0,0,0,0,0,0,0,0,2.42643847360844e-05,0,0,0.00011877895236964,0,0,0,0,0,0,0,0,0,0,0,8.19014234467395e-06,0,0,0,0,0,0,0.0161249685059209,0,0,0,0,0,7.96140311768546e-06,0,0,0,0,0,8.16191742375933e-08,0,0,0,0,0,0.000711983811736491,0,0,0,0,0,0.000151795743647348,0.000960153624579933,0,0,0,0,0,0,0.000188821752265861,0,4.01364639775236e-05,0,0,0,0,0,0,0.000244259892525647,0,0,0.000863557858376511,0,0,0,0,0,0,0,0,0,0,0,0.990272407579124,0,0,0,0,0.000106723585912487,0,1.95367192638564e-05,5.0612410162972e-05,0,0,0,0,0,0,0,0,0,0,0,0,0,0,0,0,0,0,0.00241536483696287,0,0,0,0,0,0,0,0,0,0,0,0,0,0,7.94817788022096e-06,0,0,0,0,0,0,0,1.67156993848623e-05,0.000250417362270451,0,0,0,0,0,0,0.00015271838729383,0,0,0,0,0,0,0,0,0,0,0,0,0,0,0,0,0,0,0,0,0,0,6.4112153527237e-05,0,0.000518268981601451,0,0,0.000123152709359606,0.000980922743877689,0,0,0,0,6.18773590743147e-05,0,0,2.03636956034781e-05,0,0,0,0,0,0,0,0,0,0,0,0,0,0,0,0,0,0,0,0.000120569086086327,0,0,0,0,0,0,0,0,0,0,0,0,0,0,0,0,0,0,0,0,0,0,0,0,0,0,0,0,0,5.62841222491135e-05,0,0.00102845389098389,0,0,0,0,0,0,0,0,0,0,0.000320615581917281,0,0,0,0,0,0,0,0,0,0,0,0,0,0,0,0,0,0.000116049669258443,0,0,0,0,0,0,0,0,0,0,0,0,0,0,0,0,0,0,0,0,0,0,0,0,0,0,0,0,0,0,0,0,0.000495212941564873,0,0,0,0,0,0,1.44684298859888e-05,0,0,0,0,0,0,0,0,0,0,0.00163065633917652,0,5.86544665376268e-05,0,0.0140436914846188,0,0,0,0,0,0,0,0,0,0,0,0,0,0,0,0,0,0,0,0,0,0,0,6.83060109289617e-05,0,0,0,0,0.000174246384387524,0,0,0,0,0,0,0,0,0,0,0,0,0,0,0,0,0,0,0,0,0,0,0,0,0,0,0,0,0,0,0,0,0,0,0,0,0,4.78973081712808e-05,0,0,0,0,0,0,0,0,0,0,0,0,0,0,0,0,0,0,0,0,0,0,0,0,0,0,0,0,0,0,0,0,0,0,0,0,0,2.78625954198473e-05
0,0,0,1.2995395298266e-05,0,0,0,7.29442487107104e-06,0,0,0,0,0,0,0,0,0,0,0,0,0,0,0,0,0,0,0,0,0,0,0,4.09785682088268e-05,0,0,0,0,8.75886835420864e-05,0,0,0,2.21695080586162e-05,0,0,0.00026123301985371,0,0,0,0,0,0,0,0,0,0,0.00500089301661011,0,5.41477149664284e-05,0,0.000154942671211652,0,0,0,0,0,0,0,5.71559213534522e-05,0,0,0,0,0.000284656988329063,0,2.47437781769774e-06,0,0,0,0,0,0,0,0,0,0,0.00116066284862245,0,0,0,0,0,0,9.85512959495417e-06,0,0,0,0,0,0,0,7.38540316095255e-05,0,0,0,0.00036372453928225,0,0,0.00029921456177534,0,0,0.000138619351261436,0,0,0,2.4515812699191e-05,2.77029797325e-06,0,0,0,1.30670273166206e-05,0,0,0,0,0,0,0,0,0,0,0,0,0,2.96577495699626e-05,0,0.000258856114828573,0,0,0,4.07697325505545e-05,0,0,0,0,0,0.000345841258862182,0,0,0,0,0,0,0,0,0,0,0,0,0,0,0,0,0,0,0,0,0,0.000345644874580288,0,0,0,0,0,0.000167532249958117,0,0.000108260257659413,0,0,8.46140015018985e-05,0,0,0,0,0,0.00501148465232825,0,0,0,0,0,0,0,0,0,0,0,0,0,0,0.000237347549842985,0,0.00010972130787799,5.26094276094276e-05,0,0,0,0,0,0,0,1.63942488974868e-05,0,0,0,0,0,0,0,0,0,0,0.000161030595813205,0,0,0,0,0,0,0,5.03537349882928e-05,0,0,0,0.000273897562311695,0,0,0,0,0.00011877895236964,0,0,0,0,0.00152159084946744,0,0,0,0,0.0150072796505768,0,7.37112811020655e-05,0,0,0,0,0,0,0,0,0,0,0,0,5.30760207845697e-06,0,0,0,0,0,3.26476696950373e-07,0,0,4.55002395871991e-05,0,0,0,0,0,0,0,0,0,0,0,0,0,0,0.00029673590504451,0,0,0,0,0,0,0,0,0,6.70106546940964e-05,0,0,0,0,0,0,0,0,0,0,0.000166444740346205,0,0,0,0,0,0.989371167488277,0,0.000185202333549403,0,0,0,4.12441851125858e-05,2.5306205081486e-05,0,0,0,0,0,0,0,0,0,0,0,9.68879587644847e-06,3.62884203650615e-05,0,0,6.6554854511088e-06,0,0,3.89574973703689e-05,0,0,4.0126800690181e-06,0,0,0,0,1.55058793125727e-05,0,0,0,0,0,0.00273224043715847,0.000190756269125303,0,0,0,0,0,0,0,3.34313987697245e-05,0,0,0,0,0,0,0,0,0,0,0,0,0,0,0,0,0.000585480093676815,0,0,0,2.83575317604356e-05,0,0,0,0,0,0,0,0,0,0,0,0,4.17367496254127e-06,0,0,0,0,0,0,0,3.09386795371574e-05,0,0,6.10910868104344e-05,0,0,0,0,0,0,0,0,0,0,0.000270416441319632,0,0,4.87186982363831e-05,0,0,0,0,0,0,0,0,0,0,0,0,0,0,0,0,0,0,0,0,0,0,0,0,0.000166575050388953,6.52656311186529e-05,0,0,0,0,0,0,1.2903891813771e-05,0,0,0,0,0,0,0,0,8.76501007976159e-05,0,0,0,0,0,0,0,0,0,0,0,0,0,0,0,0,0,0,0,0,0,0,0,0,0,4.05284915295453e-05,0,0,0,0.000250218941573877,0,1.63259975184484e-05,0,1.10308311731289e-05,0.000150060024009604,0,0,0,0,0,0,0,0,4.15257214471216e-06,0,0,0,0,0,0,0,0,0,0,9.99000999000999e-05,9.12075884713608e-05,0,0,0,0,0,0,1.30874635186954e-05,0,0,0.000417439703153989,0,0,0,0,0,0,0,0,0,0,0,5.86544665376268e-05,0,0,0,0,0,0,0,0,0,0,0,0,0,0,0,0,0,0,0,0,0,0,0,0,0,0,0.000227894257064722,0,0,0,8.7123192193762e-05,0,0,0,0,5.29156524499947e-05,0,0,0,0,0,0,0.000165043736590196,0,0.00107276953334525,0,4.65202828433197e-05,0.000268144440471934,0,3.04766548823601e-05,9.20047842487809e-05,0,0,0,0,0,0,0,7.5041272699985e-05,0,0.000151297374990544,0,0,0.00053898670499461,0,0,0,0,0,0,0,0,0,0,0,0,0,0.000635324015247776,0.000115087128893616,0,0,0,0,0,0,0,0,0,0.000839793281653747,0.000124641655241182,0,0,0,0,0,0,0,0,0,0,0,0,0,3.35409678965022e-07,0,0,0
0,0,0,0,0,0,0,0,0,0,0,0,0,0,0,0,0,0,0.00091561117045628,0,0,0,0,0,0,0,0,0,0,0,0,0,0,0,0,0,0,0,0,0,0,0,0,0,0,0,0,0,0,0,0,0,0,0,0,0,0,0,0,0,0,0,0,0,0,0,0,0,0,0,0,0,0,0,0,0,0,0,0,0,0,0,0,0,0,0,0,0,0,0,0,0,0,0,0,0,0,0,0,0,0,0,0,0,0,0,0,0,0,0,0,0,0,0,0,0,0,0,0,0,0,0,0,0,0,0,0,0,0,0,0,0,0,0,0,0,0,0,0,0,0,0,0,0,0,0,0,0,0,0,0,0,0,0,0,0,0,0,0,0,0,0,0,0,0,0,0,0,0,0,0,0,0,0,0,0,0,0,0,0,0,0,0,0,0,0,0,0,0,0,0,0,0,0,0,0,0,0,0,0,0,0,0,0,0,0,0,0,0,0,0,0,0,0,0,0,0,0,0,0,0,0,0,0,0,0,0,0,0,0,0,0,0,0,0,0,0,0,0,0,0,0,0,0,0,0,0,0,0,0,0,0,0,0,0,0,0,0,0,0,0,0,0,0,0,0,0,0,0,0,0,0,0,0,0,0,0,0,0,0,0,0,0,0,0,0,0,0,0,9.87118108681704e-05,0.000602046959662854,0,0,0,0,0,0,0,0,0,0,0,0,0,0,0,0,0,0,0,3.77914666868221e-05,0,0,0,0.965194431108977,0,0,0,0,0,2.5306205081486e-05,0,0,0,0,0,0,0,0,0,0,0,0,0,0,0,0,0,0,0,0,0,0,0,0,0,0,0,0,0,0,0,0,0,0,0,0,0,0,0,0,0,0,0,0,0,0,0,0,0,0,0,0,0,0,0,0,0,0,0,0,0,0,0,0,0.000683060109289617,0,0,0,2.26244343891403e-05,0,0,0,0,0,0,0,0,0,0,0,0,0,0,0,0,0,0,0,0,0,0,0,0,0,3.63279689032586e-05,0,0,0,0,0,0,0.000336622322868897,0,0,0,0,0,0,0,0,0,0,0,0,0,0,0,0,0,0,0,0,0,0,0,0,0,0,0,0,0,0,0,0,0,0,0,0,0,0,0,0,0,0,0,0,0,0,0,0,0,0,0,0,0,0,0,0,0,0,0.000204708290685773,0,0,0,0,0,0,0,0,0,0,0,0,0,0,0,0,0,0,0,0,0.00578592092574735,0,0,0,0,0,0,0,0,0,0,0,0,0,0,0,0,0,0,0,0,0,0,0,0,0,0,0,0,0,0,0,0,0,0,0,0,0,0,0,0,0,0,0,0,0,0,0,0,0,0,0,0,0,0,0,0,0,0,0,0,0,0,0,0,0,0,0,0,0,0,0,0,0,0,0,0,0.000622277535780958,0,0,0,0,0,0,0,0,0,0,0,0,0,0,0,0,0,0,0,0.000238606537819136,0,0,0,0,0,0,0,0,0,0,4.78973081712808e-05,0,0,0,0,0,0,0,0,0,0,0,0.000898876404494382,0,0,0,0,0,0,0,0,0,0,0,0,0,0,0,0,0,0,0,0,0,0,0,0,0,0
0,0,0,0,0,0,0,0,0,0,0,0,0,0,0,0,0,0,0,0,0,0,0,0,0,0,0,0,0,0,0,0,0,0,0,0,0,0,0,0,2.21695080586162e-05,0,0,0.00509404388714734,0,0,0,0,0,0,0,0,0,0,0,0,0,0,0,0,0,0,0,0,0,0,0,0,0,0,0,0,0,4.94875563539548e-06,0,0,0,0,0,0,0,0,0,0,0.000402419600799756,0,0,0,0,0,0,0,0,0,0,0,0,0,0,0,0,0,0,0,0,0,7.48036404438349e-05,0,0,0,0,0,0,0,0,0,0,0,0,0,0.000177935943060498,0,0,0,0,0,0,0,0,0,0,0,0,0,0,0,0,0,0,0,0,0,0,0,0,0,0,0,0,0,0,0,0,0,0,0,0,0,0,0,0,0,0,0,0,0,0.00106162354335374,0,0,0,0,0,0,0,0,0,0,0,0,0,0,0,0,0.000208811860513677,0,0,0,0,0,0,0,0,0,0,0,0,0,0,0,0,0,0,0,0,0,0,0,0,0,0,7.53579502637528e-05,0,0,0,0,0,0,0,0,0,0,0,0,0,0,0,0,0,0,0,0,0,0,0,0,0,0,0,0,0,0,0,0,0,6.8203519301596e-05,0,0,0,0,0,0,0,0,0,0,0,0,0,0,0,0,0,2.65380103922849e-06,0,0,0,0,0,0,0,0,1.70625898451997e-05,0,2.83136129019471e-06,0,0,0,0,0,0,0,0,0,0,0,0,0,0,0,0,0,0,0,0,0,0,6.70106546940964e-05,0,0,0,0,0,0,0,0,0,0,0,0,0,0,0,0,4.80942647589275e-05,0,0.975831095471803,0,0,0,0,0,0,0,0,0,0,0,0,0,0,0,0,0,0,0,0.000101337657073368,0,0,0,0,0,0,0,0,0,0,0,0,0,0,0.00272201429057503,0,0,0.00273224043715847,7.94817788022096e-06,0,0,0,0,0,0,0,0,0,0,0,0,0,0,0,0,0,0,0,0,0,0,0,0,0,0,8.41042893187553e-05,0,0,0,0,0,0,0,0,0,0,0.00113735197698535,0,0,0,4.17367496254127e-06,0,0,0,0,0,0,0,0,0,0,0,1.46130465279401e-05,0,0,0,0,0,0,0,0,0,0,0,0,2.43593491181916e-05,0,0,0,4.00978387264926e-05,0,0,0,0,0,0,0,0,0,0,0,0,0,0,0,0,0,0,0,0,0,0,0,0,0,0,0,0,0,0,0,0,0,0,0,0,0,0,0,0,0,0,0,0,0,0,0,0,0,0,0,0,0,0,0,0,0,0,0,0,0,0,0,0,0,0,0,0,0,0,0,0,0,0,0,0,0,0,0,0,0,0,0,0,0,0,0,0,0,0,0,0,0,0,0,0,0,0,0,0,0,0,0,0,0,0,0,0,0,0,0,0,0,0,0,0,0,0,0,0,0,0,0,0,0,0,0,0,0,0,0,0,0,0,0,0,0,0,0,0,0,0,0,0,0,0,0,0,2.83350334353395e-05,0,0,0,0,0,0,0,0,0,0,0,0,0,0.000186081131373279,0,0,0,0,0,0,0,0,0,0,0,0,0,0,0,0.000207339829981339,0,0,0,0,0,0,0,0,1.59979522621104e-05,0,0,0,0,0,0,1.5874086743947e-05,0,0,0,0,0,0,0,0,0,0,0,0,0,0,0,0,0,0,0,0,0,0,0,0,0,0,0,0
0,0,0,0,0,0,0,0,0,0,0,0,0,0,0,0,0,0,0,0,0,0,0,0,0,0,0,0,0,0,0,0,0,0,0,0,0,0,0,0,0,0,0,0,0,0,0,0.000269296798734305,0,0,0,0,0,0,0,0,0,0,0,0.000933333333333333,0,0,0,0,0,0,0,0,0,0,0,0,0,0,0,0,0,0,0,0,0,0,0,0,0,0,0,0,4.83161810890467e-05,0,0,9.85512959495417e-06,0,0,0,0,0,0,0,0,0,0,0,0,0,0,0,0,0,0,0,0,0,0,0,0,0,0,0,0,0,0,0,0,0,0,0,0,0,0,0,0,0,0,0,0,0,0,0,0,0,0,0,0,0,0,0,0,0,0,0,0,0,0,0,0,1.52615835419083e-05,0,0,0,0,0,0,0,0,0,0,0,0,0,0,0,0,0,0,0,0,0,0,0,0,0,0,0,0,0,0,0,0,0,0,0,0,0,0,0,0,0,0,0,0,0,0,0,0,2.68716074595582e-05,0,0,0,0,0,0,0,0,0,0,0,0,0,0,0,0,0,0,0,0,0,0,0,0,0,0,0,0,0,0,0,0,2.09762339269608e-05,0,0,0,0,0,0,0,0,0,0,0,0,0.000163880694854146,0,0,0,0,0,8.37233445801693e-06,0,0,0,0,0,0,0,0,0,0,0,0,0,0,0.000478991435633131,0,0,0,0,0,0,0,0,0,0,0,0,0,0,0,0,9.87118108681704e-05,4.01364639775236e-05,0,0,0,0,0,0,0,0,0,0,0,0,0,0,0,0,0,0,0,0,0,0,0,0,0,0.989501499785745,0,0,2.17074658487294e-06,0,0,0,0,0,0,0,0,0,0,0,0,0,0,0,0,0,0,0,0,0.000221092195445501,0,0,0,0,0,0,0,0,0,0,0,0,0,0,0,0,0,0,0,0,0,0,0,0,0,0,0,0,0,0,0.000122564039710749,0,0,0,0,0,0,0,0.000292740046838407,0,0,0,0,0,0,0,0,0,0,0,0,0,2.13707178424123e-05,0,0,0,0,0,0,0,0,0,0,0,0,1.76146271864156e-05,0,0,0,0,0,0,0,0,0,0,0,0,0,0,0,1.31151554364505e-05,0,0,0,0,0,0,0.00723589001447178,0,0,0,0,0,0,0,0,0,0,0.000373692077727952,0,0,3.68663594470046e-05,0,0,0,0,0,0,0,0,0,0,0,0,0,0,0,0,0,0,0,0,0,0,0,0,0,0,0,0,0,0,0,0.000128982329420869,0,0,0,0,0,0,8.97021887334051e-05,0,0,0,0,0,0,0,0,0,0.00161655350792111,0,0,0,0,0,0,0,0,0,0,0,0,0,0,0,0,0,0,0,0,0,0,0,0,0,0,0,0,0,0,0,0,0,0,0,0,0,0,0,0,0,0,0,0,0,0,0,0,0,0,0,0,0,0,0,0,0,0,0,0,0,0,0,0,0,0,0,0,0,0,0,0,0,0,0,0,0,0,0,0,0,0,0,0,0,0,0,0,0,0,0,0,0,0,0,0,0,0,0,0,0,0,0,0,0,0,0,0,0,0,0,0,0,0,0,0,0,0,0,0,0,0,0,0,0,0,0,0,0,0,0,0,0,0,0,0,0,0,0,0,0,0,0,0,0,0,0,0,0,0,0,0.000918976872415378,0,0,3.6101083032491e-07,0
0,0,0,0,0,0,0,0,0,0,0,0,0,0,0,0.000272991992234894,0,0,0,0,0,0,0,0,0,0,0,0,0,0,0,0,0,0,0,0,0,0,0,0,0,0,0,0,0,0,0,0,0,0,0,0,0,0,0,0,5.41477149664284e-05,0,0,0,0,0,0,0,0,0,5.71559213534522e-05,0,0,0,0,0,0,0,0,0,0,0,0,0,0,0,0,0,0,0,0,0,0,0,0,0,0,0,0,0,0,0,0,0,0,0,0,0,0,0,0,0,0,3.96055289318389e-05,0,0,0,9.80632507967639e-05,0,0,0,0,0,0,0,0,0,0,0,0,0,0,0,0,0,0,0,0,1.29428057414286e-05,0,0,0,0,0,0,0,0,0,0,0,0,0,0,0,0,0,0,0,0,0,0,0,0,0,0,0,0,0,0,0,0,0,0,0,0,0,0,0,0,0,0,0,0,0,0,0,0,0,0,0,0,0,0,0,0,0,0,0,0,0,0,0,1.82575038340758e-05,0,0,0,0,0,0,0,0,0,0,0,0,0,0,0,0,0,0,0,0,0,0,0,0,0,0,0,0,0,5.03537349882928e-05,0,0,0,0,0,0,0,0,0,0,0,0,0,0,0,0,0,0,0,0,4.91408540680437e-05,0,0,0,0,0,0,0,0,0,0,0,0,0,0,0,0,0,0,0,0,0,4.26564746129991e-06,0,0,0,0,0,0,0,0,0,0,0,0,0,0,0,0,0,0,0,0,0,0,0,0,0,0,0,0,0,0,0,0,0,0,0,0,0,0,0,0,0,0,0,0,0,0.990181430096051,0,0,0,0,0,0,0,0,0,0,0,0,0,0,0,0,0,0,0,0,0,0,0,0,0,0,0,0,0,0,0,0,0,0,0,0,2.38445336406629e-05,0,0,0,0,0,0,0,0,0,0,0,0,0,0,0,0,0,0,0,0,0,0,2.25326723749437e-05,0,0,0,0,0,0,0,0,0,0,0,0,0,0,0,0,0,0,0,0,0,0,0,0,0,0,0,0,0,0,0,0,0,0,0,0,0,0,0,0,0,0,0,2.43593491181916e-05,0,0,0,0,0,0,0,0,0,0,0,0,0,0,0,0,0,0,0,0,0,0,0,0,0,0,0,0,0,0,0,0,0.000361308970785589,0,0,0,0,0,0,0,0,0,0,0,0,0,0,0,0,0,0,0,0,0,0,0,0,0,0,0,0,0,0,0,0,0,0,0,0,0,0,0,0,0,0,0,0,0,0,0,0,0,0,0,0,0,0,0,0,0,0,0,0,0,0,0,0,0,0,0,0,0,0,0,0,0,0,2.3191094619666e-05,0,0,0,0,0,0,0,0,0,0,0,0,0.000721604849184587,0,0,0,0,0,0,0,0,0,0,0,0,0,0,0,0,0,0,0,0,0,0,0,0,0,0,0,0,0,0,0,0,0,0,0.00111122870144989,0,0,0.000355745286374956,0,0,0,0,0,0,0,0,0,0,3.04766548823601e-05,0,0,0,0,0,0,0,0,0,0,0,0,0,0,0,0,0,0,0,0,0,0,0,0,0,0,0,0,0,0,0,0,0,0,0,0,0,0,0,0,0,0,0,0,0,0,0,0,0,0,0,0,0,9.5831336847149e-08,0,0,0
0,0,0,0,0,5.53143236441076e-05,0,0,0,0,0,0,0,0,0,0,0,0,0,0,0,0,0,0,0,0,0,0,0,0,0,0,0,0,0,0,0,0,0,0,0,0,0,0,0,0,0,0,0,0,0,0,0,0,0,0,0,0,0,0,0,0,0,0,0,0,0,0,0,0,0.000167954316425932,0,0,0,0,0,0,0,0,0,0,0,0,0,0,1.78094390026714e-05,0,0,0,0,0,0,0,0,2.90160652281146e-05,0,0,0,0,0,0,0,0,0,0,0,0,0,0,0,0,0,0,0,0,0,0,0,3.26675682915515e-06,0,0,0,0,0,3.92958189248664e-05,0,0,0,0,0,0,0,0,0,0,0,0,0,0,0,0,0,1.81996869653842e-05,0,0,0,0,0,0,0,0,0,0,0,0,0,0,0,0,0,0,0,0,0,0,0,0,0,0,0,0,0,0,0,0,0,0,0,0,0,0,0,0,0,0,0,0,0,0,0,0,0,0,0,0,0,0,0,0,0,0,0,0,0,0,0,0,0,0,0,0,0,0,0,0,0,0.000396353547364249,0,0,0,0,0,0,0,0,0,0,0,0,0,0,0,0,0,0,0,0,0,0,0,2.75444153697838e-05,0,0,0,0,0,0,0,0,0,0,0,0,0,0,0,0,0,0,0,5.82055237041995e-05,0,0,0,0,0,0,0,0,0,0,2.84376497419994e-06,0,0,0,0,0,0,0,0,0,0,0,0,0,0,0,0,0,0,0,3.5650623885918e-05,0,0,0,0,0,0,0,0,0,0,0,0,0.00176513797677912,0,0,0,0,0,0,0,0,0,0,0,0,0,0.964914425427873,0,0,0,0,0,0,0,0,1.07308802541072e-05,0,0,0,0,0,0,0,0,0,0,0,0,0,0,0,8.84642604387827e-05,0,5.26731630234396e-05,0,0,0.00032835330815958,0,0,0,0,0,0,0,0,0,0,7.00198389543704e-05,0,0,0,0,0,0,0,0,0,0,0,0,0,0,0,0,0,0,0,0,0.000116822429906542,0,0,0,0,0,0,0,0,0,0,0,0,0,0,0,0,0,0,0,0,0,0,0,0,0,0,0,0,0,0,0,0,0,0,0,0,0,0,0,0,0,0,0,0,0,7.08112490750281e-06,0,0,0,0,0,0,0,0,0,0,0,0,0,0,0,0,0,0,0,0,0,0,0,0,0,0,0,0,0,0,0,0,0,0,0,0,0,0,0,0,0,0,0,0,0,0,0,1.31675971768672e-05,0,0,0,0,0,0,0,0,0,0,0,0,0,0,0,0,0,0,0,1.45169485374174e-05,0,0,0,0,0,0,0,0,0,0,0,0,2.49154328682729e-06,0,0,0,0,0,0,0,0,0,0,0,0,0,0,0,0,0,0,1.30874635186954e-05,0,0,0,0,0,0,6.58327847267939e-05,0,0,0,0,0.000112790435371081,0,0,0,0,0,0,0,0,0,0,0,0,0,0,0,0,0,0,0,0,0,0,0,0,0,0,0,0,0,0,0,0,0,0,0,2.83350334353395e-05,0,0,0,0,0,0,0,0,0,0,0,0,0,0,0,0,0,0,0,0,0,7.25067467527853e-07,0,0,0,0,0,0,0,0,0,0,0,0,0,0,0,0,1.59979522621104e-05,0,0,0,0,0,0,3.96852168598675e-06,0,0,0,0,0,0,0,0,0,0,0,0,0,0,0,0,0,0,0,0,0,0,0,0,4.59990416866315e-06,0,0,0
0.000410913872452334,0.00032918559483837,0,0,0,5.53143236441076e-05,0,1.45888497421421e-05,0,0.000536672629695885,0,0,0,0,0,3.03324435816549e-05,0,0,0,0,0,0,0,0,0,0.000129073894804776,0,0,0,0,0,4.09785682088268e-05,1.48991328704669e-05,0.00116822429906542,0,0,0.000262766050626259,0,0,0,0,0,0,0,0,0,0,0,0,0,0,0.000324044069993519,0,0,0,0.00256687381788706,0.000108295429932857,0,0.000154942671211652,0,0,0,6.47295276686366e-06,0.000858369098712446,5.34616412723871e-05,3.92279930958732e-05,0.00114311842706904,0.000655222120298781,0.000400962309542903,0.000124470998257406,0,0.00996299459151722,0,7.42313345309322e-06,0,0.000256367528488842,0.00907054871220605,0,0,0.0871661721068249,0,0.00846725419042682,0,0.000260756192959583,0.000144023857128334,0,0,0,0,0,0,9.85512959495417e-06,0,3.076232107865e-06,0,0,0,0,0,0.00124731253384976,0,0,0.000628009210801758,6.06207565470417e-05,0.0134805679047756,7.17118331695913e-06,0,0,0.0014533258803801,3.96055289318389e-05,0.000238322211630124,0,6.33834062242505e-05,7.35474380975729e-05,1.385148986625e-06,0,0,0,1.30670273166206e-05,0,0,0,0,0,0,0,0,0,0,0,0,0,2.96577495699626e-05,0,6.47140287071431e-05,0.00362015399162502,0,0.0055804925391241,4.07697325505545e-05,0,7.53295668549906e-05,0.000735835172921266,0,0,0.000345841258862182,0,0.00169259289110986,0.000672494956287828,0,0,0,0,5e-04,0,0,0,4.57847506257249e-05,0,0,0,0,3.71774853148933e-05,0,0,0,0.000466309162975052,4.93778392257555e-05,0.0023173292780071,0,0.00498266034200981,0,0,0.00117272574970682,0,0.0501244992963083,0.000182487301925241,0,0.00170285678022571,0,0,0,0.00990519315126645,0,0,0,5.08957654723127e-05,0,0,0,0,0.00561482313307131,0.000142120436918829,3.65328832482117e-06,0,0,0,0,0,0.00388884831665815,0.00130344108446298,0.00054860653938995,0.000263047138047138,0.000885347498893316,0,0,0,2.08685490097873e-05,0,0,0,0,4.27968604223194e-06,0,0,0,0,0,0.000225402907697509,0,0,0.000644122383252818,0,0.00102643058763151,0,0,0,0,0,7.55306024824391e-05,0,7.00471417263819e-06,0,0.00109559024924678,0,0.000129410051925783,0.000216076058772688,0,0.00023755790473928,0,0.000992063492063492,0,0.0092896174863388,0.000209874599926544,0,0,0.00189125295508274,0,0,0,0.000638831102884568,0,0.000327761389708292,0,0,0,0,0,7.11648428931439e-05,0,0.000110150355234896,0,0.000358037952022914,3.44994135099703e-05,0,0,0.00114569409967539,0,0,4.24419706035485e-06,0,0,6.68284768936986e-05,5.74789722759757e-05,3.68076967725313e-05,0.000262309825376602,0,0,0,0,1.86188534510045e-05,9.10774461884089e-05,0,0,0,0,0,0.0124629080118694,0,3.77643504531722e-05,0.000197423621736341,0,0,0,0,0.00109769484083425,0,0,0,7.14694110920526e-05,0,0,0,0,0,1.09635899178827e-05,0,0,0.000499334221038615,0,0,0,0,5.24870094651574e-05,0.000132259228087051,0,0,0,0,0,0.983626058510303,0,0,0,0.00105468116177186,0,0,0,0,0,0,0,0,1.93775917528969e-05,0,0,0.000101337657073368,4.65883981577616e-05,0,8.27417299640901e-06,0.000311659978962951,0,1.39125982751161e-06,0,0,0,0,0,3.61803850626696e-05,0,0,0,6.81663258350375e-05,0,0,3.97408894011048e-05,0,0,0.000310302027306578,0.00401327467778035,0,0.00608464589671506,0,0.0305562984755282,0.000166944908180301,0,0.000543478260869565,0.000344411916652316,0.00328452169152867,0,0,0,0,0.00230193746403223,0,0,0,5.92880688690208e-06,0,0,0,0,0,2.73043133989092e-05,0,0,0,0,0,0.000173460537727667,2.26244343891403e-05,0,0,0,0,1.2202488087321e-05,0.000259134490800726,8.34734992508254e-06,0,0.00147783251231527,6.76498444053579e-05,0,0,0,0,0.000742528308891777,0.000182826497653727,1.76146271864156e-05,0.0006516382593113,1.46130465279401e-05,1.66184730946921e-05,0.0275939218793698,1.19198603945951e-06,0.00459937061244251,0,0,7.26559378065172e-05,0.000415973377703827,0,0.000540832882639265,0,0,0.000657702426191172,4.80889032669852e-05,0.00869767441860465,0,0,3.5405624537514e-06,0,0,0,0,0,0,0,0,0,0,0,0,0,0,4.71253534401508e-05,0,0,0.000853727945361412,0,6.66300201555811e-05,6.52656311186529e-05,0,0,0,0,0,0,0.000116135026323939,0,0,0,0,0.00205690778196778,0,0,0,0.000175300201595232,0,0,0,0,0.000436871996505024,0.0239671307920566,0.00384738698300737,0.000148397309062129,0.000207684319833853,0,0,0,0,0,0,0,0.0234038185177582,0,0,0,0,0,0,0.00205023065094823,0.000116049669258443,4.05284915295453e-05,0,0,0,0.00150131364944326,0,1.63259975184484e-05,0,3.30924935193867e-05,0.000300120048019208,0,9.36157199516943e-06,0.000524965002333178,0,0.00347496446059074,0,0.000604229607250755,0,1.24577164341365e-05,0.000958619587793577,0,0.000472813238770686,0,0,0,0,0,0,0,0,0.000820868296242247,0,0.000165070980521624,0.0146669607410675,0.000524109014675052,4.77370262696856e-06,0,0,0.00240588734786301,0.000853637363273338,6.95732838589981e-05,0,0,0,3.2916392363397e-05,2.6967189021118e-06,0,0,0,0,0,0,0.000234617866150507,0.000144320969836917,0,2.49421964597046e-06,0.000454029511918275,0.00332857822158821,0,0,0,0,0,0,0.00106326422115896,0.000124409056979348,0,0,0,0.000243842965130456,2.30781124873359e-06,0.000237529691211401,0,0,0,0,0,0.00104058272632674,0,0.000170920692798541,0,0,0.000579094681980504,0.00331068130336296,0,0,0,0,0.000105831304899989,0,0,0,0,0,0,0.00363096220498432,0,0,0,0,0.00268144440471934,0,0,0.000828043058239028,0,0,0,2.17520240258356e-06,0,1.09870791948668e-05,0,0.00030016509079994,0,0,0,0,0,0,0,0.000659848234905972,0.001850994909764,0,0,0,1.59979522621104e-05,0,0,0.000336021505376344,0,0,0.00127064803049555,0.000190489040927364,0.000170241743275451,0,0,0,0,0,0,0,0.048223060221689,0.00142118863049096,0.000249283310482363,0.000107723796186578,0.000271812992661049,0.000315422587411485,0.000104975855553223,0.00168269230769231,0,0,0,0,0,0,0,0,8.14566363200767e-06,0,9.02527075812274e-08,3.43511450381679e-06
0,0,0,0,0,0,0,0,0,0,0,0,0,0,0,0,0,0,0.000610407446970853,0,0,0,0,0,0,0.000258147789609551,0,0,0,0,0,0,0,0,0,0,0,0,0,0,0,0,0,0,0,0,0,3.36620998417881e-05,0,0,0,0,0,0,0,0,0,0,0,0,0,0,0,0,0,0,0,0,0,0,0,0,0,0,0,0,0,0,0,0,0,0,0,0,0,0,0,0,0,0.000140874832711136,0,0,4.76054460630296e-05,0,0,0,0,0,0,0,0,8.16459830176355e-06,0,0,0,0,0,0,0,0,0,0,0.000380300437345503,0,0,0,0,0,0,0,0,0,0,0,0,0,0,0,0,0,0,0,0,0,0,0,0,0,0,0,0,0,0,0,0,0,0,0,0,0,0,0,0,0,0,0,0,0,0,0,0,0,0,0,0,0,0,0,0,0,0,0,0,0,0,0,0.000583975706610605,0,0,5.70320520132314e-05,4.83582378258136e-05,0,0,0,0,0,0,0,0,0.000164609053497942,0,0,0,0,0.000680503572643756,0,0,0,1.82575038340758e-05,0,0,0,0,0,0,0,0,0,0,0,0,0,0,0,0,0,0,0,0,0,0,0,0,0,0,0,0,0,0,0,0,0,0,0,8.08812824536146e-06,0,0,0,6.29287017808823e-05,0,0,0,0,0,0,0,0,0,0,0,0,0,0,0,0,0,0,0,0,0,0,0,2.65380103922849e-06,0,0,0,0,0,1.63238348475187e-07,0,0,0,9.57982871266262e-06,0,0,0,0,0,0,0,0,0,0,0,0,0,0,0,0,4.93559054340852e-05,0.000321091711820189,0,0,0,0,0,0,0,0,0,0,0,0,0,0,0,0.000172801105927078,0,0,0,0,0,6.99826792868765e-05,0,0.000240038406144983,0,0,0,0,0,0.991699564733273,0,0.00013575889220744,0,0,0,0,0,0,0,0,0,0,0,0,0,0,0,0,0,0,0,0,0,0,0,0,0,0,0,0,0,0,0,0,0,0,0,0,0,0,0,0,0,0,0,0,0,0,0,0,0,0,0,0,0,0,0,0,0,0,0,0,0,0,0,0,0,0,0.00138009049773756,0,0,0,0.000170965742739299,0,0,0,0.00487540628385699,0,0,0,0,0,0,3.09386795371574e-05,0,1.76146271864156e-05,0,0,0,0,0,0,0,0,7.26559378065172e-05,0,0,0,0,0,0,0.00024918795329256,0,0,0,0,0.000120569086086327,0,0,0,0,5.74914194056537e-06,0,0,0,0,0,0,0,0.000373692077727952,0,0,0,0,0,0,0,0,0,0,0,0,0,0,0,0,0,0,0,0.00256278831368529,0,0,0,0,0,0,0,0,0,0,0,0,0,0,0,0,0,0,0,0,0,0,0,0,0,0,0,0,0,0,0,0,0,0,0,0,0,0,0,3.12052399838981e-06,0,0,0,0,0,0,8.30514428942431e-07,0,0,0,0.000273837559559669,0,0,0,0,0,0,0,0,0,0,0,0,0,0,0,0,0,0,0.000155400155400155,0,0,0,0,0,0,0,0,0,0,0,0,0,0,0,0,0,0,0,0,0,0,0,0,0,0,0,0,0,0,0,0,0,0,0,0,6.83060109289617e-05,0,0,0,0,0,0,0,0,0,0,0,0,0,0,0,0,0,0,0,0,0,0,0,0,0,0,0,0,0,0,0,0,0,0,0,0,0,0,0,0,0,0,0.00134112462879586,0,0,0,0,0,0,0,0,0,0,0.00510725229826353,0.000898876404494382,0,0,0,0,0,0,0,0,0,0,0,0,0,0,0,0,0,0.00018000990054453,0,0,0,4.37608034483513e-05,0,0,9.02527075812274e-08,4.9618320610687e-06
0,0,0,0,0,2.76571618220538e-05,0,0,0,0,0,0,0,0,0,0,0,0,0,0,0,0,0,0,0,0,0,0,0,6.7118598563662e-05,0,0,0,0,0,0,0,0,0,0,0,0,0,0,0,0,0,0,0,0,0,0,0,0,0,0,0,0,0,0,0,0,0,0,0,0,0,0,0,0,0,0,0,0,0,0,0,0,0,0,0,0,0,0,0,0,0,0,0,0,0,0,0,3.076232107865e-06,0,0,0,0,0.000130190141113411,0,0,0,0,0,0,0,0,0,0,0,0,0,0,0,3.601387365225e-05,0,0,0,0,0,0,0,0,0,0,0,0,0,0,8.81066972103217e-05,0,0,0,0,0,0,0,0,0,0,0,0,0,0,0,0,0,0,0,0,0,0,0,0,0,0,0,0,0,0,0,0,0,0,0,0,0,0,0,0,0,0,0,9.54775468635626e-05,0,0,0,0,0,0,0,0,0,0,0,0,0,0,0,0,0,0,0,0,0,0,0,0,0,0,0,0,0,0,0,0,0,0,0,0,0,8.55937208446388e-06,0,0,0,0,0,0,0,0,0,0,0,0,0,0,0,0,0,0,0,0,0,0,0,0,0,0,0,0,0,0,0,0,0,0,0,0,0.0021143592572164,0,0,0,0,0,0,0,0,0,0,0,0,0,0,0.000644745325596389,7.45156482861401e-05,0,0,0,3.26476696950373e-07,0,0,0,0,0,0,0,0,0,0,0,0,0,0,0,0,1.64206308806384e-05,0,0,0,0,0,0,0,0,0,1.12731945978851e-05,0,0,0,0,0,0,0,0,0,0,0,0,0,0,0,0,0,0,0,0,0,0,0,0,0,0.96006460138012,0,0,0,0,0,0,0,0,0,0,0,0,0,0,0,0,0,0,0,0,0,0,0,0,0,0,0,0,0,0,0,0,0,0,0,0,0,0,0,0,0,0,0,0,0,0,0,0,0,0,0,0,0,0,0,0,0,0,0,0,0,0,0,0,0,0,0,0,0,0,0,0,0,0,0,0,0,0,0,0,0,0,0,0,0,0,0,0,0,0,0,0,0,0,0,0,0,0,0,0,0,0,0.000148519557055273,0,0,0,0,0,0,0,0,0,0,0,0,0,0,0,0,0,0,0,0,0,0,0,0,0,0,0,0,0,0,0,0,0,0,0,0,0,0,0,0,0,0,0,0,0,0,0,0,0,0,0,0,0,1.74258529955041e-05,0,0,0,0,0,0,0,0,0,0,0,0,0,0,0,0,0,0,0,0,0,0,0,0,0,0,0,0,0,0,0,0,0,0,0.000296704461163505,0,0,0,0,0,0,0,0,0,0,0,0,0,0,0,0,0,0,0,0,0,0,0,0,0,0,0,0,0,0,0,0,0,0,0,0,0,0,0,0,0,0,0,0,0,0,0,0,0,0,0,0,0,0,0,0,0,0,0,0,0,0,0,0,0,0,0,0,0,1.4719346225518e-06,0,0,0,0,0,0,0,0,0,0,0,0,0,0,0,0,0,0,0,0,0,0,0,0,0,0,0,0,0,0,0,0,0,0,0,0,0,0,0,0.00119029334971587,0,0,0,0,0,0,0,0,0,0,0,0,0,0,0,0,0,0,2.46848566632656e-05,0,0,1.58121705797796e-06,0,0,0
0,0,0,0,0,0,0,0,0,0,0,0,0,0,0,0,0,0,0,0,0,0,0,0,0,0.000580832526621491,0,0,0,0,0,0,0,0,0,0,0,0,0,0,0,0,0,0,0,0,0,0,0,0,0,0,0,0,0,0,0,0,0,0,0,0,0,0,0,0,0,0,0,0,0,0,0,0,0,0,0,0,0,0,0,0,0,0,0,0,0,0,0,0,0,0,4.76054460630296e-05,0,0,0,0,0,0,0,0,0,0,0,0,0,0,0,0,0,0,0,0.0060214235913038,0,0,0,0,0,0,0,0,0,0,0,0,0,0,0,0,0,0,0,0,0,0,0,0,0,0,0,0,0,0,0,0,0,0,0,0,0,0,0,0,0,0,0,4.57847506257249e-05,0,0,0,0,0,0,0,0,0,0,0,0,0,0,0,0,0,0,0,0.000116795141322121,0,0,2.85160260066157e-05,0.000145074713477441,0,0,0,0,0,0,0,0,0,0,5.07572988995818e-06,0,0,0.0105478053759782,0,0,0,0,0,0,0,0,0,0,0,0,0,0,0,0,0,0,0,0,0,0,0,0,0,0,0,0,0,0,0,0,0,0,0,0,0,0,0,0,0,0,0,0,0,0,0,0,0,0,0,0,0,0,0,0,0,0,0,0,0,0,8.37233445801693e-06,0,0,0,0,0,0,0,0,0,0,0,0,0,0,0,0,0,0,0,0,0,0,0,0.000480076812289966,0,0,0,0,0,0,0,4.93559054340852e-05,8.02729279550472e-05,0,0,0,0,0,0,0,0,0,0.000431778929188256,0,0,0,0,0,0,0,0,0,0,0,3.49913396434382e-05,0,0,0,0,0,0,0,0,0,0.967282106978007,0,0,0,0,0,0,0,0,0,0,0,0,0,0,0,0,0,0,0,0,0,0,0,0,0,0,0,0,0,0,0,0,0,0,0,0,0,0,0,0,0,0,0,0,0,0,0,0.00015271838729383,0,0,0,0,0,0,0,0,0,0,0,0,0,0,0,0,0,0,2.26244343891403e-05,0,0,0,0.000384672921163422,0,0,0,0,0,0,0,0,0,0,0,0,0,0,0,0,0,0,0,0,0,0,0,0,0,0,0,0,4.37171847881684e-06,0,0,0,0,0,0,0,0.00142517814726841,0,0,0,0,0,0,0,0,4.54256382302171e-05,0,0,0,0,0,0,0,0,0,0,0,0,0,0,0,0,0,0,0,0,0,0,0,0,0,0,0,0,0,0,0,0,0,0,0,0,0,0,0,0,0,0,0,0,2.14192387602545e-05,0,0,0,0,0,0,0,0,0,0,0,0,0,0,0,0,0,0,0,0,0,0,0,0,0,0,0,0,0,0,0,0,0,0,0,0,0,0,0,0,0,0,0,0,0,0,0,0,0,0,0,0,0,0,0,0,0,0,0,0,0,0.000158503724837534,0,0,0,0,0,0,0,0,0,0,0,0,0,0,0,0,0,0,0,0,0.000136612021857923,0,0,0,0,0,0,0,0,0,0,0,0.000311138767890479,0,0,0,0,0,0,0,0,0,0,0,0,0,0,0,0,0,0,0,0,0,0,0,0,0,0,0,0,0,0,0,0,0,0,0,0,0,0,0,0,0,0.000170241743275451,0,0,0,0,0,0,0,0,0,0,0,0,0,0,0,0,0,0,4.50024751361325e-05,0,0,0,0,0,0,0,1.6793893129771e-05
0,0,0,0,0,0,0,0,0,0,0,0,0,0,0,0,0,0,0,0,0,0,0,0,0,0,0,0,0,0,0,0,0,0,0,0,0,0,0,0,0,0,0,0,0,0,0,0,0,0,0,0.00291639662994167,0,0,0,0,0,0,0,0,0,0,0,0,0,0,5.71559213534522e-05,0,0.00320769847634322,0,0,0,0,0,0,0,0,0,0,0,0,0,0,0,0,0,0,0,0,0,0,0,0,0,0,0,0,0,0,0,0,0,0,0,0,0,0,0,0.000111794298490777,0,0,0,0,0,0,0,0,0,0,0,0,0,0,0,0,0,0,0,0,0,0,0,0,0,0,0,0,0.00012131505519835,0,0,0,0,0,0,0,0,0,0,0,0,0,0,0,0,0,0,0,0,0,0,0,0,0,0,0,0,0,0,0,3.98612827360784e-05,0,0,0.000167532249958117,0,0,0,0,0.000666335261827451,0,0,0,0,0,0,0,0,0,0,0,0,0,0,0,0,0,0,0,0,0,0,0,0,0,0,0,0,0,0,0,0,0,0,0,0,0,0,0,0,0,0,0,0,0.000513215293815756,0,0,0,0,0,0,0,0,0,0,0,0,0,0,0,0,0,0,0,0,0,0,0,0,0,0,8.19014234467395e-06,0,0,0,0,0,0,0,0,0,0,0,0,0,0,0,0,0,0,0,0,0,4.26564746129991e-06,0,0,0,0,0,0,0,0,0,0,0,0,0,0,0,0,0,0,0,0,0,0,0,0,0,0,0,0,0,0,0,0,0,0,0,0,0,0,0,0,0,0,0,0,0,0,0,6.51223975461881e-06,0,0,0,0.98466655849424,0,0,0,0,0,0,0,0,0,0,0,0,0,0,0,0,0,0,0,0,0,0,0,0,0,0,0,0,0,0,0,0,0,0,0,0,0.000154041668271267,0,0,0,0,0,0,0,0,0,0,0,0,0,0,0,0,0,0,0,0,0,0,0,0,0,0,0,0,0,0,0,0,0,0,0,0,0,0,0,0,0,0,0,3.09386795371574e-05,0,0,2.03636956034781e-05,0,0,0,0,0,0,0,0,0,0,0.00297458085451595,0,0,0,0,0,0,0,0,0,0,0,0,0,0,0,0,0,0,0,0,0,0,0,0,0,0,0,0,0,0,0,0,0,0,0,0,0,0,0,0,0,0,0,0,0,0,0,0,0,0,0,0,0,0,0,0,0,0,0,0,0,0,0,0,0,0,0,0,0,0,0,0,0,0,0,0,0,0,0,0,0,0,0,0,0,0,0,0,0,0.000639079725195718,0,0,0,0,0,0,0,0,0,0,0,0,0,0,0,0,0,0,0,0.000144684298859888,0,0,0,0,0,0,0,0,0,0,0,0,5.86544665376268e-05,0,0,0,0.000113507377979569,0,0,0,0,0,0,0,0,0,0,0,0,0,0,0,0,0,0,0,0,0,0,2.84867821330902e-05,0,0,0.000289547340990252,0,0,0,0,0,0,0,0,0,0,0,0,0,0,0,0,0,0,0,0,9.20047842487809e-05,0,0,0,0,0,0,0,0.000225123818099955,0,0,0,0,0,0,0,0,0.001388246182323,0,0,0,0,0,0,0,0,0,0,7.93704337197351e-06,0,0,0,0,0,0,0.0027163368257664,0,0,0,0,0,0.00298994291927154,0,0,0,0,0,0,0,0,0,0,0,4.79156684235745e-08,0,0,0
0,0,0,4.33179843275533e-06,0,0,4.2954219392971e-06,7.29442487107104e-06,0,0,0,0,0,0,0,0,0,0,0,0,0,0,0,0,0,0,0,0,0,0,0,0,0,0,0,0,0,0,0,0,0,0,0,0,0.00120906801007557,0,0,0,0.000110204981265153,0.00140272127928181,0,0,0,0,0,0,0,0,0,0,0,0,0,0,0,0,0,0,0,0,0,0,0,2.47437781769774e-05,0,0,0,0,0,0,0,0,0,0,0,0,0,0,0,0,0,0,0,0,0,0,0,0.000122576559275981,0,0,0,1.63291966035271e-05,0,0,0,0,0,0,0,0,0,0,0,0,0,0,0,0,0,0,0,0,0,0,0,0,0,0,0,0,0,0,0,0,0,0,0,0,0,0,0,0,0,0,0,0,0,0,0,0,0,0.000297000297000297,0,0,0,0,0,0,0,0,0,0,0,0,0,0,0,0,0,0,0,0,0,0,0,0,0,0,0,0,0,0,0,0,0,0,0,0,0,0,0,0,0,0,0,0,0,0,1.82575038340758e-05,0,0,0,0,0,0,0,0,0,0,4.91827466924603e-05,0,0,0,0,0,0,0,0,0,0,0,0,0,0,0,0,0,0,0,0,0,0,0,0,0,0,0,0,0,0,0,0,0,0,0,0,0,0,0,0,0,0,0,0,0,0.00265343793262575,0,0,0,0,0,0,2.65380103922849e-06,0,0,0,0,0,1.63238348475187e-07,0,0,0,0,0,0,0,0,0,0,0,0,0,0,0,0,0,0,0,0,0,0,0,0,0,0,0,0,0,0,0,0,0,0,0,0,0,0,0,0,0,0,0,0,0,0,0,0,0,0,0,0,0,0,0,0.990221278497988,0,2.8048130592096e-05,0,0,0,0,0,0,0,0,0,0,0,0,0,0,0,0,0,0,0,0,0,0,0,0,0,0,0,0,0,0,0,0,0,0,0,0,0,0,0,0,0,4.75330354596445e-05,0,0,0,0,0,0,0,0,0,0,0,0,0,0.000102391175245909,0,0,0,4.95123038074962e-05,0,0,0,0,0,0,0,6.1012440436605e-06,0,4.17367496254127e-06,0,0,0,0,0,8.00403403315271e-06,0,0,0,0,0,2.92260930558803e-05,3.32369461893841e-05,0,0,0,0,0,0,0,0,0,0,0,0,0,0,0,0,0,0,0,0,0,0,5.74914194056537e-06,0,0,0,0,0,0,0,0,0,0,0,0,0,0,0,0.00170502983802217,0,0,0,0.00267697798929209,0,0,0,0,0,0,0,0,0,0,0,0,0,0,0,0,0,0,0,0,0,0,0,2.92860071457857e-05,0,0,0,0,0,0,0,0,0,0,0,0,0,0,0,0,0,0,0,0,1.10308311731289e-05,0,0,0,0,0,0,0,0,0,8.30514428942431e-07,0,0,0,0,0,0,0,0,0,0,0,0,0,0,0,0,0,0,0,0,0,0,0,0,0,0,0,0,0,0,0,0,0,0,0,0,0,0,0,0,0,0,0,0,0,0,0,0,0,0,0,0,0,1.67302415846885e-05,0,0,0,0,0,0,0,0,0,0,0,0,0,2.44176393026322e-05,0,0,0,0,0,0,0,7.35967311275902e-06,0,0,0,0,0,0,0,0,0,0,0,4.10623655207529e-05,0,0,0,0,0,0,0,0,0,0,0,0,0,0,0,0,0,0,0,0,0,0,0,0,0,0,0,0,0,0,0,0,0,0,0,0,0,0,0,0,0,0,0,0,0,1.88331010584203e-05,0,0,0,0,0,0,0
0,0,0,3.89861858947979e-05,0,0,0,0,0,0,0,0,0,0,0,0,0,0,0,0.000463497467618381,2.11455831105999e-06,0,0,0,0,0,0,0,0,0,0,0,0,0,0,0,0,0,0,0,0,7.74035744970703e-06,0,0,0,0,0,0,0,0,0,0,0,0,0,0,0,0,0,0,5.69174639854747e-06,0,6.47295276686366e-06,0,0,0,0,0,0,0,0,0,0,9.89751127079096e-06,0,0,0,0,0,0,0,0,0,0,0,0,0,0,0,0,0,0,0,3.076232107865e-06,0,2.01178908403243e-05,0,0,0,0,0,0,0,0,0,0,0,0,0,0,0,0,0,0,0,0,0,0,6.5335136583103e-06,0,0,0.000440722785368004,0,0,0,0,0,0,0,0,0,0,0,0,1.29428057414286e-05,0,0,0,0,0,0,0,0,0,0,0,0,0,0,0,0,0,0,0,0,0,0,0,0,0,0,0,0,0,0,0,0,0,0,0,0,0,0,0,0,0,0,0,0,0,0,0,0,0,0,0,0,0,0,0,0,0,0,0,0,0,0,0,0,0,0,0,0,0,0,0,0,0,0,0,0,0,0,0,0,0,0,0.000112701453848755,0,0.000286286859433152,0,0,0,0,0,0,0,0,0,0,0,1.38404473232575e-05,0,0,0,0,0,0,0,0,0,0,0,0,0,0,0,0,0,0,0,0,0,0,0,0,0,0,0,0,0,0,0,0,0,0,0,0,0,0,0,0,0,0,0,0,3.32845160431367e-05,0,1.82775259540869e-05,6.20628448366816e-06,0,0,0,0,0,0,0,0,0,0,0,0,0,0,0,0,0,0,0,0,0,0,0,0,0,0,0,0,0,0,0,0,0,0,0,0,0,0,0,0,0,0,0,0,0,0.970290344361918,0,0,0,0,0.00130899440539377,0,0,0,0,0,0,0,0,0,0,0,0,0,0,0,0,1.55058793125727e-05,0,0,0,0,0,0,0,2.12089077412513e-05,0,0,0,0,0,0,0,0,0,0,0,0,0,0,0,0,0,0,0,0,0,0,0,0,0,0,0,0,0,0,0,0,0,0,0,0,0,0,0,0,1.25210248876238e-05,0,0,0,0,0,0,0,0,0,0,0,0,3.32369461893841e-05,0,0,0,0,0,0,0,0,0,0,0,0,0,0,0,0,1.06216873612542e-05,0,0,0,0,0,0.000183972542098092,0,0,0,0,0,0,0,0,0,0,0,0,0,0,0,0,0,0,0,0,0,0,0,0,0,0,0,0,0,0,0,0,0,0,0,0,0,0,0,0,0,0,0,0,0,0,0,0,0,0,0,0,0,0,0,0,0,0,0,0,0,0,0,0,0,0,0,0,0,0,0,0,0,0,2.24238895814456e-05,0,0,0,0,0,0,0,0.000894180672185417,2.24294705299187e-06,0,0,0,0,0,0,0,2.38685131348428e-06,4.47147200858523e-05,0,0,0,0,0,0,0,0,0,0,0,0,0,0,0,0,0,0,0,0,0,0,0,0,0,0,0,0,0,0,0,0,0,0,0,0.000836512079234424,0,0,2.83865107301011e-05,0,0,0,0,0,0,0,0,0,0,0,0,0,0,0,0,0,0,1.03035423578626e-05,0,0,0,0,0,0,0,0,0,0,0,1.64249462083012e-05,0,0,2.19741583897337e-05,0,0,0,0,0,0,0,0,0,0,0,0,0,0,0,0,0,0,0,0,0,3.96852168598675e-06,0,0,0,0,0,0,0,0,0,0,0,0,0,0,0,0,0,0,0,0,0.000131831707408942,0,0,0,0,0,0,0
0,0,0,1.2995395298266e-05,0,0,0,3.64721243553552e-06,0,0,0,0,0,0,0,0,0,0,0,8.42722668397057e-06,0,0,0,0,0,0,0,0,0,0,0,0.000860549932385362,0,0,0,0,0,0,0,0.0304259634888438,0,7.74035744970703e-06,0,0,0,0,0,0,0,0,0,0,0,0.000246609124537608,0,0,0,0,0,0,0,0,0,0,0,0,0,0,0,0,0,0,0,0.000702723300226158,1.30206637934402e-05,0,0,0,0,0,0,0,0,0.000260756192959583,4.23599579789217e-06,0,0,0,0,0,0,9.85512959495417e-06,0,0,9.67202174270488e-06,0,0,4.08588530919937e-05,0,0,0,0,0,0,0,0,0,0,0,0,0,0,0,0,0,0,0,3.47898691900918e-05,3.92010819498618e-05,0,0,0.000110180696342001,0,0,3.92958189248664e-05,0,0,0,0,1.10133371512902e-05,0,0,0,0,0,0,0,0,4.07697325505545e-05,0,0,0,0,0,0,0,0,0,0,0,0,0,0,0,8.11095790412848e-05,0,0,0,0,0,0,3.71774853148933e-05,0,0,0,0,0,0,0,0,0,0,0,0,0,0,0,0,0,0,0,0,0,0,0,0,0,0,0,0,0.000280741156653565,0,0,0,0,0,0,0,0,0,0,0,0,0,0,2.68716074595582e-05,0,0,0,0,0,0,0,0,0,0,0,0.000225402907697509,0,0,0,0,0,0,0,0,1.99642639674982e-05,0,0,0,0,0,0,0,0,0,0,0,0,0,0,0,0,0,0,0,0,0,0,0,0,0,0,0,0,0,0,0,0,0.000385526243322135,0,0,2.65380103922849e-06,0,0,0,0,0,7.34572568138339e-07,0,0,0,0,0,0,0,0,0,0,0,0,0,0,0,0,0,0,0,0,0,0,0,0,0,0,0,0,0,0,0,0,0,0,0,0,0,0,0,0,0,0,0,0,0,0,0,0,0,0,0,0,0,0,0,5.58784085829236e-05,5.62682871933378e-05,0.978823661402968,0,0.000265041081367612,0,3.58628604217472e-05,0,5.81327752586908e-05,3.62884203650615e-05,0,0,2.66219418044352e-05,0,2.4822518989227e-05,0,0,0,0,8.84642604387827e-05,0,0,0,5.68548908127665e-05,0,0,0,0,0,0,0,0,0,0,0,0,0,0,0,0,0,0,0,0,2.37665177298222e-05,0,0,0,0,0,0,0,0,0,0,0,0,0,4.77825484480911e-05,0,0,0,0,0,0,0,0,0,0,0,0,0,3.33893997003301e-05,0,0,0,0,0,0,0,0,0,0,0,1.46130465279401e-05,8.30923654734603e-05,0,0,0,0,0,0,0,0,0,0,0,2.43593491181916e-05,0,0,0,0,2.83244996300112e-05,0,0,0,0,0,0,9.82163903512218e-06,0,0,0,0,0,0,0,0,0,0,0,0,0,6.52656311186529e-05,0,0,0,0,0.000297441998810232,0,0,0,0,0,0,0,0,0,0,0,0,0,0,0,0,0,0,0,0,0,6.58379858843358e-06,0,0,0,0,0,0,0,0,0,0,0,0,0,0,0,0,0,0,0,0,1.63259975184484e-05,0,0,0,0,3.12052399838981e-06,0,0,0,0,0,0,1.32882308630789e-05,0,0,0,0,0,0,6.17894216510133e-05,7.94827264164815e-06,0,0.000165050546729936,0.000799200799200799,0,0,0,0,0,9.54740525393711e-06,0,1.30874635186954e-05,0,0,0,0,0,0.000109829763866008,0,0,0,0,0,0,0,0,0,0,0,0,0,0,0,0,0,0,0,0,0,0.000124409056979348,0,1.18133490844654e-05,0,0,2.30781124873359e-06,0,0,0,0.00388789891462822,0.000141932553650505,0,0,0,0,0,0,0,0,0,0,0,0,0,2.35913599003501e-06,0,0,0,0,8.83160773531083e-06,0,0,0,0,0,0,0,0,0,0,0,1.64249462083012e-05,0,0,0,0,0,0,0,0.00372309482257126,0,0,0,0,0,0,0,0,0,0,0,0,0,0,0,0,1.19055650579603e-05,0,0,0,0,1.98008039126389e-05,0,0,0,0,0,0,0,0,0,0,0,0,0,0,0,1.88331010584203e-05,0,0,0,0,0,9.02527075812274e-08,0
0,0,0,2.16589921637766e-05,0,5.53143236441076e-05,1.43180731309903e-06,3.64721243553552e-06,0,0,0,0,0,0,0,0,0,0,0,0,0,0.00050125313283208,0,0,0,0,0,0.000882223202470225,1.1132882080513e-05,0,0,0,0.000119193062963736,0,0,0,0,0,0,0,0,4.64421446982422e-05,0,0,0,0,0,0,0,0,0,0,7.34106592277199e-05,0,0,0,0,0,0,0,5.69174639854747e-06,0,6.47295276686366e-06,0,0.000320769847634322,0,0,0,0,0,0,0,0,4.94875563539548e-06,0,0,0,0,0,0,0,0,0,0,8.47199159578434e-06,0,1.58105266486427e-05,0,0,0,0,4.92756479747709e-05,0,2.1533624755055e-05,1.93440434854098e-05,2.01178908403243e-05,0,0,0,0,0,0,0,0,0,0,0,0,0,0,0,0,0,0,1.385148986625e-06,0,0,0.000991511271917618,6.5335136583103e-05,0,0,0,0,0,7.85916378497328e-05,0,0,0,0,1.10133371512902e-05,1.12384805574286e-05,0,0,0,0,0,0,0,4.07697325505545e-05,0,0,0,1.81996869653842e-05,0.00235950235950236,0,0,0,0,0,0,0.00180843938379102,0,0,0,0,0,0,0,0,0,0,0,0.0016182311797039,0,0,0,0,0,0,0,0,0,0,0,0,0,0,0,0,0,0,0,0,0,0,0,0,0,3.81058835484199e-05,0,0,0,3.65328832482117e-06,0,0,0,0,0,0,0,0,0,0,0,0,0,0.000187816941088086,0,0,0,7.53579502637528e-05,0,0,0,0,0,0,0,0,0,0,7.71604938271605e-05,0,0,0,0,0,0,0,0,2.80188566905527e-05,5.53617892930299e-05,0,0,0,0,0,0,2.09762339269608e-05,0,0.000302988569067622,0,0,0,0,0,0,0,0,0,0,0,0,0,0,0,0,0,0,0,0,0,2.65380103922849e-06,0,7.45156482861401e-05,0,0,0,3.26476696950373e-06,0,0,2.84376497419994e-06,0,2.83136129019471e-06,0,0,3.32845160431367e-05,0,4.56938148852171e-05,0,0,0,0,0,0,0,0,0,0,0,0,0.00181818181818182,0,0,0,0,0,0,0,0,0,0,0,0,0.000153490258850358,0,0,0,0,0,0,0,0,0,0,0,0,0,0.000244498777506112,0,0,0,0,0,0,5.62682871933378e-05,5.60962611841921e-05,0.971520243805599,0,0,0,0,2.42219896911212e-05,7.2576840730123e-05,0,0,6.6554854511088e-06,0,2.4822518989227e-05,0,0,1.39125982751161e-06,0,0.00353857041755131,2.04561726500972e-05,5.26731630234396e-05,0,0,0,0,0,0,0,0,0,0,0,0,0,2.33399463181235e-05,0,0,0,0,0,0,0,0,0,0,0,0,0,0,0,0.000410551164938931,1.18576137738042e-05,0,0.00120348529340971,0,0,0,0,0,0,0,0,0,0,0,0,0,0,0,0,0,2.50420497752476e-05,0,0,0,0,0,0,0,0,0,8.8073135932078e-06,0,0,3.32369461893841e-05,0,2.38397207891901e-06,0,0,0,0,0,0,0,0,0,0,0,0,0,0,1.7702812268757e-05,0,0,0,0,0,5.74914194056537e-06,0,0,0,0,8.97182845863987e-05,0,0,0,0,0,0,0,0,0,0,0,0,0,2.7680894646515e-05,0,0,0,0,0,0,0,0,0,0,0,0,0,5.05586733404116e-05,0,0,0,0,0,0,0,0,0.0117059938902349,0,0,0,0,0,0,0,0,0,0,0,0,0,0,0,0,0,0,0,5.80677941496697e-05,4.89779925553451e-05,7.31618095354225e-05,0,0,0,3.12052399838981e-06,0,0,0.000157952930026852,0,0,0,0.000124577164341365,0,0,0,0,0,0,0,7.94827264164815e-06,0,0,0,0,0,0,0,0,9.54740525393711e-06,0,6.54373175934772e-05,0,0,4.63821892393321e-05,0,0,3.66099212886692e-05,0.000197498354180382,0,0,0,0,0.000360929393187458,0,0,0,0,0,0,0,0,0,0,0,0,0,0,0,0.000373227170938044,0,0,0,0,0,0,0,0,0,2.83865107301011e-05,0,0,0,0,0,0,0,0,0,0,0,0,0,9.43654396014004e-06,0,0,0,0,2.94386924510361e-06,0,2.69302237901597e-05,0,0,0,0,0,0,0,0,9.69596232426068e-05,0,2.17520240258356e-06,0,0,0,0,0,0,0,0,0,0,0,0,0,0,0,0,1.59979522621104e-05,0,0,0,0,0,0,7.93704337197351e-06,0,0,0,0,1.98008039126389e-05,0,0,0,0,0,0,0,0,0,0,0,0,0,0,0,0,8.22828555442188e-06,0,0,1.72496406324868e-06,0,0,0
0,0,0,0,0,0,0,0,0,0,0,0,0,0,0,0,0,0,0,0,0,0,0,0,0,0,0,0,0,0,0,0,7.44956643523347e-06,0,0,0,0,0,0,0,0,0,0,0,0,0,0,0,0,0,0,0,0,0.000246609124537608,0,0,0,0,0,0,0,0,0,0,0,0,0,0,0,0,0,0,0,1.48462669061864e-05,0,0,0,0,0,0,0,0,0,0,0,0,0,0,0,0,0,0,0,0,0,0,0,0,0,0,0,0,0,0,0,0,0,0,0,0,0,0,0,0,0,0,0,0,3.26675682915515e-06,0,0,0,0,0,0,0,0,0,0,0,0,0,0,0,0,0,0,0,4.07697325505545e-05,0,0,0,0,0,0,0,0,0,0,0,0,0,0,0,0,0,0,0,0,0,0,0.000260242397204253,0,0,0,0,0,0,0,0,0,0,0,0,0,0,0,0,0,0,0,0,0,0,0,0,0,0,0,0,0,0,0,0,0,0,0,0,0,0,0,0,0,0,0,0,0,0,0,0,0,0,0,0,0,0,0,0,0,0,0,0,0,0,0,0,0,0,0,0,0,0,0,0,0,0,0,0,0,0,0,0,0,0,0,0,0,0,0,0,0,0,0,0,0,0,0,0,0,0.000275375888087239,0,0,0,0,0,0,0,0,0,0,0,0,0,0,0,0,0,0,0,0,0,0,0,0,0,0,0,0,0,0,0,0,0,0,0,0,0,0,0,0,0,0,0,0,0,0,0,0,0,0,0,0,0,0,0,0,0,0,0,0,0,0,0,0,0,0,2.8048130592096e-05,1.07308802541072e-05,0.972700768619136,0,0,0,0.000576483354648684,0,0,0,0,0,0,0,0,0,0,0,0,0,0,0,0,0,0,0,0,0,0,0,0,0,0,0,0,0,0,0,0,0,0,0,0,0,0,0,0,0,0,0,0,0,0,0,0,0,0,0,0,0,0,0,0,0,0,0,0,0,0,0,0,0,0,0,0,0,0,0,0,0,0,0,0,0,0,0,0,0,0,0,0,0,0,0,0,0,0,0,0,0,0,0,0,0,0,0,0,0,0,0,0,0,0,0,0,0,0,0,0,0,0,0,0,0,0,0,0,0,0,0,0,0,0,0,0,0,0,0,0,0,0,0,0,0,0,0,0,0,0,0,0,0,0,0,0,0,0,0,0,0,0,0,0,0,0,0,0,0,0,0,0,0,0,0,0,0,0,0,0,0,0,0,0,0,0,0,0,0,0,0,0,0,0,0,0,0,0,0,4.77370262696856e-06,0,1.30874635186954e-05,0,0,0,0,0,0,0,0,0,0,0,0,0,0,0,0,0,0,0,0,0,0,0,0,0,0,0,0,0,0,0,0,0,0,0,0,0,8.51595321903032e-05,0,0,0,0,0,0,0,0,0,0,0,0,0,0,0,0,0,0,0,0,0,0,0,0,0,0,0,0,0,0,0,0,0,0,0,0,0,0,0.00110529377545084,0,0,0,0,0,0,0,0,0,0,0,0,0,0,0,0,3.96852168598675e-06,0,0,0,0,0,0,0,0,0,0,0,0,0,0,0,0,0,0,0,0,0,0,0,0,0,0,0,0
0,0,0,0,0,0,0,0,0,0,0,0,0,0,0,0,0,0,0,0,0,0,0,0,0,0,0,0,0,0,0,0,0,0,0,0,0,0,0,0,0,0,0,0,0,0,0,0,0,0,0,0,0,0,0,0,0,0,0,0,0,0,0,0,0,0,0,0,0,0,0,0,0,0,0,0,0,0,0,0,0,0,0,0,0,0,0,0,0,0,0,0,0,0,0,0,0,0,0,0,0,0,0,0,0,0,0,0,0,0,0,0,0,0,0,0,0,0,0,0,0,0,0,0,0,0,0,0,0,0,0,0,0,0,0,0,0,0,0,0,0,0,0,0,0,0,0,0,0,0,0,0,0,0,0,0,0,0,0,0,0,0,0,0,0,0,0,0,0,0,0,0,0,0,0,0,0,0,0,0,0,0,0,0,0,0,0,0,0,0,0,0,0,0,0,0.000173450508788159,0,0,0,0,0,0,0,0,0,0,0,0,0,0,0,0,0,0,0,0,0,0,0,0,0,0,0,0,0,0,0,0,0,0,0,0,0,0,0,0,0,0,0,0,0,0,0,0,0,0,0,0,0,2.45704270340219e-05,0,0,0,0,0,0,0,0,0,0,0,0,0,0,0,0,0,0,0,0,0,1.27969423838997e-05,0,3.39763354823366e-05,0,0,0,0,0,0,0,0,0,0,0,0,0,0,0,0,0,0,0,0,0,0,0,0,0,0,0,0,0,0,0,0,0,0,0,0,0,0,0,0,0,0,0,0,0,0,0,0,0,0,0,0,0,0,0,0.980624327233585,0,0,0,0,0,0,0,0,0,0,0,0,0,0,0,0,0,0,0,0,0,0.000136332651670075,0,0,1.58963557604419e-05,0,0,0,0,0,0,0,0,0,0,0,0,0,0,0,0,0,0,0,0,0,0,0,0,0,0,0.00227081581160639,0,0,0,0,0,0,0,0,0,0,0,0,0,0,0,0,0,0,0,0,0,0,0,0,0,0,0,0,0,0,0,0,0,0,0,0,0,0,0,0,0,0,0,0,0,0,0,0,0,0,0,0,0,0,0,0,0,0,0,9.42507068803016e-05,0,0,0,0,0,0,0,0,0,0,0,0,0,0.000131700250230475,0,0,0,0,0,0,0,0,0,0,0,0,0,0,0,0,0,0,0,0,0,0,0,0,0,0,0,0,0,0,0,0,0,0,0.000658671754338148,0,0,0,0,0,0,0,0,0.000100078060887492,0,0,0,0,0,0,0,0,0,0,0,0,0,0,0,0,0,0,0,0,0,0,0,0,0,0,0,0,0,0,0,0,0,0,0,0,0,0,0,0,0,0,0,0,0,0,0,0,0,0,0,0,0,0,0,0,0,0,0,0,0,0,0,0,0,0,0,0,0,0,0,0,0,0,2.83350334353395e-05,0,0,0,0,0,0,0,0,0,0,0,0,0,0,0,0,0,0,0,0,0,0,0,0,0,0,0,0,0,0,0,0,0,0,0,0,0,0,0.000143981570358994,0,0,0.00145609318996416,0,0,0,3.96852168598675e-06,0,0,0,0,0,0,0,0,0,0,0,0,0,0,0,0,0,0,0,0,0,0,0,0,4.79156684235745e-08,0,0,0
0,0,0,7.36405733568406e-05,0,0,2.86361462619806e-06,7.29442487107104e-06,0,0,0,0,0,0,0,0,0,0,0,0.000117981173575588,0,0,0,0,0,0,0,0,0,0,0,4.09785682088268e-05,0,0,0,0,0,0,0,0,0,7.74035744970703e-06,0,0,0,0,0,0,5.51024906325766e-05,3.50680319820452e-05,0,0,0,0,0,0,0,0,0,0,0,0,0,0,0,0,0,0,0,0,0,0,0,0.000141039535608771,0,0,0,0,0,0,0,0,0,0,0,0,0,0,0,0,0,9.85512959495417e-06,0,6.15246421573001e-06,0,0,0,0.000122576559275981,0,0,0,1.63291966035271e-05,0,0,0,0,0,0,0,0,0,0,0,0,1.385148986625e-06,0,0,0,1.30670273166206e-05,0,0,0.0395548699867783,0,0,0,0,0,0,0,0,0,0,0,0,0,0,0,0,0,0,0,0,0,0,0,0,0,0,0,0,0.000133958472873409,0.000297000297000297,0,0,0,0,0,0.000120685493603669,0,0,0,0,0,0,0,0,0,0,0,0,0,0,0,0,0,0,0,0,0,0,0,0,0,0,0,0,0,0,1.27019611828066e-05,0,0,0,0,0,0,0,0,0,0,0,0,0,0,0,0,0,0,0,0,1.63942488974868e-05,0,0,0,0,0,0,0,0,0,0.00744345834526195,0,0,0,0,0,0,0,0,0,0,0,1.38404473232575e-05,0,0,0,0,0,0,0,0,0,0,0,0,0,0,0,0,0,0,0,0,0,0,0,0,0,0,0,0,0,0,0,0,0,0,0,0,8.97810916613526e-07,0,0,0,0,0,0,0,0,0,0,0,0,0,0,0,0,0,0,0,0,0,0,0,0,0,0,0,0,0,0,0,0,0,0,0,0,0,0,0,0,0,0,0,0,0,0,0,0,0,0,0,0,0,0,0,5.58784085829236e-05,0.00388251181634031,5.60962611841921e-05,2.14617605082145e-05,0,0,0.983736192798738,0,1.45331938146727e-05,7.2576840730123e-05,0,0,0,0,1.6548345992818e-05,0,0,0,0,0,2.04561726500972e-05,0,0,0.000201576431063445,0,0,0,0,0,0,0,0,0,0,0,0,0,0,0,0,0,0,0,0,0.000261431695028045,0,0,0,0,0,0,0,5.92880688690208e-06,0,0,0,0,0,6.8260783497273e-06,0,0,0,0,0,0,0,0,0,0,0,0,0,6.2605124438119e-05,0,0,0,0,0,0,0,0,0,0,0,0,6.64738923787682e-05,0,0,0,0,0,0,0,0,0,0.000407830342577488,0,0,0,0,0,0,3.89461869912654e-05,0,0,0,0,0,4.5993135524523e-05,0,0,0,0,0,0,0,0,0,0,0,0,0,0,0,0,0,0,0,0.000148720999405116,0,0,0,0,0,0,0,0,0,0,0,0,0,0,0,0,0,0,0,0,0,0,0,0,0,0,0,0,0,0,0,0,0,0,0,0,0,0,0,0,0,0,3.26519950368968e-05,0,1.10308311731289e-05,0,0,0,0,0,0,0,0,0,2.90680050129851e-05,0,0,0,0,0,0,0,0.00010730168066225,0,4.1262636682484e-05,0,0,0,0,0,0,4.77370262696856e-06,8.94294401717045e-05,0,0,0,2.3191094619666e-05,0.000155400155400155,0,0,0,0,0,0,0,0,0,0,0,0,0,0,0,0,0,0,0,0,0,0,0,0,0,0,0,0,2.30781124873359e-06,0,0.00088670280398849,0,0,0.000340638128761213,0,0,0,0,0,0,0,0,0,0,0,0,0,0,0,0,0,0,2.06070847157253e-05,0,0,0,0,0,0,0,0,0,0,0,3.28498924166023e-05,7.25067467527853e-07,0,0,0,0,0,0,5.8173356602676e-05,0,0,0,0,0,0,0,0,0,0,0,0,0,0,0,0,7.93704337197351e-06,0,0,0,0,0,0,0,0,5.71363272768826e-05,0,0,0,0,0,0,0,0,0,0,0,0.000169497909525783,0,0,0,4.79156684235745e-08,0,0,0
0,0,0,0,0,0,0,0,0,0,0,0,0,0,0.000319693094629156,0,0,0,0,0,0,0,0,0,0,6.45369474023879e-05,0,0,0,0,0,0,0,0,0,0.00651465798045603,0,0,0,0,0,0,0,0,0,0,0,0,5.51024906325766e-05,0,0,0,0,0,0,0,0,0,0,0,0,0,0,0,0,0,0,0,0,0,0,0,0,0,0,0,0,0,0,0,0,0,0,0,0,0,0,0,0,7.04374163555681e-05,0,0,0,0,0,0,0,0,0,0,0,0,0,0,0,0,0,0,0,0,0,0,0,0,0,0,0,0,0,0,0,0,0,0,0,0,0,0,0,0,0,0,0,0,0,0,0,0,0,0,0,0,0,0,0,0,0,0,0,0,0,0,0,0,0,0,0.000106831084793358,0,0,0,0,0,0,0,0,0,0,0,0,0,4.77258626449673e-05,0,0,0,0,0.000638705556738344,0.000116795141322121,0,0,0.00587430135736284,0.000241791189129068,0,0,0,0,0,0,0,0,0,0,0,0,0,0,0,0,0,0,0,0,0,0,0,0,0,0,0,0,0,0,0,0,0,0,0,0,0,0,0,0,0,0,0,0,0,0,0,0,0,0,0,0,0,2.42643847360844e-05,0,0,0,0,0,0,0,0,0,0,0,0,0,0,0,0,0,0,0,0,0,0,1.67446689160339e-05,0,0,0,0,0,0,0,0,0.000822368421052632,0,1.63238348475187e-07,0,0,0,9.57982871266262e-06,0,0,0,0,0,0,0,3.03591487294696e-05,0,0,0,0,0,0,0,3.77643504531722e-05,0,4.01364639775236e-05,0,0,0,0,0,0,0,0,0,0,0,0,0,0,0,0,0,0,0,7.55829333736442e-05,0,1.74956698217191e-05,0,0,0,0,0,0,0,0,0,0,0,0,0,0,0,0,0,0,0.983997792799007,0,0,0,0,0,0,0,0,0,0,0,0,0,0,0.00317615440996824,0,0,0,0,0,0,0,0,0,0,0,0,0,0,0,0,0,0,0,0,0,0,0,0,0,0,0,0,0,0,0,0,0,0,0,0,0,0,0,0,0.00220372184133203,0,0,0,0,0,2.13707178424123e-05,0,0,0,0,0,6.76498444053579e-05,0,0,0,0,0,0,0,0,0,0,0,0,8.06907124989914e-05,0,0,0,0,0,0,0,0,0,2.18585923940842e-05,0,0,0,0,0.000120569086086327,0,0,0,0,0,0,0,0,0,0,0,0,0,0,0,0,0,0,0,0,0,0,0,0,0,0,0,0,0,0,0,0,0,0,0,0,0,0,0,0,0,0,0,0,0,0,0,0,0,0,0,0,0,0,0,0,0,0,0,0,0,0,0,0,0,0,0,0,0,0,0,0,0,0,0,0,0,0,0,0,0,0,0,0,0,0,0,0,0,0,0,0.00100328347318497,0,0,0,0,0,0,0,0,0,0,0,0,0,0,0,0,0,0,0,0,0,0,0,0,0,0,0,0,0,0.000172711571675302,0,0,0,0,0,0,0,0,0,0,0,0,0,0,0,0,0,0.000819672131147541,0,0,0,0,0,0,0,0,0,0,0,0.000311138767890479,0,0,0,0,0,0,0,0,0,0,0,0,0,0,0,0,0,0,0,0,0,0,0,0,0,0,0,0,0,0,0,0,0,0,0,0,0,0,2.25275963054742e-05,0,0,0,0,0,0.000566037735849057,0,0,0,0,0,0,0,0,0,0,0,0,0,0,0,0,0,0,0,0,0,0,0,7.63358778625954e-07
0,0,0,4.76497827603086e-05,0,0,4.2954219392971e-06,0,0,0,0,0,0,0,0,0,0,0,0,2.52816800519117e-05,0,0.00012531328320802,0,0,0,0,0,3.6759300102926e-05,0,0,0,0.000368807113879441,0.000960994070145118,0,0,0,8.75886835420864e-05,0,0,0.000289771080846132,0,3.09614297988281e-05,0,0,0,0,0,0,5.51024906325766e-05,0,0,0,0,0.0254007398273736,0,0,0,0,0,0,0,0,6.47295276686366e-06,0,0,0,0,0,0,0,0,0,0,0.000512196208263432,2.60413275868804e-05,0,0,4.30904468479338e-05,0,0,0,0,0,0,8.04839201599512e-05,3.56188780053428e-05,0,0,0,0,0,9.85512959495417e-05,0,0,0.000212784478339507,0,0,2.04294265459969e-05,1.27014771817962e-05,8.2060035121695e-06,0,8.16459830176355e-06,0,6.06207565470417e-05,0,0,2.49345468146116e-05,0,0,0,0,0,0,0,8.31089391975001e-06,0,0,3.47898691900918e-05,0.000480213253885807,0,0.000177935943060498,0,0,0,0.000117887456774599,0,0,0,0,0,0,0,5.93154991399253e-05,0,5.17712229657145e-05,0,0,0,0.00489236790606654,0,0,0,0,0,0,0,0,0,0,0,0,0,0,0,0,0,0,0.000120685493603669,0,0,0,0.0169901107889062,2.67476228050232e-05,0,0,0,2.46889196128777e-05,0,0,0.000119583848208235,0,0,0,0,0,0,0,0,0,0,0,0,0,0,0,0,0,0,0,0,0,0,0,0,0,1.92722787542399e-05,0,0,0.000146060030672606,0,0,5.26094276094276e-05,0,0,4.20698359276399e-06,2.68716074595582e-05,4.17370980195747e-05,0,0,0,0,0,0,0,0,0,0,0,0,0,0,0,0,0,0,0,0,0,0,0,2.80188566905527e-05,5.53617892930299e-05,0,0,8.08812824536146e-06,0,2.12143069285926e-05,0,0,0,5.50888307395676e-05,0,0,0,0,0,0.000800800800800801,0,0,8.19014234467395e-06,0,0,0,0,0,0,0,0,0,0.00220300710469791,0,0,2.91918114315134e-05,0,0,0,0,0,4.32581623459244e-06,0,0,9.9531774096998e-06,0,8.49408387058414e-06,0,0,6.65690320862735e-05,0,5.48325778622606e-05,0,0,0,0,0,0,0,0,0,0,0,0,0.00017825311942959,0,0,0,0,0,0,7.14694110920526e-05,0,0,0,0,0,1.09635899178827e-05,0,0,0,0,0,0,0,0,2.40471323794638e-05,0,0,0,0,0.000366748166259169,4.34149316974587e-06,0,0,0,0,0,0,0.000112192522368384,6.43852815246435e-05,0.0176252319109462,0,7.17257208434945e-05,0,0.990877998682324,0,0,0,1.33109709022176e-05,0,1.6548345992818e-05,0,0,5.56503931004643e-06,4.0126800690181e-06,0,2.04561726500972e-05,0,0,0.000124047034500581,0,0,0,0,0,0,7.94817788022096e-06,0,0,0,0,0,0,0,0,0,0,0,0,0,4.75330354596445e-05,0,0,0,0,0,0.00012809017548354,6.84251941564884e-05,1.18576137738042e-05,0,0.000240697058681943,0,0.000116822429906542,0,1.36521566994546e-05,2.83575317604356e-05,0,0,0,0,0,0,2.11967696123111e-05,0,6.69030574697264e-05,0,6.1012440436605e-06,0,0.000112689223988614,0,0,0,0,4.05794749015948e-05,0,0,0,0,0,4.07273912069562e-05,0,0.000216040150230997,0,0,0,0,0,0,0,0,0,0,0,0,0,0,0,0,8.85140613437851e-05,0,0,0,0,0,1.72474258216961e-05,0,0,0,0,0,0.000888296691094826,0,0,0,0,0,0,0,0,0.000195796893355959,0,7.74713356058258e-05,0,8.30426839395449e-05,0,0,2.58077836275421e-05,0,0,0,0,0,0,0,0,0,0,0,0,0,0,0,0,0,0,0,7.9005583061203e-05,0,0,0,0,0,0,0,0,0,2.14192387602545e-05,0,0,0,0,0,0,0,0,0,0,8.16299875922419e-05,0,0,0,0,3.12052399838981e-06,0,0,0,0,0,0,4.56782935918337e-05,0,0,0,0,0,4.23863515947865e-05,0,1.98706816041204e-05,0,0.00061893955023726,0.0002997002997003,0,0,0,0,0,2.38685131348428e-05,0,0.000157049562224345,0,0,0,0,0,3.66099212886692e-05,0,0,0,0,0,4.51161741484322e-05,0,0,0,0,0,4.98843929194093e-06,0,0,0,0,0,0,0,0,0,0,0,0,0,0,0,0,5.01907247540654e-05,0,0.000161995788109509,5.67730214602021e-05,0,0,0,8.54603463992707e-05,0,0.000127534753220253,0,0,0,0,0,0,0,2.35913599003501e-06,0,0,0,0,8.83160773531083e-06,0,0,8.93974611121044e-05,0,0,8.93814801573114e-05,0,0,0,0,0,4.92748386249035e-05,2.90026987011141e-06,0,3.29612375846005e-05,0,0,0.000104887770086008,7.5648687495272e-05,0.000639906922629436,0,0.000179662234998203,0,0,0,0,0,0,5.48787180331467e-05,1.59979522621104e-05,0,0,0,0,0,0,0.000186520519241377,0,0,0,0,0,0,0,0,0,0.000258397932816537,0,0,0,0,0,0,0,0,0,0,7.53324042336811e-05,0,0,0,4.79156684235745e-07,0,0,3.81679389312977e-07
0,0,0,4.33179843275533e-06,0,0,0,0,0,0,0,0,0,0,0,0,0,0,0,0,0,0,0,0,0,0,0,0,0,0,0,0,7.44956643523347e-05,0,0,0,0,0,0,0,2.21695080586162e-05,7.74035744970703e-06,0,0,0,0,0,0,0,0,0,0,0,0,0,0,0,0,0,0,0,0,0,0,0,0,0,0,0,0,0,0,0,0,1.30206637934402e-05,0,0,0.00103417072435041,0,0,0,0,0,0,4.23599579789217e-06,0.00178094390026714,0,0,0,0,0,1.97102591899083e-05,0,6.15246421573001e-06,0.000106392239169754,0,0,0,0,0,0,0,0,0,0,7.17118331695913e-06,2.49345468146116e-05,0,0,0,0,0,0,0,0,0,0,0,1.30670273166206e-05,0,0.000711743772241993,0,0,0,0,3.35979733702463e-06,0,0,0,0,0,0,0.000504181742689365,0,3.88284172242859e-05,0,0,0,0.000203848662752772,0,0,0,1.81996869653842e-05,0,0,0,0,0,0,0,0,0,0,0,0,0,0,0,0,0,0,0,0,0,0,0,2.46889196128777e-05,0,0,0,0,0,0,0,0,0,0,0,0,0,0,0,0,0,0,5.08957654723127e-05,0,0,0,0,0,0,3.65328832482117e-06,0,0,3.85445575084798e-05,0,0,3.65150076681516e-05,0,0,0,0,0,0,0,0,0,0,0,0.000113036925395629,0,0,0,0,0,0,0,0,0,0,0,0,0,0,0,0,0,0,0,0,0,0,0,0,0,0,0,0,0,0,0,1.74895499938787e-05,7.17291507268554e-05,6.8203519301596e-05,0,0,0,0,0,0,0,0,0,0,0,0,0,0,0,0.000116411047408399,0,0,0,0,0,0,0,8.16191742375933e-07,0,0,6.11409469452988e-05,0,5.66272258038943e-06,3.74728321966574e-05,0,0,0,1.82775259540869e-05,0,0,0,0,0,0,0,0,0,0,0,0,0,0,0,0,0,0,0,0,0,0,0,0,0,2.19271798357654e-05,0,0,0,0,0,0,0,0,0,0,0,0,0,0,0,0,0,0,0,0,0,0,1.07308802541072e-05,0,0,0,0,0,0.986355553942737,0,0,6.6554854511088e-06,0,0,0,0,0,8.02536013803619e-06,0,0,0,0,5.16862643752423e-06,0,0,0,0,0,0,7.94817788022096e-06,0,0,0,0,0,0,0,0,0,0,0,0,0,0,0,0,0,0,0,0,0,0,4.50653447498873e-05,0,0,0,0.000336417157275021,0,0,0,0,0,0,0,0,0,0,0.000200709172409179,0,0,0,8.34734992508254e-06,0,0,0,0,0,0,0,0,0,0,0,0,4.98554192840762e-05,0,3.57595811837852e-06,0,0,0,0,0,0,0,0,0,0,0,0,0,0,7.08112490750281e-06,0,0,0,0,0,0,0,0,3.28601472134595e-05,0,0,0.000444148345547413,0,0,0.000141376060320452,0,0,0,0,0,0.000783187573423835,0,0,0,0,0,0,0,0,0,0,0,0,0,0,0,0,0,0,0,0,0,0,0,0,0,0,6.58379858843358e-06,0,0,0,0,0,0,0,0,0,0,0,0,0,0,0,0.000136276914690651,0,0,0,1.45169485374174e-05,3.26519950368968e-05,0,0,0,0,0,0,0,0,0,0,0,1.66102885788486e-06,0,0,0,0,2.73374922771584e-06,0,0,0,0,0,0,0,0,0,0,0,4.77370262696856e-06,0,0.000301011660929995,0,0,0,0,0,0,3.2916392363397e-05,0,0,0,0,2.25580870742161e-05,0,0,0,0.000144320969836917,0,2.49421964597046e-06,0,0,0,0,0,0,0,0,0,0,0,0,0,0,0,0,0,0,0,0,0,0,0,5.69735642661805e-05,0,0,0,0,0,0.000226680267482716,0,0,0,0,0,0.000355745286374956,0,0,0,0,0,0,0,9.30405656866394e-05,0,0,0,0,0,0,0,2.17520240258356e-06,0,0,0,0,0,0,0,0,0.000179662234998203,0,0,0,0,0,0,0,1.59979522621104e-05,0,0,0,0,0,0,4.36537385458543e-05,0,0,0,0,0,0,0,0,0,0,0,0,0,0,0,0,0,7.65081672468536e-06,0,0,0,0,0,0,3.83325347388596e-07,0,0,0
0,0,0,0,0,0,0,0,0,0,0,0,0,0,0,0,0,0,0,0,2.11455831105999e-06,0.00025062656641604,0,0,0,0,0,0,0,0,0.000290107339715695,0,0,0,0,0,0,0,0,0,0,0,0,0,0,0,0,0,0,0,0,0,0,0,0,0,0,0,0,0,0,0,0,0,0.000213846565089548,0,0,0,0,0,0,0,0,0,0,0,0,0,0,0,0,0,0,0,0,0,0,0,0,0,0,0,0,0,0,0,0,0,0,0,0,0,0,0,0,0,0,0,0,0,0,0,0,0,1.385148986625e-06,0,0,1.73949345950459e-05,0,0,0,0,0,0,3.92958189248664e-05,0,0,0,0,0,0,0,0,0,0,0,0,0,0,0,0,0,0,0,0,0,0,0,0,0,0,0,0,0,0,0,0,0,0,0,0,0,0,0,0,0,0,0,0,0,0,0,0,0,0,0,0,0,0,0,0,0,0,0,0,0,0,0,0,0,0,0,3.65328832482117e-06,0,0,0,0,0,0,0,0,0,0,0,0,0,0,0,0,0,0,0,0,0,0,0,0,0,0,0,0,0,0,0,0,0,2.99463959512473e-05,0,0,0,2.10141425179146e-05,0,0,0,0,0,0,0,0,0,0,0,0,0,0,0,0,0,0,0,0,0,0,0,0,0,0,0,0,0,0,0,0,0,0,0,0,0,2.04047935593983e-06,0,0,0,0,0,0,0,6.65690320862735e-05,0,0,0,0,0,0,0,0,8.21031544031922e-06,0,0,0,0,0,0,0,0,0,0,0,0,0,0,0,0,0,0,0,0,0,0,0,0,0,0,0,0,0,0,0,0,0,0,0,0,0,0,0,0,0,0,0,0,0,0,0,0,0.975143026237917,0,6.6554854511088e-06,0,1.6548345992818e-05,0,0,5.56503931004643e-06,0,0,0,0,0,0,0,0,0,0,0,0,0,0,0,0,0,0,0,0,0,0,0,0,0,0,0,0,0,0,0,0,0,3.42125970782442e-05,0.000930822681243626,0,0,0,0,0,0,0,0,0,0,0,0,0,0,0,0,0,0,0,0,0,0,0,0,0,0,0,0,0,0,0,0,0,0,0,0,0,0,0,0,0,0,0,0,0,0,0,0,0,3.5405624537514e-06,0,0,0,0,0,0,0,0,0,0,0,0,0,0,0,0,0,0,0,0,0,0,0,0,0,0,0,0,0,0,0,0,0,0,0,0,0,0,0,0,0,0,0,0,0,0,0,6.58379858843358e-06,0,0,0,0,0,0,0,0,0,0,0,0,0,0,0,0,0,0,0,0,0,0.00131691257163761,0,0,0,0,0,0,0,0,0,0,0,0,0,0,0,2.73374922771584e-06,0,0,0,4.48589410598373e-06,0,0,0,0,0,0,0,0,0,0,0,0,0,0,0,0,0,0,0,0,0,0,0,0,0,0,0,0,0,0,0,0,0,0,0,0,0,0.00460313510823588,0,1.18133490844654e-05,0,0,0,0,0,0,0,0,0,0,0,0,0,0,0,0,0,0,0,0,0,0,0,0,0,0,0,0,0,0,0,0,0,0,0,0,0,9.69596232426068e-05,0,7.25067467527853e-07,0,0,0,0,0,0,0,0,0,0,0,0,0,0,0,0,0,0.00393894633185623,0,0,0,0,0,0,0,0,0,0,0,0,0,0,0,0,0,0,0,0,0,0,0,0,0,0,0,0,0,0,1.43747005270724e-07,0,0,0
0,0,0,0,0,0,0,0,0,0,0,0,0,0,0,0,0,0,0,0,0,0,0,0,0,0,0,0,0,0,0,0,0,0,0,0,0,0,0,0,4.43390161172324e-05,0,0,0,0,0,0,0,0,0,0,0,0,0,0,0,0,0,0.000154942671211652,0,0,0,0,0,0,0,0,0,0,0,0,0,0,2.47437781769774e-06,0,0,0,0,0,0,0,0,0,0,1.27079873936765e-05,0,0,0,0,0,0,0,0,0,0,0,0,0,0,0,0,0,0,0,0,0,0,0,0,0,0,0,0,0,0,0,0,0,3.26675682915515e-06,0,0,0,0,0,0,0,0,0,0,0,0,0,0,0,3.88284172242859e-05,0,0,0,0,0,0,0,0,0,0,0,0,0,0,0,0,0,0,0,0,0,0,0,0,0,0,0,0,0,0,0,0,0,0,0,0,0,0,0,0,0,0,0,0,0,0,0,0,0,0,0,0,0,0,0,0,0,0,0,0,0,0,0,0,0,0,0,0,0,0,0,0,0,0,0,0,0,0,0,0,0,0,0,0,0,0,0,0,0,0,0,0,0,0,0,0,0,0,0,0,0,0,0,0,0,0,0,1.74895499938787e-05,0,0.000204610557904788,0,0,0,0,8.19014234467395e-06,0,0,0,0,0,0,0,0,0,0,0,0,0,0,0,0,0,0,0,0,0,0.000187688488297196,0,2.83136129019471e-06,0,0,0,0,0,0,0,0,0,0,0,0,0,0,0,0,0,0,0,0,0,0,0,0,0,0,0,0,0,0,0,0,0,0,0,0,0,0,0,0,0,0.000185202333549403,0,0,0,2.17074658487294e-06,0,0,0,0,0,0,0,0,0,0,0,0,0,0,0,0.972436157276044,0,0,0,0,0,0,0,0,0,0,0,0,0,0,0,0,0,0.000210172341319882,0.000604061518896793,0,0,0,0,0,0,0,0,0,0,0,0,0,0,0,0,0,0,0,0,0,0,2.25326723749437e-05,0,0,0,0.000168208578637511,0,0,0,0,0,0,0,0,0,0,6.69030574697264e-05,0,0,0,0,0,0,0,0,0,0,0,0,0,0,0,0,0,0,0,0,0,0,0,0,0,0,0,0,0,0,0,0,4.00978387264926e-05,0,0,0,0,0,0,0,0,0,0,0,0,0,0,0,0,0,0,0,0,0,0,0,0,0,0,0,0,1.2903891813771e-05,0,0,0,0,0,0,0,0,0,0,0,0,0,0,0,0,0,0,0,0,0,0,0,0,0,0,0,0,0,0,0,0,0,0,0,0,0,0,0,0,0,0,0,0,8.00624487099938e-05,0,0,0,0,0,0,0,0,0,0,0,0,2.73374922771584e-06,0,6.17894216510133e-05,0,0,4.1262636682484e-05,0,0,0,0,0,0,0,0,0,0,0,0,0,0,0,0,0,0,0,0,0,0,0,0,0,0,0,0,0,0,0,0,0,0,0,0,0,0,0,0,0,0,0,0,0,0,0,0,0,0,0,0,0,0,0,0,5.66700668706789e-05,0,0,5.29156524499947e-05,0,0,0,0,0,0,0,0,0,0,0.00134908820245627,0,0,3.04766548823601e-05,0,0,0,0,0,0,0,0,0,0,0,0,0,0,0,0,0,0,0,0,0,0,0,0,0,0,0,0,0,0,0,0,0,0,0,0,0,0,0,6.23208276205908e-05,0,0,0,0,0,0,0,0,0,0,0,0,0,0,0,0,0
0,0,0,0,0,0,1.43180731309903e-06,3.64721243553552e-06,0,0,0,0,0,0,0,0,0,0,0,1.68544533679411e-05,0,0,0,0,0,0,0,0,0,3.3559299281831e-05,0,0.00110642134163832,0,0,0,0,0,0,0,0,0,0,0,0,0,0,0,0,0,0,0,0,0,0,0,0,0,0,0,6.66666666666667e-05,0,0,0,0,0,3.92279930958732e-05,0,0,0,0,0,0,0,9.89751127079096e-06,1.30206637934402e-05,3.84551292733262e-05,0,0,0,0,0,0,0,0.00260756192959583,0.000122843878138873,0,0,0,0,0,0,0,4.76054460630296e-05,3.076232107865e-06,0,0,0,0,0,0,0,0,0,0,0,0,2.49345468146116e-05,0,0,0,0,0,0,0,1.385148986625e-06,0,0,0,2.94008114623964e-05,0.000185082361650935,0,0,0,0,0,0,0,0,8.5397096498719e-05,0,0,0,5.93154991399253e-05,0,0,0,0,0,0.000122309197651663,0,0,0,1.81996869653842e-05,0,0,0,0,0,0,0.00081570820952048,0,0,0,0,0.00729986211371563,0,0,0,0,0,0.000580046403712297,3.71774853148933e-05,1.33738114025116e-05,0,0,0,0,0,0,3.98612827360784e-05,0,0,0,0,0.000108260257659413,0,0,0,0,0,4.83582378258136e-05,0,0,0,0,0,0.000262881177707676,0,0,0,0,3.55301092297072e-05,0,0,0,0,0,0,5.47725115022274e-05,0,0,0,0,0,0,0.000214972859676466,0,0,0,0,0,0,0,0,0,0,0,0.000563507269243773,0,0,0,0,0,0,0,0,0,0,2.51768674941464e-05,0,0,0,0,0,8.08812824536146e-06,0,0,0,0.000104881169634804,0,2.75444153697838e-05,0.000182149362477231,3.49790999877573e-05,0,0,0,0,0,0,1.63802846893479e-05,0,0.000163880694854146,0,0,0,0,0,2.09308361450423e-05,0,0.000110150355234896,2.91027618520998e-05,0,0.000469722783943442,0,0,0,0,0,8.97810916613526e-07,0,0,2.13282373064996e-05,9.57982871266262e-06,0,0,0,3.32845160431367e-05,0,9.13876297704343e-06,0,0,0.000240038406144983,0,0,0,0,0,0,0,0,4.01364639775236e-05,0,0,0,0,0,0.000335053273470482,0,0.0069325328759291,0,0,0,0,0,0,0,0,0,0,0,0,0,0,1.20235661897319e-05,0,9.26011667747014e-05,0,0,0.000122249388753056,0,0,0,0,0,5.58784085829236e-05,0,0.000112192522368384,0,0,0,0,0,1.93775917528969e-05,0,0,0,0.990442722892208,0,8.27417299640901e-06,0,0,1.39125982751161e-06,0,0,0,0,0,1.55058793125727e-05,0,0,0,0,0,0.000210172341319882,0,0,0,0,0,0,0,0,0,0,0,0,0,0,0,0,0.00015271838729383,0,0,0,0,0,0,0,0,0,0.000233644859813084,0,0.000136521566994546,0.00235367513611615,0,0,4.95123038074962e-05,0,0,0,1.05983848061555e-05,5.00375281461096e-05,0.000133806114939453,2.13707178424123e-05,0,0,0,0,0,0,0,0,8.00403403315271e-06,0,0,0,1.76146271864156e-05,0,0.000292260930558803,1.66184730946921e-05,0,0,0,0,0,0,0,8.98553329140084e-05,0,0,0,4.87186982363831e-05,4.37171847881684e-06,0,5.94078228221092e-06,0,0,0,0,0,0,7.33352889410384e-05,5.74914194056537e-06,0,0.000108225108225108,0,0,0,0,0,0,0,0,0,0,0,0.000149917545350057,0,8.52514919011083e-05,0.00635264951967772,0,0.0040690915130377,0,0,0,0,0,5.62841222491135e-05,0,0,0,0,0,0,0,0,0,0,0,0,0,0,0,0,0,0,2.92860071457857e-05,0,0,0,0,0,0,0,0.00312720885899715,0,0,0,0,0.00222906703412499,0,0,0,0,1.45169485374174e-05,3.26519950368968e-05,0,7.72158182119023e-05,0,0,0,0,0,0.000157952930026852,0,0,0,4.98308657365459e-06,0,0.000376222723852521,0,0,0,0,0,3.97413632082408e-06,0,0,0.0020979020979021,0,0,0,0,0,2.38685131348428e-06,0,2.61749270373909e-05,0,0,0.00011595547309833,0.000466200466200466,0,0.00358777228628958,0,0,0,0,0,0,0,0,0,0,0,4.98843929194093e-06,0,0,0,0,0,0,0,0,0,0,0.000570233795856301,0,0,0,0,0,0,0,0.000323991576219018,0,0,0,0,2.84867821330902e-05,0,0.000127534753220253,0,0,0,0,0.000317429310934219,0.000107169649555246,0,0,0,0,9.22253988748501e-05,0,1.03035423578626e-05,0,0,0.000178794922224209,0,0,0,8.03535556448373e-05,0,0,0,0,1.64249462083012e-05,7.25067467527853e-07,0.000414164423276041,0,0,0,0.000104887770086008,0,0,0.00248807795977607,0,0,0,0,0,0,0,0,1.59979522621104e-05,0,0,0,0,6.75827889164226e-05,0,9.12759987776953e-05,0,0,0,0,0,0,0,0,0,0,6.23208276205908e-05,0,0,1.57711293705742e-05,0,0,0,0,0,0,0,0,0,0,1.91662673694298e-07,0,0,0
0,0,0,0,0,0,0,0,0,0,0,0,0,0,0,0,0,0,0,0,0,0,0,0,0,0,0,0,0,0,0,0,0,0,0,0,0,0,0,0,0,0,0,0,0,0,0,0,0,0,0,0,0,0,0,0,0,0,0,0,0,0,0,0,0,0,0,0,0,0,0,0,0,0,0,0,0,0,0,0,0,0,0,0,0,0,0,0,0,0,0,0,0,0,0,0,0,0,0,0,0.000102511532547412,8.16459830176355e-06,0,0,0,0,0,0,0,0,0,0,0,0,0,8.20546483958316e-05,0,0,0,0,0,0,0,0,0,0,0,0,0,0,0,0,0,0,0,0,0,0,0,0,0,0,0,0,0,0,0,0,0,0,0,0,0,0,0,0,0,0,0,0,0,0,0,0,0,0,0,0,0,0,0,0,0,0,0,0,0,0,0,0,0,0,0,0,0,0,0,0,0,0,0,0,0,0,0,0,0,0,0,0,0,0,0,0,0,0,0,0,0,0,0,0,0,0,0.000174703004891684,0,0,0,0,0,0,0,0,0,0,0,0,0,0,0,0,0,0,0,0,0,0,0,0,0,0,0,0,0,0,0,0,0,0,0,0,0,0,0,0,0,0,0,0,0,0,0,0,0,0,0,0,0,0,0,0,0,0,0,0,0,0,0,0,0,0,0,0,0,0,0,0,0,0,0,0,0,0,0,0,0,0,0,0,0,0,0,0,0,0,0,0,0,0,0,0,0,0,0,0,0,0,0,0,0,0,0,0,0,0,0,0,0,0,0,0,0,0,0,0,0,0,0.994436014162873,0,0,0,0,0,0,0,0,0,0,0,0,0,0,0,0,0,0,0,0,0,0,0,0,0,0,0,0,0,0,0,0,0,0,0,0,0,0,0,0,0,0,0,0,0,0,0,0,0,0,0,0,1.05983848061555e-05,0,0,0,0,0,0,0,0,0,0,0,0,0,0,0,0,0,0,0,0,0,0,0,0,0,0,0,0,0,0,0,0,0,0,0,0,0,0,0,0,0,0,0,0,0,0,0,0,0,0,0,0,0,0,0,0,0,0,0,0,0,0,0,0,0,0,0,0,0,0,0,5.03068719187041e-05,0,0,0,0,0,0,0,0,0,0,0,0,0,0,0,0,0,0,0,0,0,0,0,0,0,0,0,0,0,0,0,0,0,0,0,0,0,0,0,0,0,0,0,0,0,0,0,0,0,0,0,0,0,0,0,0,0,0,0,0,0,0,0,0,0,0,0,0,0,0,0,0,0,0,0,0,0,0,0,0,0,0,0,0,0,0,0,0,0,0,0,0,0,0,0,0,0,0,0,0,0,0,0,0,0,0,0,0,0,0,0,0,0,0,0,0,0,0,0,0,0,0,0,0,0,0,0,0,0,0,0,0,0,0,0,0,0,0,0,0,0,0,0,0,0,0,0,0,0,0,0,0,0,0,0,0,0,0,0,0,0,0,7.92032156505554e-05,0,0,0,0,0,0,0,0,0,0,0,0,0,0,0,0,0,0,0,0,0,9.02527075812274e-08,0
0,0,0,8.66359686551065e-05,0,0.000193600132754377,1.28862658178913e-05,1.82360621776776e-05,0,0,0,0,0,0,0,0,0,0,0,3.37089067358823e-05,2.11455831105999e-06,0.00012531328320802,0.000180567638996044,0,0,0,0,3.6759300102926e-05,2.2265764161026e-05,0,0.00101537568900493,8.19571364176536e-05,1.48991328704669e-05,0,0,0,0,0,0,0.000579542161692263,0,0.000952063966313964,0,0,0,0,0,0,0,0,0,0,0.00822199383350463,0,0,0,0,0,0,0,1.13834927970949e-05,0,5.17836221349093e-05,0,5.34616412723871e-05,0,0,0,0,0,0,0,0,2.22694003592797e-05,7.81239827606411e-05,0,0,0,0,0,0,0,0,0,4.23599579789217e-06,1.78094390026714e-05,3.16210532972853e-05,0,0,0,0,6.89859071646792e-05,0,9.22869632359501e-06,0,8.04715633612972e-05,0,0,2.22275850681434e-05,0,0,0,0,0,0,7.17118331695913e-06,0,0.000146504047174303,0,0,0,0,0,0,1.5236638852875e-05,0,0,8.69746729752296e-05,2.28672978040861e-05,0,0.000177935943060498,0.000110180696342001,0,0,0.000235774913549198,0,0,0,0,5.50666857564511e-05,2.24769611148573e-05,0,0,0,0,0,0,0,8.15394651011089e-05,0,0,0,0,0,0,0,0,0,0,0,6.69792364367046e-05,0,0,0,0,0,0,0,0,0,0,0,2.67476228050232e-05,0,0,0,0,0,0,0,0,0,0,2.12172326363472e-05,0,0,0,0,0,0,0,0,0,0,0,0,0,0,0.000812925515699624,0,0,0,7.30657664964234e-06,1.38091029606717e-05,0,0,0,0,1.82575038340758e-05,0,0,0,0,0,4.20698359276399e-06,0,6.2605647029362e-05,0,0,3.27884977949735e-05,0,2.99578022956236e-05,0,0,0,0,0,0,0,0,0,0,0,0.000379614691088545,0,1.77550513120983e-05,8.98391878537418e-05,0,0,0,0.000469315849566758,4.15213419697725e-05,0,0,0,0,0,0,0,0,0,0,0,0,0,0,0,0,0,0,0,0,0,0,0,0,0,0,0,0,0,0,0,0,0.0003725782414307,0,0,0,9.38620503732322e-06,0,0,1.42188248709997e-06,0,0,0,9.35716290820623e-05,0.00465983224603914,0,7.31101038163474e-05,1.24125689673363e-05,0,0,0,0,0,0,0,0,0,0,0,0,0,0,0,1.12731945978851e-05,0,0,0,3.18025696476275e-05,0,0,0,0,0,0,0,0,0,0,0,0,0,0,0,0,0,0,0,0,0,0,0,0,0,5.62682871933378e-05,8.41443917762881e-05,2.14617605082145e-05,0,0,0,0,1.45331938146727e-05,0,0.000197277569540343,0,0,0,0.983335815585232,0,0,4.17377948253482e-06,1.20380402070543e-05,0,0.00198424874705943,0,0,2.58431321876211e-05,0,0,0,0,0,0,0,2.12089077412513e-05,0,0,0,0,0,0,1.67156993848623e-05,0,0,0,0,0,0,0,0,0,0,0,0,0.000410551164938931,0.00111461569473759,2.25326723749437e-05,9.62788234727772e-05,0,0,0,0,0,0,0,0,0,0,0,0,0,0,0,0,0,1.66946998501651e-05,0,0,0,0,0,0,3.42641768031523e-05,0,0,0,0,0,0.000116329311662844,4.66113545259625e-05,7.15191623675703e-06,0,0,0,0,0,0,0,0,0,0,0,0,1.78223468466328e-05,0,2.47839371762598e-05,0,0,0,0,0,4.02439935839576e-05,0,0,0,0,0,0.000222074172773706,0,0,0,0,0,0,0,0,0,0,0,7.5642965204236e-05,0,0,0,0,0,0,0,0,0,0,0,0,0,0,0,0,0,0,0,0,0,0,0,1.97513957653007e-05,0,0,0,3.48517059910083e-05,0.000161952062189592,0,0,0,0,0,0,0,0,0,0,0,0,0,0,0,0.000326519950368968,4.87745396902817e-05,0,0,0,9.36157199516943e-06,0,0,0,0,0,0,0.00021178117938032,0,0,0,0,2.73374922771584e-06,0,0,3.97413632082408e-05,0,0,0,0,0,0,0,0,0.0010931779015758,0,1.30874635186954e-05,0,0,0,0,0,0,0,2.6967189021118e-06,0,0,0,0,0,0,0,0,0,4.98843929194093e-06,0,0,3.41211528400173e-05,0,0,0,0,0,0,0.000124409056979348,0,0.000177200236266982,0,0,4.61562249746718e-06,0,0,0,0,0,0,0,0,0,0,0,0,0,0,2.83350334353395e-05,0,0,0,2.35913599003501e-06,0,0,0,0,7.35967311275902e-06,0,0,0,0,0,0,0,0,0,0,0.000207770621234157,0,7.97574214280639e-06,0,0,0,0,0.000314663310258024,0,0,0,0,0,0,0,0,0,0,0.000219514872132587,0,0.000656491055309371,0,0,0,0,0,1.19055650579603e-05,0,0,1.91982798341269e-05,0,0,0,0,0,0,0,0,0,0,1.57711293705742e-05,0,0,0,7.65081672468536e-06,0,0,0,1.64565711088438e-05,0,0,1.10206037374221e-06,1.21506682867558e-07,0,0
0,0.000263348475870696,0,0,0,0,0,0,0,0,0,0,0,0,0,0,0,0,0,0,0,0,0,0,0,0,0,0,0,0,0,0,0,0,0,0,0,0,0,0,0,0,0,0,0,0,0,0,0,0,0,0,0,0,0,0,0,0.00132902980823998,0,0,0,0,0,0,0,0,0,0,0,0,0,0.000284656988329063,0.000473484848484848,0,0,0,0,0,0,0,0,0,0,0,0,0,0,0,0,0,0,0,0.000666476244882415,0,0,0,0,0,0,0,0,0,0,0,0,0,0,0,0,0,0.000953288846520496,0,0,0,0,0,0,0,0,0,0,0,0,0,0,0,0,0,0,0,0,0,0,0,0,2.70160745643658e-05,0,0,0,0,0,0,0,0,0,0,0,0,0,0,0,0,0,0,0,0,0,0,0,0,0,0,0,0,0,0,0,0,0,0,0,0,0,0,0,0,0,1.05767501877373e-05,0,0,0,0,0,0,0,0,0,0,0,0,0,6.09087586794981e-05,0,0,0,0,0,0,0,0.000260688216892596,0,0,0,0,0,0,0,0,0,0,0,0,0,0,0,0,0,0,0.000720893908446474,0,0,0,0,0,0,0,0,0,0,0,0,0,0,0,3.23525129814458e-05,0,0,0,0,0,0,0,0,0,0,0,0,0,0,8.19014234467395e-06,0,0,0,0,0,0,0.000251952632905014,0,0,0,0,0,0,0,0,0,0,0,0,0,0,0,0,0,0.00247320692497939,0,0,0,0,0,3.03591487294696e-05,0.000240038406144983,0,0,0,0,0,0,0.000188821752265861,0,0,0,0,0,0,0,0,0,0,0,0,0,0,0,0,0,0,0,0,0,0,0,0.000979757510016271,0,0,0,0,0,0,1.08537329243647e-05,0,0,0,0,0,0,0,0,0,0,0,0,0,0,0,0,0,0,0,0.989052943238926,0,0,0,0,0,0,0,0,0,0,0,0,0,0,0,0,0,0,0,0,0,0.00479434771637648,1.67156993848623e-05,0.000500834724540901,0,0,0,0,0,0,0,0,0,0,0,0,0,0,0,0,0,0,0,0,0,0,0,0,0,0,0,0,0,2.13707178424123e-05,0,0.00634879502461778,0,0,0,0.00108239751048573,0,0,0,0,0.000123754718148629,0,0,8.14547824139125e-05,0,0,4.66113545259625e-05,0,0,0,0,0,0,0,0,0,0,0,0,0,0,0,0,0,0,0,0,0,0,0,0,0,0,0,0,0,0,0,0,0,0,0,0,0,0,0,0,0,0,0,0,0,0,0,0,0,0,0,0,0,0,0,0,0,0,0,0,0,0.000207684319833853,0,0,0,0,0,0,0,0,0,0,0,0,0,0,0,0,0,0,0,0,0,0,0,0,0,0,0,0,5.83294447036864e-05,0,0,0,0,0,0,0,0,0.000472813238770686,0,0,0,0,0,0,0,0,0,0,0,0,0,0,0,0,0,1.44684298859888e-05,0,0,0,0,0,0,0,0,0,0,0.00183448838157358,0,0,0,0,0,0,0,0,0,0,0,0,0,0,0,0,0,0,0,0,0.000118764845605701,0,0,0,0,0,0,0,0,0,0,0,0.000174246384387524,0,0,0,0,0,0,0,0,0,0,0,0,0,0,0,0,0,0,0,0,0,0,0,0,0,0,0,0,0,0,0,0,0,0,0,0,0,0,0,0,0,0,0,0,0,0,0.000317662007623888,0,0,0,0,0,0,0,0,0,0,0,0,0.000107723796186578,0,0,0,0,0,0,0,0,0,0,0,0,0,0,0,3.05343511450382e-06
0,0,0,0,0,0,0,0,0,0,0,0,0,0,0,0,0,0,7.63009308713566e-05,0,0,0,0,0,0,0,0,0,0,0,0,0,0,0,0,0,0,0,0,0,0,0,0,0,0,0,0,0.000639579896993974,0,0,0,0,0,0,0,0,0,0,0,0,0,0.00233893259621518,0,0,0,0,0,0,0,0,0,0,0,0,0,0,0,0,0,0,0,0,0,0,0,0,0,0,0,0,0,0,0,0,0,0,0,0,0,0,0,0,0,0,0,0,0,0,0,0,0,0,0,0,0,0,0,0,0,0,0,0,0,0,0,0,0,0,0,0,0,0,0,0,0,0,0,0,0,0,0,0,0,0,0,0.000159108989657916,0,0,0,0,0,0,0,0,0,0,3.05231670838166e-05,0,0,0,0,0,0,0,0,0,0,0,0,0,0.000190903450579869,0,0,0,0,0,0,0,0,0,0,0,0,0,0,0,0,0,0,0,0,0,0,0,0,0,0.00028169014084507,0,0,0,0,0,0,0,0,0,0,0,0,0,0,0,0,0,0,0,0,0,0,0,0,0,0,0,0,0,0,0,0,0,0,0,0,0,0,0,0,0,0,0,0,0,0,0,0,0,0,0,0,0,0,0,0,0,0,0,0,0,0,0,0,0,0,0,0,0,0,0,0,0,0,0,9.57982871266262e-06,0,0,0,0,0,0,0,0,0,0,0,0,0,0,0,0,4.93559054340852e-05,0,0,0,0,0,0,0,0,0,0,0,0,0,0,0,0,4.32002764817695e-05,0,0,0,7.55829333736442e-05,0,0,0,0,0,0,0,0,0,0,0,0,0,0,0,0,0,0,0,0,0,0,0,0,0,0,0,0,0,0.979880610214459,0,0,0,0,0,0,0,0,0,0,0,0,0,0,0,0,0,0,0,0,0,0,0,0,0,0,0,0,0,0,0,0,0,0,0,0,0,0,0,0,0,0,0,0,0,0,0,0,0,0,0,0,0,0,0,0,0,0,0,0,0,0,0,0,0,0,0,0,0,0,0,0,0,0,0,0,0,0,0,0,0,1.31151554364505e-05,0,0,0,0,0,0,0,0,0,0,0,0,0,0,0,0,4.54256382302171e-05,0,0,0,0,0,0,0,0,0,0,0,0,0,0,0,0,0,0,0,0,0,0,0,0,0,0,0,0,0,0,0,0,0,0,0,0,0,0,0,0,0,0,0,0,0,0,0,0,0,0,0,0,0,0,0,0,0,0,0,0,0,0,0,0,0,0.000201409869083585,0,8.30514428942431e-07,0,0,0,0,0,0,0,0,0,0,0,0,0,0,0,0,0,0,0,0,0,0,0,0,0,0,0,0,0,0,0,0,0,0,0,0,0,0,0,0,0,0,0,0,0,0,0,0,0,0,0,0,0,0,0,0,0,0,0,0,0,0,0,0,0,0,0,0,0,0,0,0,0,0,0,0,0,0,0,0,0,0,0,0,0,0,0,0,0,0,0,0,0,0,0,0,0,0,0,0,0,0,0,0,0,0,0,0,0,0,0,0,0,0,0,0,0,0,0,0,0,0,0,0,0,0,0,0,0,0,0,0,0,0,0,0,8.75216068967026e-05,0,0,0,0
0,0,0,2.16589921637766e-05,0,0.000248914456398484,0.000125999043552715,0.000164124559599098,0,0,0,0,0,0,0,0,0.00438579239271526,0,7.63009308713566e-05,7.58450401557351e-05,0.00932943126839666,0,2.46228598630969e-05,0,0,0,0,1.8379650051463e-05,0.000189258995368721,0.000369152292100141,0.000290107339715695,0,0,0,0,0,0,0,0,0.000289771080846132,0,3.87017872485351e-05,0,0,0.000201511335012594,0,0,0,0.000220409962530306,0,0,0,0,0,0,0,0,0,0,0,7.96844495796645e-05,0,9.06213387360912e-05,0,0.000374231488906709,0,0,0,0,0,0,0,0,9.89751127079096e-06,0.000143227301727842,1.28183764244421e-05,0,0,0,0,0,0,0,0,8.47199159578434e-06,0,0.000505936852756565,0,0,0,0,0.000108406425544496,0,0.00027686088970785,9.67202174270488e-06,2.01178908403243e-05,0,2.04294265459969e-05,5.0805908727185e-05,8.2060035121695e-06,0,1.63291966035271e-05,0,0,0,0.000114738933071346,0,0,0,0,0,0,0,0,3.601387365225e-05,0,0,3.47898691900918e-05,1.96005409749309e-05,0,0.000177935943060498,0,0,0,7.85916378497328e-05,0.000497250005879645,0,0,0,1.10133371512902e-05,3.37154416722859e-05,0,2.96577495699626e-05,0,0,0,0,0,0,0,0,0,0,0,0,0,0,0,3.50274965848191e-05,0,6.69792364367046e-05,0.000297000297000297,0,0,0,0.0064185164474484,0,0,0,0,0,0,0,0,0,0,0,0,0,0,4.77258626449673e-05,6.31911532385466e-05,0,5.30430815908681e-05,0,0,0,0,0,0,0,0,0.000114705207616426,0,0,0.000152687296416938,0,0,0.000127019611828066,0.000164609053497942,0,0,0.000135171668018383,0.000144995581087053,0,0,0,5.31575590048905e-05,7.30300153363032e-05,0,0,0,0,0,6.73117374842238e-05,0,2.08685490097873e-05,0,0.000153254095289991,0.000131153991179894,0,6.84749766757111e-05,0,0.000175736629371449,0,0,0,0,0,0,0,0,0,9.49036727721363e-05,0,1.77550513120983e-05,0.000319428223479971,0,0,0,0.00015410371179804,0,0,0,0,0,0,0,8.3904935707843e-05,0,2.75444153697838e-05,0,0,0,0,0,0,0,9.19286633572348e-05,0,0,0,0,0,0,0.000115366866635902,0,8.37233445801693e-06,0,5.50751776174478e-05,0,0,1.06152041569139e-05,0,0.00022354694485842,0,0,0,0.00114707587473514,0,6.60472898595394e-05,5.68752994839988e-06,0,0,0,0,0.00019970709625882,0,7.31101038163474e-05,0.0191525939165999,0,0,7.97448165869218e-05,0,0.00013308743844706,2.46309463209577e-05,0,0,0,0,0,0,0,0,0,0,0,0,0,6.36051392952551e-05,0,0,0,0,0,0,0,0,0,0,0,0,0,0,0,0,0,0,0,0,0,0.000293642636910879,0,0,0,0,0.00014024065296048,0,0,0,0,0,1.93775917528969e-05,0,0.000657591898467811,0,0,0,8.27417299640901e-05,0,0,0.951109738401415,8.82789615183981e-05,8.84642604387827e-05,6.13685179502915e-05,0,0,3.61803850626696e-05,0,0,0,0,0,0,7.94817788022096e-06,0.000106044538706257,0.000130327121073895,0,0,0,3.85104170678168e-05,0,0,0,0,0,0,0,0,0,0,0,0,0,0,6.84251941564884e-05,0.000154148979059454,0,0,0,0,0,1.36521566994546e-05,2.83575317604356e-05,0,0,4.95123038074962e-05,0,0,0,1.05983848061555e-05,5.00375281461096e-05,0,0,6.1012440436605e-06,0,8.34734992508254e-06,0,0,0,0,0,8.80443743646798e-05,3.42641768031523e-05,0,0,0,0,0,4.98554192840762e-05,4.66113545259625e-05,0.00991493987622417,0,0,0,0,0,0,0,0,0,0,4.37171847881684e-06,0,1.78223468466328e-05,0,3.5405624537514e-06,0,8.95575855274942e-05,0,0,0,9.77354129896113e-05,0.000304470810088788,0,0,0,0,0,0,0,0,0,0,0,0,0,0,0.000170502983802217,0,7.5642965204236e-05,0,0,0,0,0,0,5.62841222491135e-05,0.000280059746079164,0,0,0,0,0,3.80334186972286e-05,0.000202234693361646,0,0,0,0,0,0,0,0,1.31675971768672e-05,0,8.78580214373572e-05,0,0.000174258529955041,0.000215936082919456,0,0,0,0,0,0.000370357306620578,0,0,0,0,0,0,0,0,1.45169485374174e-05,0.000310193952850519,0.000341421777831972,1.10308311731289e-05,0,0,0.000109218339943643,0,0,0,0,0,0,2.49154328682729e-05,0,0,0,0,8.20124768314753e-05,6.35795273921797e-05,0,7.15344537748334e-05,0.000109904405596601,0,0,0,0,0,0,0,9.54740525393711e-05,0.000268288320515114,1.30874635186954e-05,0,0,0,0.000777000777000777,0,0,0,0.000153712977420373,0,0,0,0,0,0,0,0,0,8.97919072549367e-05,0,0,5.11817292600259e-05,0,0,9.65903602820439e-05,0,0,0,0.000124409056979348,0,7.08800945067927e-05,0.000221334596141572,0,0.000170778032406286,0,0.000100381449508131,0,0,0,0,0,0,0,1.8067500180675e-05,0,0,0,0,0,0,0,0,0.00301969406724481,0,0,0,0,6.0349319524624e-05,0,2.69302237901597e-05,0,0,0,0,0,0,0,0,2.77027494978877e-05,6.56997848332047e-05,0.000182717001817019,0,0.000252702821481937,0,0,0.000314663310258024,0,0,0,0,0,0,0,0,0,0,0.000219514872132587,0,0.000164122763827343,6.1353457267317e-05,0,0,0,0,2.38111301159205e-05,0,0,7.67931193365075e-05,0,0,3.24075574423956e-05,0,5.5972237770066e-05,0,0,0,0,0,0,0,0,0.000100886358723067,0.000145365517769022,0,0,3.76662021168406e-05,5.75979988809532e-05,0,0,1.19789171058936e-06,6.07533414337789e-08,0,0
0,0,0,4.33179843275533e-06,0,8.29714854661615e-05,0.00143896634966453,0.00156830134728027,0,0,0,0,0,0,0,0,1.96672304606065e-05,0,0,1.68544533679411e-05,1.48019081774199e-05,0,1.64152399087313e-05,0,0,0,0,1.8379650051463e-05,6.6797292483078e-05,3.3559299281831e-05,0,0,7.44956643523347e-06,0,0,0,0,0,0,0,0,7.74035744970703e-06,0,0,0,0,0,0,5.51024906325766e-05,0,0,0,0,0,0,0,0,0,0,0,0.00105297308373128,0,7.76754332023639e-05,0,0,0,0,0,0,0,0,0,0,9.89751127079096e-06,0.000195309956901603,0,0,0,0,0,0,0,0,0,0,0,3.16210532972853e-05,0,0,0,0,6.89859071646792e-05,0,2.7686088970785e-05,0,6.03536725209729e-05,0,4.08588530919937e-05,1.27014771817962e-05,0,0,3.26583932070542e-05,0,0,0,0.000437442182334507,0,0,0,0,0,0,0,0,1.1081191893e-05,4.10273241979158e-05,0,0,6.5335136583103e-06,0,0,0,0,0,0,1.00793920110739e-05,0,0,0,3.30400114538706e-05,1.12384805574286e-05,0,0,0,0,0,0,0,0,0,0,0,0,0,0,0,0,0,3.50274965848191e-05,0,0,0,0,0,0,0,0,0,0,0,0,0,1.33738114025116e-05,0,0,0,0,0,0,0,0,0.00018957345971564,0,1.06086163181736e-05,0,0,0,0,0,0,0,0,5.73526038082129e-05,0,0,0.000152687296416938,0.000262881177707676,0,6.35098059140331e-05,0,0,0,0.00306876219284978,0.00162602187361909,0,0,0,0,1.82575038340758e-05,0,0,0,0,0,0.00376945729911653,0,0,0,2.55423492149985e-05,3.27884977949735e-05,0,1.28390581266958e-05,0,4.39341573428622e-05,0,0,0,0,0,0,0,0,0,0,0,0,0.00010980345182124,0,0,0,4.20282850358291e-05,0,0,0,0,0,0,0,6.29287017808823e-05,0,0,0,0,0,0,0,0.0002002002002002,0,9.19286633572348e-05,0,0,0,0,0,0,0,0,0,0,5.50751776174478e-05,0,0,0,0,0.00014903129657228,0,0,0,0.000242572185834127,0,2.20157632865131e-05,4.26564746129991e-06,0,0,0,0,9.98535481294102e-05,0,9.13876297704343e-06,4.96502758693453e-05,0,0,7.97448165869218e-05,0,0.020438428047227,1.64206308806384e-05,0,0,0,0,0,0,0,0,0,0,0,0,0,0.00025442055718102,0,0,0,0,0,0.00010584810796507,0,0,0,0,0,0,0,0,0,0,0,0,0,0,0,0,0,0,0,0,2.8048130592096e-05,1.07308802541072e-05,0,0,0,0,2.42219896911212e-05,0,6.57591898467811e-05,0,0,0,1.6548345992818e-05,0,0,5.2867873445441e-05,0.960041731872718,8.84642604387827e-05,0,0,0,5.16862643752423e-06,0,0,0,0,0,0,0,0.000424178154825026,0,0,0,0,0,0,0,0,0,0,0,0,2.37665177298222e-05,0,0,0,0,0,0,0,1.18576137738042e-05,0,0,0,0,0,6.8260783497273e-06,0,0,0,4.95123038074962e-05,0,0,0,0,0,0,0,6.1012440436605e-06,0,8.34734992508254e-06,0,0,0,0,0,0.00174487941922729,0,0,0,0,0,1.46130465279401e-05,4.98554192840762e-05,0,2.97996509864876e-05,0,0,0,0,0,0,0,0,0,0,0,0,0,0,7.08112490750281e-06,0,0.000626903098692459,0,0,0,6.89897032867845e-05,1.96432780702444e-05,0,0,0,0,0,0,0,0,0,0,0,0,0,0,0,0,7.5642965204236e-05,0,0,0,0,0,0.000536826283014816,0,0,0,0,0,0,0,0.00408225360683587,0.000252793366702058,0,0,0,0,0,0,0,0,0,0.000128982329420869,5.85720142915715e-05,0,1.74258529955041e-05,0,0,0,0.00017940437746681,0,0,3.5272124440055e-05,0,0,0,0,0,0,0,0,0,8.16299875922419e-05,0,0,0,0,3.43257639822879e-05,0,0,0,0,0,0,1.07966875762516e-05,0,0,0,0,1.36687461385792e-05,0,0,1.58965452832963e-05,8.97178821196747e-06,0,0,0,0,0,0,0,3.10290670752956e-05,0.000536576641030227,0,0,0,0,0,0,0,0,1.61803134126708e-05,0,0,0,0,0,0,0,0,0,0.00258650577287137,0,0,1.70605764200086e-05,0,0,0,0,0,0,0,0,2.36266981689309e-05,1.02946323786778e-05,0,1.84624899898687e-05,0,1.67302415846885e-05,0,0,0,0,0,0,5.69735642661805e-05,0.000126472501264725,0,0,0,0,0,0,0.000107169649555246,0,4.48235838106652e-05,0,0,0,0,3.67983655637951e-05,0,5.38604475803194e-05,0,0.00033195020746888,0,0,0,0,0,0,1.38513747489438e-05,1.64249462083012e-05,4.78544528568383e-05,0,0.0019557000966863,0,0,0,0,0,0,0,0,0,0,0,0,0,0,0,0,0,0,0,0,0,0,0,0,5.75948395023806e-05,0,0,0,0,5.5972237770066e-05,0,0,0,0,0,0,0,0,0.000100886358723067,1.53016334493707e-05,0,0,0,0,0,0,9.5831336847149e-08,0,0,0
0,0,0,4.33179843275533e-06,0,0,0,0,0,0,0,0,0,0,0,0,0,0,0,0,2.11455831105999e-06,0,0,0,0,0,0,3.6759300102926e-05,0,0,0,0,2.23486993057004e-05,0,0,0,0,0,0,0,0,1.54807148994141e-05,0,0,0,0,0,0,0,0,0,0,0,0,0,0,0,0,0,0,0,0,6.47295276686366e-06,0,5.34616412723871e-05,0,0,0,0,0,0,0,0,2.47437781769774e-06,0,0,0,0,0,0,0,0,0,0,0,0,0,0,0,0,0,0,0,0,2.90160652281146e-05,0,0,0,0,0,0,0,0,0,0,0,0,0,0,0,0,0,0,0,0,0,0,0.000121764542165321,0,0,0,0,0,0,0,0,0,0,0,0,0,0,0,0,0,0,0,0,0,0,0,0,0,0.000171600171600172,0,0,0,0,0,0,0.000133958472873409,0,0,0,0,0,0,0,0,0,0,3.71774853148933e-05,4.01214342075348e-05,0,0,0,0,0,0,0,0,0,0,0,0,0,0,0,0,0,0,0,0,0,0,0,0,0,0,0,0,0,0,0,0,0,0,0,0,0,0,5.26094276094276e-05,0,0,0,0,0,0,0,0,0,0,0,0,0,0,0,0,0,0,0,0,0,0,0,0,0,0,0,0,0,1.38404473232575e-05,0,0,0,0,0,0,0,0,0.000137722076848919,0,0,0,0,0,0,0,0,0,0,0,0,0,0,0,0,0,0,0,0,0,0,0,0,0,0,0,2.4485752271278e-07,0,0,1.42188248709997e-06,0,0,0,0,0,0,0,0,0,0,0,0,0,0,0,0,0,0,0,0.00017825311942959,0,0,0,0,0,0,0,0,0,0,0,0,2.19271798357654e-05,0,0,0,0,0,0,0,0,0,0,0,0,0,0.000244498777506112,0,0,0,0,0,0,0,0,0.000461427850926611,0,0,0,0,0,0,0,0,0,0,0,0,0,0,4.0126800690181e-06,0.964260438782732,0,0,0,0,0,0,0,0,0,0,0,0,0,0,0,2.33399463181235e-05,0,0,0,0,0,0,0,0,0,0,0,0,0,0,0,0,0,0,0,0,0,0,0,0,0,0,0,0,0,0,0,0,0,0,0,0,4.17367496254127e-06,0,0,0,0,0,0,0,0,0,0,0,0,0,0,1.19198603945951e-06,0,0,0,0,0,0,0,0,0,0,0,0,0,0,0,0,0,0,0,0,0,0,0,0,0,0,0,0,0,0,0,0,0,0,0,0,0,0,0,0,0,0,0,0,0,0,0,0,0,0,0,0,0,0,0,0,0,0,0,0,0,0,0.00228457811018645,0,0,0,0,0,0,0,0,0,0,0,0,0,0,0,0,0,0,0,0,0,0,0,0,0,0,0,0,0,0,0,0,8.30514428942431e-07,0,0,0,0,0,0,0,0,0,0,0,0,0,0,0,0,7.16055394045283e-06,0,1.30874635186954e-05,0,0,0,0,0,0,6.58327847267939e-05,0,0,0,0,4.51161741484322e-05,0,0,0,0,0,0,0,0,0,0,0,0,0,0,0,0,0,0,0,0,0,0,0,0,0,0,0,0,0,0,0,0.000127534753220253,0,0,0,0,0,0,0,0,0,0,0,0,0,0,0,0,0,0,0,0,0,0,0,0,0,0,0,0,0,0,0,0,0,0,0,0,0,0,0,0,0,0,0,0,0,0,0,0,0,0,0,0,0,0,0,0,0,0,0,0,0,0,0,0,0,0,0,0,0,0,0,0,0,0,2.39578342117873e-07,0,0,0
0,0,0,3.89861858947979e-05,0,0,1.14544585047923e-05,3.64721243553552e-06,0,0,0,0,0,0,0,0,0,0,0,3.37089067358823e-05,2.11455831105999e-06,0,0.000402173377763916,0,0,0,0,0,0,0,0,0,0,0,0,0,0,0,0,0,0,0.000704372527923339,0,0,0,0,0,0,0,0,0,0,0.000293642636910879,0,0,0,0,0,0,0,1.13834927970949e-05,0,8.41483859692276e-05,0,0,0,0,0,0,0,0,0,0,4.94875563539548e-06,0.000169268629314722,0,0,0,0,0,0,0,0,0,0,0,0,0,0,0,0,4.92756479747709e-05,0,3.076232107865e-06,9.67202174270488e-06,0.000160943126722594,0,0,0,0,0,0,0,0,0,2.86847332678365e-05,0,0,0,0,0,0,0,0,2.77029797325e-06,0,0,0,9.80027048746545e-06,0,0,0,0,0,0,0,0,0,0,1.10133371512902e-05,0,0,0,0,0,0,0,0,8.15394651011089e-05,0,0,0,0,0,0,0,0,0,0,0,0,0,0,0,0,0,0,0,0,3.35502918875394e-05,0,3.71774853148933e-05,1.33738114025116e-05,0,0,0,0,0,0,0,0,0,0,0,0,0,0,0,0,0,0,0,0,0,0,0,0,0,0.00685905903871558,0,0,0,1.09598649744635e-05,0,0,0,0,0,0,0,0,0,0,0,4.20698359276399e-06,0,0,0,0,0,0,0,0,0,0,0,0,0,0,0,0,0,0,0,0,0,1.99642639674982e-05,0,0,0,0,4.15213419697725e-05,0,0,0,0,0,0,0,0,0,0,0,2.39097169089518e-05,0,0,0,0,0,0,0,0,0,0,0,0,0,0,0,0,0,0,0,0,0,0,0,0,6.85601063595783e-06,0,0,4.26564746129991e-06,0,0,0,0,0.000133138064172547,0,3.65550519081737e-05,0,0,0,0,0,0,0,0,0,0,0,0,0,0,0,0,0,0,0,0,0,0,3.03665239440041e-05,0,0,1.09635899178827e-05,5.29240539825351e-05,0,0,0,0,0,0,0,3.60706985691956e-05,0,0,0,0,0.000122249388753056,0,0,0,0,0,0,0.000112536574386676,0,1.07308802541072e-05,0,0,0,0,1.45331938146727e-05,0,0,0,0,0,0.000860513991626537,0,0,4.17377948253482e-06,1.20380402070543e-05,0,0.956162422010842,0,0,5.16862643752423e-06,0,0,0,0,0,0,0,0,0,0,0,0,0,0,0,0,0,0,0,0,0,0,0,0,0,0,0.00012809017548354,0,4.74304550952166e-05,0,0,0,0,0,6.8260783497273e-06,0,0,0,0,0,0,0,0,0,0,0,0,0,3.33893997003301e-05,0,0,0,0,0,0,0,0,0,0,0,0,0,0,4.76794415783802e-06,0,0,0,0,0,0,0,0,0,0,0,0,0,0,4.60273118987682e-05,0,0,0,0,0,1.72474258216961e-05,0,0,0,0,0,0.000444148345547413,0,0,0,0,0,0,0,0,0,0,0,0,0,0,0,0,0,0,0,0,0,0,0,0,0,0,5.05586733404116e-05,0,0,0,0,0,0,0,0,6.58379858843358e-06,0,0,0,0,0,0,0,0,0,0,0,0,0,0,0,0,0,0,0,0,0.0020570756873245,2.43872698451408e-05,0,0,0,6.24104799677962e-06,0,0,0,0,0,0,0.000155306198212235,0,0,0,0,2.73374922771584e-06,0,0,5.1663772170713e-05,2.24294705299187e-06,0,0,0,0,0,0,0,0.00190470734816045,4.47147200858523e-05,0,0,0,0,0,0,0,3.2916392363397e-05,8.0901567063354e-06,0,0,0,2.25580870742161e-05,0,0,0,0,0,1.24710982298523e-05,0,0,3.41211528400173e-05,0,0,0,0,0,0,0,0,0.000283520378027171,0,0,2.30781124873359e-06,0,5.01907247540654e-05,0,0,0,0,0,0,0,0,0,0,0,0,0,0,0,0,0,0,0,0,0,5.88773849020722e-06,0,0,0,0,0,0,0,0,0,0,2.77027494978877e-05,0,5.80053974022283e-06,0,0,0,0,0.000104887770086008,0,5.8173356602676e-05,0,0,0,0,0,0,0,0,0,0,0,0,0,0,0,0,3.96852168598675e-06,0,0,0,0,0,0,0,0,0,0,0,0,0,0,0,0,0,0,0,0,1.88331010584203e-05,8.22828555442188e-06,0,0,3.83325347388596e-07,0,0,0
0,0,0,0,0,0,0,0,0,0,0,0,0,0,0,0,0,0,0,0,0,0,0,0,0,0,0,0,0,0,0,0,0,0,0,0,0,0,0,0,0,0,0,0,0,0,0,0,0,0,0,0,0,0,0,0,0,0,0,0,0,0,0,0,0,0,0,0,0,0,0,0,0,0,0,0,0,0,0,0,0,0,0,0,0,0,0,0,0,0,0,0,0,0,0,0,0,0,0,0,0,0,0,0,0,0,0,0,0,0,0,0,0,0,0,0,0,0,0,0,0,0,0,0,0,0,0,0,0,0,0,0,0,0,0,0,0,0,0,0,0,0,0.000254795617515379,0,0,0,0,0,0,0,0,0,0,0,0,0,0,0,0,0,0,0,0,0,0,0,0,0,0,0,0,0,0,0,0,0,0,0,0,0,0,0,0,0,0,0,0,0,0,0,0,0,0,0,0,0,0,0,0,0,0,0,0,0,0,0,0,0,0,0,3.76789751318764e-05,0,0,0,0,0,0,0,0,0,0,0.00192901234567901,0,0,0,0,0,0,0,0,0,0,0,0,0,0,0,0,0,0,0,0,0,0,0,0,0,0,0,0,0,0,0,0,0,0,0,0,0,0,0,0,0,0,0,0,0,0,0,0,0,0,0,0,0,0,0,0,9.13876297704343e-06,0,0,0,0,0,0,0,0,0,0,0,0,0,0,0,0,0,0,0,0,0,0,0,0,0,5.48179495894136e-05,0,0,0,0,0,0,0,0,0,0,0,0,0,0,0,0,0,0,0,0,0,0,0,0,0,0,0,0,0,0,0,0,0,0,0,0,0,0,0,0,0.990887542796945,0,0,0.00016417665407979,0,0,0,0,0,0,0,0,0,0,4.66798926362469e-05,0,0,0,0,0,0,0,0,0,0,0,0,0,0,0,0,0,0,0,0,0,0,0,0,0,0,0,0,0,0,0,0,0,0,0,0,0,0,0,0,0,0,0,0,0,0,0,0,0,0,0,0,0,0,0,0,0,0,0,0,0,0,0,0,0,0,0,0,0,0,0,0,0,0,0,0,0,0.00296070339135116,0,0,0,0,0,0,0,0,0,0,0,0,0,0,0,0,0,0,0,0,0,0,0,0,0,0,0,0,0,0,0,0,0,0,0,0,6.58379858843358e-06,0,0,0,0,0,0,0,0,0,0,0,0,0,0,0,0,0,0,0,0.000101618639761922,0,0,0,0,0,0,0,0,0,0,0,0,0,0,0,0,0,0,0,0,0,0,0,0,0,0,0,0,0,0,0,0,0,0,0,0,0,0,0,0,0,0,0,0,0,0,0,0,0,0,0,0,0,0,0,0,0,0,0,0,0,0,0,0,0,0,0,0,0,0,0,0,0,0,0,0,0,0,0,0,0,0,0,0,0,0,0,0,0,0,0,0,0,0,0,0,0,0,0,1.38513747489438e-05,0,7.25067467527853e-07,0,0,0,0,0,0,0,0,0,0,0,0,0,0,0,0,0,0,0,0,0,0,0,3.96852168598675e-06,0,0,0,0,0,0,0,0,0,0,0,0,0,0,0,0,0,0,0,0,0,0,0,0,2.97077144226162e-06,0,0,0
0,0,0,0,0,0,0,0,0,0,0,0,0,0,0,0,0,0,0,0,0,0,0,0,0,0,0,0,0,0,0,0,0,0,0,0.000250563768479078,0,0,0,0,0,0,0,0,0,0,0,0,0,0,0,0,0,0,0,0,0,0,0,0,0,0,0,0,0,0,0,0,0,0,0,0,0,0,0,0,0,0,0,0,0,0,0,0,0,0,0,0,0,7.04374163555681e-05,0,0,0,0,0,0,0,0,0,0,0,0,0,0,0,0,0,0,0,0,0,0,0,0,0,0,0,0,0,0,0,0,0,0,0,0,0,0,0,0,0,0,0,0,0,0,0,0,0,0,0,0,0,0,0,0,0,0,0,0,0,0,0,0,0,0,0,0,0,0,0,0,0,0,0,0,0,0,0,0,0,0,0,0,0,6.0829100641747e-05,0,0,0,5.70320520132314e-05,0,0,0,0,0,0,0,0,0,0,0,0,0,0,0,0,0,0,0,0,0,0,0,0,0,0,0,0,0,0,0,0,0,0,0,0,0,0,0,0,0,0,0,0,0,0,0,0,0,0,0,0,0,0,0,0,0,0,0,0,0,0,0,0,0,0,0,0,0,0,0,0,0,0,0,0,0,0,0,0,0,0,0,0,0,0,0,0,0,0,0,0,0,0,0,0,0,0,0,0,0,0,0,0,0,0,0,0,0,0,0,0,0,0,0,0,0,0,0,0,0,0,0,0,0,0,0,0,0,0,7.55829333736442e-05,0,0,0,0,0,0,0,0,0,0,0,0,0,0,0,0,0,0,0,0,0.000459833540258426,0,0,0,0,0,0,0,0,0,0,0,0,0,0,0.98900561935011,0,0,0,0,0,0,0,0,0,0,0,0,0,0,0,0,0,0,0,0,0,0,0,0,0,0,0,0,0,0,0,0,0,0,0,0,0,0,0,0,0.000979431929480901,0,0,0,0,0,2.13707178424123e-05,0,0,0,0,0,0,0,0,0,0,0,0,0,0,0,0,0,0,0,0,0,0,0,0,0,0,0,0,4.37171847881684e-06,0,0,0,0,0,0,0,0,0,0,0,0,0,0,0,0,0,0,0,0,0,0,0,0,0,0,0,0,0,0,0,0,0,0,0,0,0,0,0,0,0,0,0,0,0,0,0,0,0,0,0,0,0,0,0,0,0,0,0,0,0,0,0,0,0,0,0,0,0,0,0,0,0,0,0,0,0,0,0,0,0,0,0,0,0,0,0,0,0,0,0,0,0,0,0,0,0,0,0,0,0,0,0,0,0,0,0,0,0,0,0,0,0,0,0,0,0,0,0,0,0,0,0,0,0,0,0,0,0,0,0,0,0,0,0,0,0,0,0,0,0,0,0,0,0,0,0,0,0,0,0,0,0,0,0,0,0,0,0,0,0,0,0,0,0,0,0,0,0,0,0,0,0,0,0,0,0.000238606537819136,0,0,0,0,0,0,0,0,0,0,0,0,0,0,0,0,0,0,0,0,0,0,0,0,0,0,0,0,0,0,0,0,0,0,0,0,0,0,0,0,0,0,0,0,0,0,0,0,0
0,0,0,0.000190599131041234,0,5.53143236441076e-05,4.2954219392971e-06,1.45888497421421e-05,0,0,0,0,0,0,0,0,0,0,0,2.52816800519117e-05,0,0,1.64152399087313e-05,0,0,0,0,5.51389501543891e-05,0,0,0,0.00012293570462648,0.000111743496528502,0,0,0,0,0,0,0.00144885540423066,0,6.96632170473633e-05,0,0,0,0,0,0,0,0,0,0,0,0,0,0,0,0.000189861401177141,0,0,5.69174639854747e-06,0,6.47295276686366e-06,0,0,0,0,0,0,0,0,0,0,0.000727467078403136,1.30206637934402e-05,1.28183764244421e-05,0,8.61808936958676e-05,0,0,0,0,0,0,5.50679453725982e-05,0,9.4863159891856e-05,0,0,0,0,0.000108406425544496,0,2.460985686292e-05,6.77041521989341e-05,2.01178908403243e-05,0,0.000102147132729984,0,0,0,8.16459830176355e-06,0,0.000121241513094083,0,7.17118331695913e-06,0,0,0,0,0,0,0,0,2.77029797325e-06,0,0,6.95797383801837e-05,0.00101596137386725,0,0.000177935943060498,0.000440722785368004,0,0,3.92958189248664e-05,3.35979733702463e-06,0,0,0,2.20266743025804e-05,2.24769611148573e-05,0,0,0,1.29428057414286e-05,0,0,0,0.00036692759295499,0,0,0,0,8.58000858000858e-05,0,0,0,0,0,0,6.69792364367046e-05,0,0,0,0,0,0,0.000362056480811006,0,0,0,7.43549706297866e-05,2.67476228050232e-05,0,0,0,0,0,0,0,0,0,0,0,0.000108260257659413,0,0,0,0,0,0,0,0,0,0,5.08957654723127e-05,0,0,7.62117670968397e-05,0,0,0,1.46131532992847e-05,0,0,1.92722787542399e-05,0,0,5.47725115022274e-05,0,0,0,0,0,0,2.68716074595582e-05,4.17370980195747e-05,0,0,0,0,0,0,1.46447191142874e-05,0,0,0,0,0,0.000858860578299456,0,0,0,0,0,0,9.98213198374909e-06,0,0,0,0,0.000290649393788407,0,0,8.08812824536146e-06,0,0,0,0,0,0,0,0,0,0,0,0,0,0,8.19014234467395e-06,0,0,0,0,0,0.000115366866635902,0,4.18616722900846e-06,0,0.000110150355234896,0,0,1.32690051961424e-05,0,0,0,0,0,6.85601063595783e-06,0,2.20157632865131e-05,2.70157672548995e-05,0,0,0,0,9.98535481294102e-05,0,0.000246746600380173,1.86188534510045e-05,0,0,0,0,0,0,0,0,0,0,0,0,0,0,0,0,0,0,0,6.36051392952551e-05,0,0,0,0,1.09635899178827e-05,0,0,0,0,0,0,0,0,3.60706985691956e-05,0,0,0,0,0.000122249388753056,4.34149316974587e-06,0,0,0,0,5.58784085829236e-05,0,0.000701203264802401,4.2923521016429e-05,0,0,0.000573805766747956,0,0.000111421152579157,7.2576840730123e-05,0,0,3.3277427255544e-05,0,6.61933839712721e-05,0,0,6.95629913755803e-06,1.20380402070543e-05,0,6.13685179502915e-05,0,0,0.965514924408838,0,0,0,6.81663258350375e-05,0,0,3.17927115208838e-05,0,0,0,0,0,0,0,0,0,0,0,0,0,2.37665177298222e-05,0,0,0,0,0,0.000256180350967081,3.42125970782442e-05,1.18576137738042e-05,0,9.62788234727772e-05,0,0,0,2.73043133989092e-05,2.83575317604356e-05,0,0,4.95123038074962e-05,0,0,0,0,0.000100075056292219,0,0,6.1012440436605e-06,0,0.0175127401428232,0,0,0,0,0,0,3.42641768031523e-05,3.09386795371574e-05,0,0,0,0,0.00656429687240336,0,7.15191623675703e-06,0,0,0,0,0,0,0,0,0,0,0,0,0,8.01956774529853e-05,0.000789545427186563,0,0,0,0,0,3.44948516433922e-05,0,0,0,0,0,0.000222074172773706,0,0,4.71253534401508e-05,0,3.68663594470046e-05,0,0,3.33150100777905e-05,6.52656311186529e-05,0,7.74713356058258e-05,0,2.7680894646515e-05,0.000148720999405116,0,0,0,0,0,0,0,0,0,0,0,0,5.05586733404116e-05,0,0,0,0,0,0,0,0,2.63351943537343e-05,0,0,0,1.74258529955041e-05,0,0,0,0,0,0,3.5272124440055e-05,0,0.000128139415684264,0,0,0,0,0,0,0,0.000114281982629139,2.43872698451408e-05,1.10308311731289e-05,0,0,4.05668119790675e-05,0,0,0.000157952930026852,0,0,0,0.000178560602222623,0,0,0,0,0,0,0,5.96120448123612e-05,2.24294705299187e-06,0.000907778007014648,0,0,0,0,0,0,5.48975802101384e-05,0,7.85247811121726e-05,0,0,4.63821892393321e-05,0,0,3.66099212886692e-05,0,2.6967189021118e-06,0,0,0,0,0,0,0,0,0,4.98843929194093e-06,0,0,5.68685880666955e-06,0,0,0,0,0,0,0,0,1.18133490844654e-05,0,0,4.61562249746718e-06,0,0.000384795556447835,0,0.000161995788109509,0.000454184171681617,0,0,0,2.84867821330902e-05,0,0,0,0,0,0,2.44176393026322e-05,0,0,2.35913599003501e-06,0,0,0,0,1.4719346225518e-05,0,0,8.93974611121044e-05,0,0,0,0,0,0,0,1.38513747489438e-05,1.64249462083012e-05,7.97574214280639e-06,0,3.29612375846005e-05,0,0,0.000104887770086008,0,5.8173356602676e-05,0,0,0,0,0,0,0,0,5.48787180331467e-05,1.59979522621104e-05,0,0,0,0,0,0,5.55593036038145e-05,0,0,0,0,0,3.24075574423956e-05,0,0,0,6.45994832041344e-05,0,0,0.000271812992661049,0,0,0,1.44123369604381e-05,7.65081672468536e-06,0,0,0,1.64565711088438e-05,0,0,2.87494010541447e-07,0,0,0
0,0,0,0,0,0,0,0,0,0,0,0,0,0,0,0,0,0,0,0,0,0,0,0,0,0,0,0,0,0,0,0,0,0,0,0,0,0,0,0,0,0,0,0,0,0,0,0,0,0,0,0,0,0,0,0,0,0,0,0,0,0,0,0,0,0,0,0,0,0,0,0,0,0,0,0,0,0,0,0,0,0,0,0,4.23599579789217e-06,0,0,0,0,0,0,0,0,0,0,0,0,0,0,0,0,0,0,0,0,0,0,0,0,0,0,0,0,0,0,0,0,0,0,0,0,0,0,0,0,0,0,0,0,0,0,0,0,0,0,0,0,0,0,0,0,0,0.000545990608961526,0,0,0,0,0,0,0,0,0,0,0,0,0,0,0,0,0,0,0,0,0,3.82160736805901e-05,0,0,0,0,0,0,0,0,0,0,0,0,0,0,0,0,0,0,0,0,0,0,0,0,0,0,0,0,0,0,0,0,0,0,0,0,0,0,0,0,0,0,0,0,0,0,0,0,0,0,0,0,0,0,0,0,0.000154320987654321,0,0,0,0,0,0,0,0,0,0,0,0,0,0,0,0,0,0,2.75444153697838e-05,0,0,0,0,0,0,0,0,0,0,0,0,0,0,0,0,0,0,0,0,0,0,0,0,0,0,0,0,0,0,0,0,5.66272258038943e-06,0,0,0,0,0,0,0,0,0,0,0,0,0,0,0,0,0,0,0,0,0,0,0,0,0,0,0,0,0,0,4.38543596715308e-05,0,0,0,0,0,0,0,0,0,0,0,0,0,0.000488997555012225,0,0,0,0,0,0,0,0,1.07308802541072e-05,0,0,0,0,0,0,0,0,0,0,0,0,0,0,0,0,0,0.000210692652093758,0,0,0.986291249384338,0,0,0,0,0,0,0,0,0,0,0.000980277745361186,0,0,0,0,0,0,0,0,0,0,0,0,0,0,0,0,0,2.25326723749437e-05,0,0,0,0,0,0,0,0,0,0,0,0,0,0,0,0,0,0,0,0,0,0,0,0,0,0,0,0,0,0,0,0,0,0,0,0,0,0,0,0,0,0,0,0,0,0,0,0,0,0,0,0,0,0,0,0,0,0,0,0.00197380226090077,0,0,0,0,0,0,0,0,0,0,0,0,0,0,0,0,0,0,0,0,0,0,0,0,0,0,0,0,0,0,0,0,0,0,0,0,1.31675971768672e-05,0,0,0,0,0,0,0,0,0,0,0,0,0,0,0,0,0,0,0,2.90338970748349e-05,0,0,0,0,0,0,0,0,0,0,0,0,8.30514428942431e-07,0,0,0,0,0,0,0,3.97413632082408e-06,0,0,0,0,0,0,0,0,0,0,1.30874635186954e-05,0,0,0,0,0,0,9.87491770901909e-05,0,0,0,0,0,0,0,0,0,0,0,0,0,0,0,0,0,0,0,0,0,0,0,0,0,0,0,0,0,0,0,0,0,0,0,0,0.000382604259660758,0,0,0,0,0,0,0,0,0,0,0,0,0,0,0,0,0,0,0,0,0,0,0,0,0,0,0,0,0,0,0,0,0,0,0,0,0,0,0,0,0,0,0,0,0,0,0,0,0,0,0,0,0,0,0,0,0,0,0,0,0,0,0,0,0,0,0,0,0,0,0,0,0,0,1.82079540009583e-06,0,0,0
0,0,0,0,0,2.76571618220538e-05,0,0,0,0,0,0,0,0,0,0,0,0,0,0,0,0,0,0,0,0,0,0,0,0,0,0,0,0,0,0,0,0,0,0,0,0,0,0,0,0,0,0,0,0,0,0,0,0,0,0,0,0,0,0,0,0,0,0,0,0,0,0,0,0,0,0,0,0,0,0,0,0,0,0,0,0,0,0,0,0,0,0,0,0,0,0,0,0,0,0,0,0,8.89103402725737e-05,0,0,0,0,0,0,0,0,0,0,0,0,0,0,0,5.54059594650001e-06,0,0,0,0,0,0,0,0,0,0,0,0,0,0,0.000231280080177094,0,0,0,0,0,0,0,0,0,0,0,0,0,0,0,0,0,0,0,0,0,0,0,0,0,0,0,0,0,0,0,0,0,0,0,0,0,0,0,0,0,0,0,3.18258489545209e-05,0,0,0,0,0,0,0,0,0,0,0,0,0,0,0,0,0,0,0,0,0,0,0,0,0,0,0,0,0,0,0,0,0,0,0,0,0,4.27968604223194e-06,0,0,0,0,0,0,0,0,0,0,0,0,0,0,0,0,0,0,0,0,0,0,0,0,0,0,0,0,0,0,0,0,0,0,0,0,0,0,0,0,0,0,0,0,0,0,0,0,0,0,0,0,0,0,0,0,8.16191742375933e-08,0,0,0,0,0,0,0.000935716290820623,0,0,0,0,0,0,0,0,0,0,0,0,0,0,0,0,0,0,0,0,0,0,0,0,0,0,0,0,0,0,0,0,0,0,0,0,0,0,0,0,0,0,0,0,0,0,0,0,0,0,0,0,0,0,0,0,0,0,0,0,0,0,0,0,0,0,0,0,0,0,0,0,0,0.986188260021018,0,0,0,0,0,0,0,0,0,0,0,0,0,0,0,0,0,0,0,0,0,0,0,0,0,0,0,0,0,0,0,0,0,0,0,0,0,0,0,0,0,0,0,0,0,0,0,0,0,0,0,0,0,0,0,0,0,0,0,0,0,0,0,0,0,0,0,0,0,0,0,0,0,0,5.94078228221092e-06,0,0,0,0,0,0,0,0,0,0,0,0,0,0,0,0,0,0,0,0,0,0,0,0,0,0,0,0,0,0,0,0,0,0,0,0,0,0,0,0,0,0,0,0,0,0,0,0,0,0,0,0,0,1.74258529955041e-05,0,0,0,0,0,0,0,0,0,0,0,0,0,0,0,0,0,0,0,0,0,0,0,0,0,0,0,0,0,0,0,0,0,0,6.35795273921797e-05,0,0,0,0,0,0,0,0,0,0,0,0,0,0,0,0,0,0,0,0,0,0,0,0,0,0,0,0,0,0,0,0,0,0,0,0,0,0,0,0,0,0,0,0,0,0,0,0,0,0,0,0,0,0,0,0,0,0,0,0,0,0,0,0,0,0,0,0,0,0,0,0,0,0,0,0,0,0,0,0.00155803687353934,0,0,7.25067467527853e-07,0,0,0,0,0,0,0,0,0,0,0,0,0,0,0,0.000439029744265174,0,0,0,0,0,0,0,0,0,0,0,0,0,0,0,0,0,0,0,0,0,0,0,0,0,0,0,0,0,0.00013165256887075,0,0,0,6.07533414337789e-08,0,0
0,0,0,0,0,0,0,0,0,0,0,0,0,0,0,0,0,0,0,0,0,0,0,0,0,0,0,0,0,0,0,0,0,0,0,0,0,0,0,0,0,0,0,0.000653082549634274,0,0,0,0,0,0,0,0,0,0,0,0,0,0,0,0,0,0,0,0,0,0,0,0,0,0,0,0,0,0,0,0,0,0,0,0,0,0,0,0,0.000444779558778678,0,0,0,0,0,0,0,0,3.076232107865e-06,0,0,0,0,0,0,0,0,0,0,0,0,2.49345468146116e-05,0,0,0,0,0,0,0,0,0,0,0,3.26675682915515e-06,0,0,0,0,0,0,0,0,0,0,0,0,0,0,0,0,0,0,0,0,0,0,0,0,0,0,0,0,0,0,0,0,0,0,0,0,0,0,0,0,0,0,0,0,0,0,0,0.00190104681019159,0,0,0,0,0,0,0,0,0,0,0,0,0,0,0,0,0,0,0,0,0,0,0,0,0,0,0,0,0,0,0,1.82575038340758e-05,0,0,0,0,0,0,0,0,0,0,0,0,0,0,0,0,0,0,0,0,0,0,0,0,0,0,0,0,0,0,0,7.00471417263819e-06,0,0,0,0,0,0,0,0,0,0,0,0,0,0,0,0,0,0,0,0,0,0,0,0,0,0,0,0,0,0,0,0,0,0,0,0,0,0,0,0,5.68752994839988e-06,0,0,0,0,0,0,0,0,0,0,0,0,0,0,0,0,0,0,0,0,0,0,0,0,0.000134021309388193,0,0,0,0,0,0,0,0,0,0,0,0,0,0,0,0,1.20235661897319e-05,0,0.00157421983516992,0,0,0,0,0,0,0,0,0,0,0,0,0,0,0,0,0,0,0,0,6.6554854511088e-06,0,0,0,0,0,0,0,0,0,0,0,0,0,0.970398094589997,0,0,0.000210172341319882,0,0,0,0,0,0,0,0,0,0,0,0,0,0,0,0,0,0,0,0,0,0,0,0,0,0,0,0,0,0,0,0,0,0,0,0,0,0,0.000133806114939453,0,0,0,0,0,0,0,0,0,0,0,0,0,0,0,0,0,0,0,0,0,0,0,0,0,0,0,0,0,0,0,0,4.00978387264926e-05,0,0,0,0,0,0,0,0,0,0,0,0,0,0,0,0,0,0,0,0,0,0,0,0,0,0,0,0,1.2903891813771e-05,0,0,0,0,0,0,0,0,0,0,0,0,0,0,0,0,0,0,0,0,0,0,0,0,0,0,0,0,0,0,0,0,0,0,0,0,0,0,0,0,0,0,0,0,0,0,0,0,0,0,0,0,0,0,0,0,0,0,0,0,0,0,0,0,0,0,0,0,0,0,0,0,0,0,0,0,0,0,0,0,0,0,0,0,0,0,0,0,0,0,0,0,0,0,0,0,0,0,0,0,0,0,0,0,0,0,0,0,0,0,0,0,0,2.84867821330902e-05,0,0,0,0,0,0,0,0,0,0,0,0,0,0,0,0,0,0,0,0,0,0,0,0,0,0,0,0,0,0,0,0,0,0,0,0,0,0,0,0,0,0,0,0,0,0,0,0,0,0,0,1.19055650579603e-05,0,0,0,0,0,0,0,0,0,0,0,0,0,0,0,0,0,0,0,0,0,0,0,0,0,0,0,0
0,0,0,0,0,0,0,0,0,0,0,0,0,0,0,0,0,0,0,0,0,0,0,0,0,0,0,0,0,0,0,0,0,0,0,0,0,0,0,0,0,0,0,0,0,0,0,0,0,0,0,0,0,0,0,0,0,0,0,0,0,0,0,0,0,0,0,0,0,0,0,0,0,0,0,0,0,0,0,0,0,0,0,0,0,0,0,0,0,0,0,0,0,0,0,0,0,0,0,0,0,0,0,0,0,0,0,0,0,0,0,0,0,0,0,0,0,0,3.26675682915515e-06,0,0,0,0,0,0,0,0,0,0,0,0,0.000347584289190129,0,0,0,0,0,0,0,0,0,0,0,0,0,0,0,0,0,0,0,0,0,0,0,0,0,0,0,0,0,0,0,0,0,0,0,0,0,0,0,0,0,0,0,0,0,0,0,0,0,0,0,0,0,0,0,0,0,0,0,0,0,0,0,3.85445575084798e-05,0,0,0,0,0,0,0,0,0,0,0,0,0,0,0,0,0.00692414217571934,0,0,0,0,0,0,0,0,0,0,0,0,0,0,0,0,0,0,0,0,0,0,0,0,0,0,0,0,0,0,0,0,0,0,0,0,0,0,0,0,0,0,0,0,0,0,0,0,0,0,0,0,0,0,0,0,0,0,8.53129492259983e-06,0,0.000617236761262447,0,0,0,0,0,0,0,0,0,0,0,0,0,0,0,0,0,0,0,0,0,0,0,0,0,0,0,0,0,0,0,0,0,0,0,0,0,0,0,0,0,0,0,0,0,0,0,0,0,0,0,0,0,0,0,0.000134553283100108,0,0,0,0,0,0,0,0,0,0,0,0,0,0,0,0,0,5.16862643752423e-06,0,0,0,0.979618268575324,0,0,0,0,0,0,0,0,0,0,0,0,0,0,0,0,0,0,0,0,0,0,0,0,0,0,0,0,0,8.41042893187553e-05,0,0,0,0,0,0,0,0,0,0,0,0,0,0,0,0,0,0,0,0,0,0,0,0,0,0,0,0,0,0,0,0,0,0,0,0,0,0,0,0,0,0,0,4.00978387264926e-05,0,0,0,0,0,0,0,0,0,3.28601472134595e-05,0,0,0,0,0,4.71253534401508e-05,0,0,0,0,0,0,0,0,0,0,0,0,1.2903891813771e-05,0.000131700250230475,0,0,0,0,0,0,0,0,0,0,0,0,0,0,0,0,0,0,0,0,0,0,0,0,0,0,0,0,0,0,0,0,0,0,2.27128191151086e-05,0,0,0,1.45169485374174e-05,0,0,0,0,0,0,0,0,0,0,0,0,0,0,0,0,0,0,0,6.17894216510133e-05,0,0,0,0,0,0,0,0,0,0,0,0,0,0,0,0,0,0,0,0,0,0,0,0,0,0,0,0,0,0,0,0,0,0,0,0,0,0,0,0,0,0,0,0,0,0,0,0,0,0,0,0,0,0,0,0,0,0,0,0,0,0,0,0,0,0,0,0,0,0,0,0,0,0,0,0,0,0,0,0,0,0,0,0,0,0,0,0,0,0,0,0,0,0,0,0,0,0,0.000207973379407436,0,0,0,0,0,0,0,0,0,0,0,0,0,0,0,0,0,0,0,0,0,0,0,0,0,0,0,0,0,0,0,5.2707235265932e-07,0,0,0
0,0,0,0,0,0,0,0,0,0,0,0,0,0,0,0,0,0,0,0,0,0,0,0,0,0,0,0,0,0,0,0,0,0,0,0,0,0,0,0,0,0,0,0,0,0,0,0,0,0,0,0,0,0,0,0,0,0,0,0,0,0,0,0,0,0,0,0,0,0,0,0,0,0,0,0,0,0,0,0,0,0,0,0,0,0,0,0,0,0,0,0,0,0,0,0,0,0,0,0,0,0,0,0,0,0,0,0,0,0,0,0,0,0,0,0,0,0,0,0,0,0,0,0,0,0,0,0,0,0,0,0,0,0,0,0,0,0,0,0,0,0,0,0,0,0,0,0,0,0,0,0,0,0,0,0,0,0,0,0,0,0,0,0,0,0,0,0,0,0,0,0,0,0,0,0,0,0,0,0,0,0,0,0,0,0,0,0,0,0,0,0,0,0,0,0,0,0,0,0,0,0,0,0,0,0,0,0,0,0,0,0,0,0,0,0,0,0,0,0,0,0,0,0,0,0,0,0,0,0,0,0,0,0,0,0,0,0,0,0,0,0,0,0,0,0,0,0,0,0,0,0,0,0,0,0,0,0,0,0,0,0,0,0,0,0,0,0,0,0,0,0,0,0,0,0,0,0,0,0,0,0,0,0,0,0,0,0,0,0,0,0,0,0,0,0,0,0,0,0,0,0,0,0,0,0,0,0,0,0,0,0,0,0,0,0,0,0,0,0,0,0,0,0,0,0,0,0,0,0,0,0,0,0,0,0,0,0,0,0,0,0,0,0,0,0,0,0,0,0,0,0,1,0,0,0,0,0,0,0,0,0,0,0,0,0,0,0,0,0,0,0,0,0,0,0,0,0,0,0,0,0,0,0,0,0,0,0,0,0,0,0,0,0,0,0,0,0,0,0,0,0,0,0,0,0,0,0,0,0,0,0,0,0,0,0,0,0,0,0,0,0,0,0,0,0,0,0,0,0,0,0,0,0,0,0,0,0,0,0,0,0,0,0,0,0,0,0,0,0,0,0,0,0,0,0,0,0,0,0,0,0,0,0,0,0,0,0,0,0,0,0,0,0,0,0,0,0,0,0,0,0,0,0,0,0,0,0,0,0,0,0,0,0,0,0,0,0,0,0,0,0,0,0,0,0,0,0,0,0,0,0,0,0,0,0,0,0,0,0,0,0,0,0,0,0,0,0,0,0,0,0,0,0,0,0,0,0,0,0,0,0,0,0,0,0,0,0,0,0,0,0,0,0,0,0,0,0,0,0,0,0,0,0,0,0,0,0,0,0,0,0,0,0,0,0,0,0,0,0,0,0,0,0,0,0,0,0,0,0,0,0,0,0,0,0,0,0,0,0,0,0,0,0,0,0,0,0,0,0,0,0,0,0,0,0,0,0,0,0,0,0,0,0,0,0,0,0,0,0,0,0,0,0,0,0,0,0,0,0,0,0,0,0,0,0,0,0,0
0,0,0,0,0,0,0,0,0,0,0,0,0,0,0,0,0,0,0,0,0,0,0,0,0,0,0,0,0,0,0,0,0,0,0,0,0,0,0,0,0,0,0,0,0,0,0,0,0,0,0,0,0,0,0.000357206644043579,0,0,0,0,0,0,0,0,0,0,0,0,0,0,0,0,0,0,0,0,0,0,0,0,0,0,0,0,0,0.000139787861330442,0,0,0,0,0,0,0,0,0,0,0,0,0,0,0,0,0,0,0,0,0,0.000324149108589951,0,0,3.96055289318389e-05,0,0,0,0,0,0,0,0,0,0,0,0,0,0,0,0,0,0,0,0,0,0,0,0,3.88284172242859e-05,0,0,0,0,0,0,0,0,0,0,0,0,0,0,0,0,0,0,0,0,0,0,0,0,0,0,0,0,0,0,0,0,0,0,0,0,0,0,0,0,0,0,0,0,0,0,0,0,0.000208811860513677,0,0,0,0,0,0,0,0,0,0,0,0,0,0,0,0,0,0,0,0,0,0,0,0,0,0,0,0,0,0,0,0,0,0,0,0,0,0,0,0,0,0,0,0,0,0,0,0,0,0,0,0,0,0,0,0,0,0,0,0,6.8203519301596e-05,0,0,0,0,0,0,0,0,0,0,0,0,0,0,0,0,0,0,0,0,0,0,0,0,0,0,2.84376497419994e-06,0,0,0,0,0,0,0,0,0,0,0,0,0,0,0,0,0,0,0,0,0,0,0,0,0,0,0,0,0,0,0,0,0,0,0,0,0,0,0,0,0,0.000276542022363833,0,0.00101861283452171,0,0,0,0,0,0,0,0,0,0,0,0,0,0,0,0,0,0,0,0.000202675314146737,0,0,0,0,0,0,0,0,0,0,0,0,0,0,0.000453669048429171,0,0,0.977721731820092,1.58963557604419e-05,0,0,0,0,0,0,0,0,0,0,0,0,0,0,0,0,0,0,0,0,0,0,0,0,0,0,0,0,0,0,0,0,0,0,0,0,0,0,0,0,0,0,0,0,0,0,0,0,0,0,0,0,0,0,0,0,0,0,0,0,0,0,0,0,0,0,0,0,0,0,0,0,0,0,0,0,0,0,0,0,0,0,0,0,0,0,0,0,0,0,0,0,0,0,0,0,0,0,0,0,0,0,0,0,0,0,0,0,0,0,0,0,0,0,0,0,0,0,0,0,0,0,0,0,0,0,0,0,0,0,0,0,0,0,0,0,0,0,0,0,0,0,0,0,0,0,0,0,0,0,0,0,0,0,0,0,0,0,0,0,0,0,0,0,0,0,0,0,0,0,0,0,0,0,0,0,0,0,0,0,0,0,0,0,0,0,0,0,0,0,0,0,0,0,0,0,0,0,0,0,0,0,0,0,0,0,0,0,0,0,0,0,0,2.84867821330902e-05,0,0,0,0,0,0,0,0,0,0,0,0,0,0,0,0,0,0,0,0.000232601414216598,0,0,0,0,0,0,0,0,0,0,0,0,0,0,0,0,0,0,0,0,0,0,0,0,0,0,0,0,0,0,0,0,0,0,0,0,0,0,0,0,0,0,0,0,0,0,0,0,0,0,0,0,0,0,0,0,0,0,0,0
0,0,0,0,0,0,0,0,0,0,0,0,0,0,0,0.00012132977432662,0,0,0,0,0,0,0,0,0.000134977053900837,0,0,0,0,0,0,0,2.23486993057004e-05,0,0,0,0,0,0,0,0.00028820360476201,0,0,0.000653082549634274,0,0,0,0,0,0,0,0,0,0,0,0,0.000108295429932857,0,0.000309885342423303,0,0,0,0,0,0,0,5.71559213534522e-05,0,0,0,0,0,0,4.94875563539548e-06,0,1.28183764244421e-05,0,0,0,0,0,0,0,0,4.23599579789217e-05,1.78094390026714e-05,0,0,0,0,0,9.85512959495417e-06,0,0,0,2.01178908403243e-05,0,0,0,3.2824014048678e-05,0,0,0,0.000181862269641125,0,0,0.000324149108589951,0,0.000223588596981554,9.90138223295972e-05,0,0,0,4.9031625398382e-05,1.385148986625e-06,0,0.000158856235107228,0,9.80027048746545e-06,0,0.000711743772241993,0,0,0,0,0,0,0,0,1.10133371512902e-05,0,0,0,0,0.000491826618174288,0,0,0,0.000244618395303327,0,0,0,1.81996869653842e-05,0,0,0,0,0,0,0,0,0,0,0,0,0,0,0,0,0,0,0,0,0,0.00019108036840295,0,0,0,0,3.98612827360784e-05,0,0,0,0,0,0,0,1.05767501877373e-05,0,0,0,0,0,0.000208811860513677,0,0,0,0,0,0,0,0,0,0,0,1.92722787542399e-05,0,0,7.30300153363032e-05,0,0,5.26094276094276e-05,0,0,0,0,0,0,0,0,0,0,0,0,0,0,0.000792707094728498,0,0,0,0,7.71604938271605e-05,0,0,0,0,0,0,0.00156096578463708,0,0,0,0,0.000137741046831956,8.08812824536146e-06,0,0,0,0,0,0,0,8.74477499693933e-05,2.39097169089518e-05,0.000204610557904788,0,0,0.000111994624258036,0,4.09507117233698e-05,0,0,0,0,0,0,0,0,0,0,0,0,2.65380103922849e-06,0,0,0,0,0,3.26476696950373e-07,0,0,0.00130528812315777,9.57982871266262e-06,2.26508903215577e-05,0,0,0,0,9.13876297704343e-06,0,0,0,0,0,0,0,0,0,0,0,4.01364639775236e-05,0,0,0,0,0,0,0,0,0,0,0,0,0,0,0,0,0,0,0,0,0,0,0.000300589154743297,0,0.00064820816742291,0,0.00032017075773746,0,2.38782124336023e-05,0,0,0,0,0,0,0,0,0,0.000269106566200215,0,0,0,3.62884203650615e-05,0,0.00618159708147548,6.6554854511088e-06,0,0,0,0,1.39125982751161e-06,0,0,2.04561726500972e-05,0,0,0,0,0,0.000226834524214585,0.000136332651670075,0,0.000420344682639765,0.985295870921591,0,0,0,0,0,0,0,3.34313987697245e-05,0,0,0,0,0,0,0,0,0,0,0,0,0,0,0.000968904912122578,0,0.000585480093676815,0,0.000168208578637511,0,0,0,0,0,0,0,2.26244343891403e-05,0,0,0.000334515287348632,0,0,0,0,0,0,0,0,0,0,0,0,0,0,0,0,0,4.66113545259625e-05,0,0,0,0,0,0,0,0,0,0,0,0,0,0,0.000280684871085448,3.5405624537514e-06,0,0,0,0,0,0,0,0,0.000131440588853838,0,0,0,0,0,0.000141376060320452,0,0,0.000189717321191425,0,1.66575050388953e-05,0.000391593786711917,0,0,0,0,0,0,0.000270981728089192,0,0,0,0,0,0,0,0,0,0,0,0,0,0,0,0,2.47328848436882e-05,0,0,0,0,0,0,0,0,0,0,0,0,0,0,0,0,0,0,4.54256382302171e-05,0,0,0,1.45169485374174e-05,0,0,0,0,0.00526410600268209,0,0,0,0,0,0,0,0,7.98849656494648e-05,0,0,0,0,0,0.000247157686604053,0,0,0,0,0,0,0,0,0,2.38685131348428e-06,0,0,0,1.44684298859888e-05,4.63821892393321e-05,0,0,0.000109829763866008,0,0,0,0,0.000467508181393174,0,0,0,0,0.000144320969836917,0,0,0,0,0,0,0,0,0,0,0,0,0,0,0,0,0,0,0,0,0,0,0,0,0,0,0,0,0,0,0,0.000255015300918055,0,0,0.000105831304899989,0,0,0,0,0,0,0,0,0.000268192383336313,0,0.000604763676963156,0.000178762960314623,0,0.0066439107643545,0,0,0,0,7.25067467527853e-07,0,0,0,0,0,0,0,0,0.000179662234998203,0,0.000288641939673835,0,0,0,0,0,0.000127983618096884,0,0,0.000112007168458781,0,2.25275963054742e-05,0.000317662007623888,3.57166951738808e-05,0,0,0,0,0,0,0,0,0,6.45994832041344e-05,6.23208276205908e-05,0,0,4.73133881117227e-05,0,0,0,0,0,0,0,0,0,0,7.66650694777192e-07,0,9.02527075812274e-08,0
0,0,0,0,0.000130565347956652,0,5.72722925239613e-05,0.000127652435243743,0,0,0,0,0,0,0,0,0,0,0,3.37089067358823e-05,2.11455831105999e-06,0,8.20761995436563e-06,0,0,0,0,0,0,3.3559299281831e-05,0,0,0,0,0,0,0,0,0,0,0,7.74035744970703e-06,0,0,0.000100755667506297,0,0,0,0,0,0,0,0,0,0,0,0,0,0,0,0,0,0,0,0,0,0,0,0,0,0,0,0,4.94875563539548e-06,2.60413275868804e-05,0,0,0,0,0,0,0,0,0,0,0,1.58105266486427e-05,0,0,0,0,9.85512959495417e-06,0,0,0,8.04715633612972e-05,0,0,0,0,0,0.000391900718484651,0,0,0,7.17118331695913e-05,0,0,0,0,0,0,0,0,1.385148986625e-06,0,0,0,0,0,0,0,0,0,0,0,0,0,0,3.30400114538706e-05,0,0,0,0,0,0,0,0,0,0,0,0,0,0,0,0,0,0,0,0,0,0,0,0,0,0,0,0,0,0,0,0,0,0,0,0,0,0,0,0,0,0,0,1.06086163181736e-05,0,0,0,0,0,0,0,0,0,0,0,0,0.000525762355415352,0,0,0.000164609053497942,0,5.07572988995818e-06,1.09598649744635e-05,1.38091029606717e-05,0,0,0,0,0,0,0,0,0,0,0.00012620950778292,0,0,0,0,4.91827466924603e-05,0,0,0,0,0,0,0,0,0,0,0,0,0,0,0,0,0,0,0,0,0,0,0,0,0,0,0,0,2.09762339269608e-05,0,0,0,0,0,0,0,0,0,0,0,0,0,0,0,0,0,0,4.18616722900846e-06,0,0,0,0,0,0,0,0,0,0,8.89648999189767e-06,0,2.20157632865131e-05,0,0,0,0,0,0,0,9.13876297704343e-06,6.20628448366816e-06,0,0,0,0,0.000209137403273951,0,0,0,0,0,0,0,0,0,0,0,0,0,0,0,0,0,0,0,0,0.00021169621593014,0,0,0,0,0,0,0,0,0,0,0,0,0,0,0,0,0,0,0,5.62682871933378e-05,0,0,0,0,1.79314302108736e-05,0,4.84439793822424e-06,0,0,0,6.6554854511088e-06,0,0,0,0,5.56503931004643e-06,6.01902010352715e-05,0,0,0,0,1.03372528750485e-05,0,0,0,0,0,0,0,0.958197242841994,0,0,0,0,0,0,0,0,0,0,0,0,2.37665177298222e-05,0,0,0,0,0,0,0,0,0,0,0,0,0,1.36521566994546e-05,0,0,0,0,0,0,0,0,0,0,0,1.83037321309815e-05,0,4.17367496254127e-06,0,0,0,0,4.05794749015948e-05,9.60484083978325e-05,3.42641768031523e-05,0,0,0,0,0,0,0,3.57595811837852e-06,0,0,0,0,0,0,0,0,0,0,0,0,0,0,3.5405624537514e-06,0,0,0,0,0,0.000597910761818799,9.82163903512218e-06,0,0,0,0,0,0,0,0,0,0,0,0,0,0,8.52514919011083e-05,0,0,0,0,0,0,0,0.0119175434829289,0,0,0,0,0,0,0,0.00083673521133903,0,0,0,0,0,0,0,0,0,0,0,8.78580214373572e-05,0,0,0,0,0,0,0,0,0,0,0,0,0,0,0,0,0,0,1.63259975184484e-05,0,0,0,0,3.12052399838981e-06,0,0,0,0,0,0,3.32205771576973e-06,0,0,0,0,0,0,0,1.98706816041204e-05,0,0,0,0,0,0,0,0,0,0.00259345376497943,0,0,0,0,0.000155400155400155,0,0,0,0,0,0,0,0,0,0,0,0,0,5.98612715032911e-05,0,0,0,0,0,0,0,0,0,0,0,0,5.14731618933888e-06,0,0,0,0,0,0,0,0,0,0,0,5.4202500542025e-05,0,0,0,0,0,0,0,0,7.07740797010503e-06,0,0,0,0,0.000393006544221332,0,5.38604475803194e-05,0,0.00016597510373444,0,0,0,0,0,0,0,8.21247310415058e-06,5.07547227269497e-06,0,0.00837215434648853,0,0,0,0,0,0,0,0,0,0,0,0,0,0,0,0,0,0,0,0,0,0,0,0,0,0,0,0,0,0,0,0,0,0,0,0,0,0,1.44123369604381e-05,0,0,0,3.76662021168406e-05,0,0,0,4.79156684235745e-08,0,0,0
0,0,0,0,0,0,0,0,0,0,0,0,0,0,0,0,0,0,0,0,0,0,0,0,0,0,0,0,0,0,0,0,0,0,0,0,0,0,0,0,0,0,0,0,0,0,0,0,0,0,0,0,0,0,0,0,0,0,0,0,0,0,0,0,0,0,0,0,0,0,0,0,0,0,0,0,0,0,0,0,0,0,0,0,0,0,0,0,0,0,0,0,0,0,0,0,0,0,0,0,0,8.16459830176355e-06,0,0,0,0,0,0,0,0,0,0,0,0,0,4.10273241979158e-05,0,0,0,0,0,0,0,0,0,0,0,0,0,0,0,0,0,0,0,0,0,0,0,0,0,0,0,0,0,0,0,0,0,0,0,0,0,0,0,0,0,0,0,0,0,0,0,0,0,0,0,0,0,0,0,0,0,0,0,0,0,0,0,0,0,0,0,0,0,0,0,0,0,0,0,0,0,0,0,0,0,0,0,0,0,0,0,0,0,0,0,0,0,0,0,0,0,0,0,0,0,0,0,0,0,0,0,0,0.000170881749829118,0,0,0,0,0,0,0,0,0,0,0,0.00218507361364504,0,0,0,0,0,0,0,0,0,0,0,0,0,0,0,0,0,0,0,0,0,0,0,0,0,0,0,0,0,0,0,0,0,0,0,0,0,0,0,0,0,0,0,0,0,0,0,0,0,0,0,0,0,0,0,0,0,0,0,0,0,0,0,0,0,0,0,0,0,0,0,0,0,0,0,0,0,0,0,0,0,0,0,0,0,0,0,0,0,0,0,0,0,0,0,0,0,0,0,0,0,0,0,0,0,0,0,0,0,0,0,0,0,0,0,0,0,0,0,0.988140231982276,0,0,0,0,0,0,0,0,0,0,0,0,0,0,0,0,0,0,0,0,0,0,0,0,0,0,0,0,0,0,0,0,0,1.05983848061555e-05,0,0,0,6.1012440436605e-06,0,0,0,0,0,0,0,0,0,0,0,0,0,0,0,0,0,0,0,0,0,0,0,0,0,0,0,0,0,0,0,0,0,8.95575855274942e-05,0,0,0,0,0,0,0,0,0,0,0,0,0,0,0,0,0,0,0,0,0,0,0,0,0,0,0,0,0,0,0,0,0,5.03068719187041e-05,0,0,0,0,0,0,0,0,0,0,0,0,0,0,0,0,0,0,0,0,0.000174855744011191,0,0,0,0,0,0,0,0,0,0,0,0,0,0,0,0,0,0,0,0,0,0,0,0,0,0,0,0,0,0,0,0,0,0,0,0,0,0,0,0,0,0,0,0,0,0,0,0,0,0,0,0,0,0,0,0,0,0,0,0,0,0,0,0,0,0,0,0,0,0,0,0,0,0,0,0,0,0,0,0,0,0,0,0,0,0,0,0,0,0,0,0,0,0,0,0,0,0,0,2.94386924510361e-06,0,0,0,0,0,0,0,0,0,0,0,0,0,0,0,0,0,0,0,0,0,0,0,0,0,0,0,0,0,0,0,0,0,0,0,0,0,0,0,0,0,0,0,0,0,0,0,0,0,0,0,0,0,0,0,0,0,0,0,0,0,0,0,0,0
0,0,0,0,0,0,0,0,0,0,0,0,0,0,0,0,0,0,0,0,0,0,0,0,0,0,0,0,0,0,0,0,0,0,0,0,0.000525532101252518,0,0,0,0,0,0,0,0,0,0,0,0,0,0,0,0,0,0,0,0,0,0.000774713356058258,0,0,0,0,0,0,0,0,0.000196566636089634,0,0,0,0,0,0,0,0,0,0,0,0,0,5.76003686423593e-05,0,0,4.23599579789217e-06,0,0,0,0,0,0,0,0,0,0,0,0,0,0,0.000229768098340746,0,0,0,0,0,0,4.98690936292233e-05,0,0,1.98027644659194e-05,0,0,0,0,0,0,0,0,3.26675682915515e-06,0,0,0,0,0,0,0,0,0,0,0,0,0,0,0,1.29428057414286e-05,0,0,0,0,0,0.000150659133709981,0,0,0,0.000691682517724365,0,8.05996614814218e-05,0,0,0,0,0,0,0,0,0,0,0,0,0,0,0,0,0,0,0,0,7.24165399377218e-05,0,0,0,0,0,0,0,0,0,0,0,0,0,0,0,0,0,0,0,0,0,0,0,0,0,0,0,0,0,0,3.65150076681516e-05,0,0,0,0,0,0,0,0,0,0,0,0,0,0,0,0,0,0,0,0,0,0,0,0,0,0,0,0,0,0,0,0,0,0,0,0,0,0,0,0,0,0,0,1.74895499938787e-05,0,0,0,0,0,0,0,0,0,0,0,0,0,0,0,0,0,0,0,0,0,0,0,0,0,0,0,0,0,0,0,0,0,0,0,0,0,0,0,0,0,0,0,0,0,0,0,0,0,0,0,0,0,0,0,0,0,0,0,0,0,0,0,0,0,0,0,0,0,0,0,0,0,0,0,0,8.68298633949174e-06,0,0,0,0,0,0,0,0,0,0,0,0,0,0,0,0,0,0,0,0,0,0,0,0,0,0,0,0,0,0,0,0,0,0,0,0,0,0.97972693421597,0,0,0,0,1.67156993848623e-05,0,0,0,0,0,0,0,0,0,0,0,0,0,0,0,0,0,0,0,0,0,0,0,0,0,0,0,0,0,0,0,0,0,0,0,0,0,0,0,0,0,0,0,0,0,0,0,0,0,0.000161381424997983,0,0,0,0,0,0,0,0,2.43593491181916e-05,0,0,0,0,0,0,0,0,0,0,0,0,0,0,0,0,0,0,0,0,0,0,0.000284575981787137,0,0,0,0,0,0,0,0,0,1.2903891813771e-05,0,0,0,0,0,0,0,0,0,0,0,0,0,0,0,0,0,0,0,0,0,0,0,0,0,0,0,0,0,0,0,0,0,0,0,0,0,0,0,0,0,0,0,0,0,0,0,0,0.000157952930026852,0,0,0,0,0,0,0,0,0,0,0,0,0,0,0,0,0,0,0,0,0,0,0,0,1.44684298859888e-05,2.3191094619666e-05,0,0,0,0,0,0,0,0,0,0,0,0.000821162531526776,0,0,0,0.000908059023836549,0,0,0,0,0,0,0,0,0,0,0,0,0,0,0,0,0,0,0,0,0,0,2.84867821330902e-05,0,0,0,0,0,0,0,0,0,0,0,0,0,0,0,0,0,0,0,4.65202828433197e-05,8.93814801573114e-05,0,0,0,0,0,0,0,0,0,0,0,0,0,0,0,0,0,0,0,0,0,0,0,0,0,0,0,0,0,0,3.96852168598675e-06,0,0,0,0,0,0,0,0,0,0.00355297157622739,0,0,0,0,0,0,0,0,0,0,0,0,0,0,4.79156684235745e-08,0,0,0
0,0,0,0,0,0,0,0,0,0,0,0,0,0,0,0,0,0,0,0,0,0,0,0,0,0,0,0,0,0,0,0,0,0,0,0,0,0,0,0,0,0,0,0,0,0,0,0,0,0,0,0,0,0,0,0,0,0,0,0,0,0,0,0,0,0,0,0,0,0,0,0,0,0,0,0,0,0,0,0.000556379821958457,0,0,0,0,0,0,0,0,0,0,0,0,0,0,0,0,0,0,0,0,0,0,0,0,0,0,0,0,0.000894354387926216,0,0,0,0,0,0,0,0,0,0,0,0,0,0,0,0,0,0,0,0,0,0,0,0,0,0,2.70160745643658e-05,0,0.00036394516559505,0,0,0,0,0,0,0,0,0,0,0,0,0,0,0,0,0,0,0,0,0,0,0,0,0,0,0,0,0,0,0,7.97225654721569e-05,0,0,0.00184285474953929,0,0,0,0,2.11535003754746e-05,0,0,0,0,0,0,0,0,0,0,0,0,0,0,0,0,0,0,0,0,0,0,0,0,0,0,0,0,0,0,0,0,0,0,0,0,0,0,0,0,0,0,0,0,0,0,0,0,0,0,0,0,0,0,0,0,0,0,0,0,0,0,0,0,0,0,0,0,0,0,0,0,0,0,0,0,0,0,0,0,0,0,0,0,0,0,0,0.000190949016612564,0,0,0,0,0,1.42188248709997e-06,0,0,0,0,0,0,0,0,0,0,0,0,0,0,0,0,0,0,0,0,0,0,0,0,0,0,0,0,0,0,0,0,0,0,0,0,0,0,0,0,0,0,0,0,0,0,0,8.90006099797903e-05,0,0,0,0,0,0,0,0,0,0,0,0,0,0,0,0,0,0,0,0,0,0,0,0,0,0,0,0,0,0,0,0,0,0,0,0,0,0,0.983715366211314,0,0.00115531251203451,0,0,0,0,0,0,0.000273710140960723,0,0,0,0,0,0,0,0,0,0,0,0,0,0,0,0,0,0,0,0,0,0,0,0,0,0,0,0,0,0,0,0,0,0,0,0,0,0,0,0,0,0,0,0,0,0,0,0,0,0,0,0,0,0,0,0.00167441860465116,0,0,0,0,0,0,0,0,0,0,0,0,0,0,0,0,0,0,0,0,0,0,0,0,0,0,0,0,0,0,0,0,0,0,0,0,0,0,0,0,0,0,0,0,0,0.000684775165487332,0,0,0,0,0,0,0,0,0,0,0.000615889960993636,0,0,0,0,0,0,0,0,0,0,0,0,0,0,0,0,0,0,0,0,0,0,0,0,0,0,0,0.000239654896948394,0,0,0,0,0,0,0,0,0,0,0,0,0,0.000330833700926334,0,0,0,0,0.00452872912538919,0,0,0,0,0,0,0,0,0,0,0,0,0,0,0,0,0,0,0,0,0,0,0,0,0,0,0,0,0,0,0,0,0,0,0,0,0,0,0,0,0,0,0,0,0,0,0,0,0,0,0,0,0,0,0,0,0,0,0,0,0,0,0,0,0,0,0,0,0,0,0,0,0,0,0,0,0,0,0,0,0,0,0,0,0,0,0,0,0,0,0,0,0,0,0,0,0,0,0,0.00388048117966628,0,0,0,0,0,0.000271812992661049,0,0,0,0,0,0,0,0,0,0,0,2.87494010541447e-07,0,0,0
0,0,0,0,0,0,0,0,0,0,0,0,0,0,0,0,0,0,0,0,2.11455831105999e-06,0,0,0,0,0,0,0,0,0,0,0,0,0,0,0,0,0,0,0,0,0,0,0,0,0,0,0,0,0,0,0,0,0,0,0,0,0,0,0,0,0,0,0,0,0,0,0,0,0,0,0,0,2.47437781769774e-06,0,0,0,8.61808936958676e-05,0,0,0,0,0,0,0,1.78094390026714e-05,0,0,0,0,0,0,0,0,0,0,0,0,0,0,0,0,0,0,0,0,0,0,0,0,0,0,0,0,0,0,0,1.73949345950459e-05,0,0,0,0,0,0,0,0,0,0,0,0,0,0,0,0,0,0,0,0,0,0,0,0,0.000291194991446147,4.29000429000429e-05,0,0,0,0,0,0,6.69792364367046e-05,0,0,0,0,0,0,0,0,0,0,0,1.33738114025116e-05,0,0,0,0,0,0,0,0,0,0,0,0,0,0,0,0,0,0,0,0,0,0,0,0,0,0,0,0,0,0,0,0,0,0,0,0,0,0,0,0,0,0,0,2.08685490097873e-05,0,0,0,0,0,0,0,0,0,0,0,0,0,0,7.71604938271605e-05,0,0,0,0,0,0,0,0,0,0,0,0,0,0,0,0,0,0,0.000137722076848919,0,0,0,0,0,0,0,0,8.19014234467395e-06,0,0,0,0,0,0,0,0,0,0,8.73082855562993e-05,0,0,0,0,0,0,0,1.63238348475187e-07,0,0,1.42188248709997e-06,0,0,0,0,0,0,0,0,0,0,0,0,0,0,0,0,0,0,0,3.5650623885918e-05,0,0,0,0,0,0,0,0,0,0,0,0,0.00109635899178827,0,0,0,0,0,0,0,0,1.20235661897319e-05,0,0,0,0,0.000733496332518337,0,0,0,0,0,0,0,0,2.14617605082145e-05,0,0,0,0,0,0,0,0,0,0,0,0,0,0,0,0.000265392781316348,0,0.000158019489070319,0,0,0.00311935642751601,0,0,0,0,0,0,0,0,0,0,0.992134438090792,0,0,0,0,0,0,0,0,0,0,0,0,0,0,0,0,0,0,0,0,0,0,0,0,0,0,0,0,0,0,0,0,0,0,0,0,0,0,0,0,0,0,0,0,0,0,0,0,0,0,0,0,0,0,0,0,0,0,0,0,0,0,0,0,0,0,0,0,0,0,0,0,0,0,0,0,0,0.000986901130450386,0,0,0,0,0,0,0,0,0,6.52656311186529e-05,0,0,0,0,0,0,0,0,0,0,0,0,0,0,0,0,0,0,0,0,0,0,0,0,0,0,2.63351943537343e-05,0,2.92860071457857e-05,0,0,0,0,0,0,0,0,0,0,0,0,0,0,0,0,0,1.45169485374174e-05,0,0,0,0,0,0,0,0,0,0,0,0,2.49154328682729e-06,0,0,0,0,0,0,0,0,0,0,0,0,0,0,0,0,0,0,1.30874635186954e-05,0,0,0,0,0,0,0.00174456879526004,0,0,0,0,2.25580870742161e-05,0,0,0,0,0,0,0,0,0,0,0,0,0,0,0,0,0,0,0,0,0,0,0,0,0,0,0,0,0,0,0,0.00382604259660758,0,0,0,0,0,0,0,0,0,0,0,0,0,0,0,0,0,0,0,0,0,0,0,0,0,0,0,0,0,0,0,0,0,0,0,0,0,0,0,0,0,0,3.19959045242209e-05,0,0,0,0,0,0,3.96852168598675e-06,0,0,1.91982798341269e-05,0,0,0,0,0,0,0,0,0,0,0,0,0,0,0,0,0,0,0,0,0,1.10206037374221e-06,0,0,0
0,0,0,0,0,2.76571618220538e-05,0,0,0,0,0,0,0,0,0,0,0,0,0,0,0,0,0,0,0,0,0,0,0,0,0,4.09785682088268e-05,0,0,0,0,0.000175177367084173,0,0,0,0,0,0,0,0,0,0,0,0,0,0,0,0,0,0,0,5.41477149664284e-05,0,0,0,0,0,0,0,0,0,0,0,0,0,0,0.00199259891830344,0,0,0,0,0.000335946248600224,0,0,0.000741839762611276,0,0.000115200737284719,0,0,8.47199159578434e-06,0,0,0,0,0,0,0,0,0,0,0,0,0,0,1.6412007024339e-05,0,0,0,0,0.000143410296859315,0,0,0,0.000111794298490777,0,0,0,0,0,0,0,0,0,0,0,0,0,0,0,0,0,0,0,0,0,0,0,0,0,0,8.10482236930974e-05,0,0.00012131505519835,0,0,0,0.000367917586460633,0,0,0,0,8.05996614814218e-05,0,0,0,0,0,5e-04,0,8.11095790412848e-05,0,0,0,0,0,0,0,0,0,0,0,0,0,0,0.00239167696416471,0,0,0.000167532249958117,0,0.000433041030637653,0,0,0.000349032756195331,0,0,0,0,0,0,0,0,0,0,0,0,0,5.07572988995818e-06,0,0,0,0,0,0,5.47725115022274e-05,0.000260688216892596,0,0,0,0,0,0,0,0,0,0,0,0,0,0,0,0,0,0,0,0,0,0,0,0,0,0,0,0,0,0,0,0,0,0,0,0.000216076058772688,0,0,0,0,0,0,0,0,0,0,0,0,0,8.19014234467395e-06,0,0,0,0,0,0,0,4.18616722900846e-06,0,0,0,0,0,0,0,0,0,0,8.16191742375933e-08,0,0,0,0,0,3.74728321966574e-05,0,0,0,0,0,0,0,0,0,0,0,0,0,0,0,0,0,0,0,0,0,0,0,0,0,0,0,0,0,0,0,0,0,0,0,0,0,0,1.20235661897319e-05,0,0,0,0,0,0.000321270494561194,0,0,0,8.11293201362973e-05,0,0,0,0,0,0,0,0,0,0,0,0,0,0,0,0,0,0,0,0,0,0,0,0,0,0,0,0,0,0,7.94817788022096e-06,0,0,0,0.00324149108589951,0,0.978280124773751,0,0.000501470981545868,0,0,0,0,0.0042425071848912,0,0,0,0,0.000767312488010742,0,0,0,0,0,0,0,0,0,0,0,0,0,0,0,0,0,0,0,0,0,0,0.000129567245400363,0,0,0,0,0.000239865675221876,0,0,0,0,0,0,2.03636956034781e-05,0,0,9.32227090519251e-05,0,0,0,0,0,0,0,0,0,0,0,0,0.000837209302325581,0,0,0,0,0,0,0,0,0,0,0,0,0,0,0,0,0,0,0,0,0,0,0,0,0,0,0,0,0,0,0,0,0,0,0,0,0,0,0,0,0,0,0,0,0,0.000228258388495777,0,0,0,0,0,0,0,0,0,0,0.00307944980496818,0,0,0,0,0,0,0.000128139415684264,0,0,0,0,0,0,0,0,0,0,0,0,0,0,0,0,0,0,0,8.30514428942431e-07,0.00015976993129893,0,0,0,0,0,0,0,0,0,0,0,0,0,0.00562417291574768,0,0,0,0,0.000141522785168412,0.000130215868973899,0,0,0,0,0,0,0,0,0,0,0,0,0.000117308933075254,0,0,0,0,0,0,0,0,0,0,0,0,0,0,0,0,0,0,0,0,0,0,0,0,0,0,0,0,0,9.6515780330084e-05,8.7123192193762e-05,0,0,0,0,0,0,0,0,0,0,0,0.00165043736590196,0,0,0,0,0,0,0,0,0,0,0,7.25067467527853e-07,0,0,0,0,0,0,0,0,0,0,0,0.000329924117452986,0,0,0,0,0,0,0,0,0,0,0.000635324015247776,1.19055650579603e-05,0,0,0,0,0,0,0,0,0.000399954290938178,0.000193798449612403,6.23208276205908e-05,0,0.000271812992661049,3.15422587411485e-05,0,0,0,0,0,0,0,0,0,0,1.43747005270724e-07,0,0,3.81679389312977e-07
0,0.000131674237935348,0,0,0,0,0,0,0,0,0,0,0,0,0,0,0,0,0,0,0,0,0,0,0,0,0,0,0,0,0,0,0,0,0,0,0,0,0,0,0,0,0,0,0,0,0,0,0,0,0,0,0,0,0,0,0,0,0,0,0,0,0,0,0,0,0,0,0,0,0,0,0.00142045454545455,0,0,0,0,0,0,0,0,0,0,0,0,0,0,0,0,0,0,0,0,0,0,0,0,0,0,0,0,0,0,0,0,0,0,0,0,0,0.00166825548141087,0,0,0,0,0,0,0,0,0,0,0,0,0,0,0,0,0,0,0,0,0,0,0,0,0,0,0,0,0,0,0,0,0,0,0,0,0.000672494956287828,0,0,0,0,0,0,0,0,0,0,0,0,0,0,0,0,0,0,0,0,0,0,0,0,0,0,0,0,0,0,0,0,0,0,0,0,0,0,0,0,0,0,0,1.01514597799164e-05,0,0,0,0,0,0,0,0,0,0,0,0,0,0,0,0,0,0,0,0,0,0,0,0,0,0,0,0,0,0,0,0,0,0,0,0,0,0,0,0,0,0,0,0,0,0,0,0,0,0,0,0,0,0,0,0,0,0,0,0,0,0,0,0,0,0,0,0,0,0,0,0,0,0,0,0,0,0,0,0,0,0,0.00014989132878663,0,0,0,0,0,0,0,0,0,0,0,0,0,0,0,0,0,0,0,0,0,0,0,0,0,0,0,0,0,0,0,0,0,0,0,0,0,0,0,0,0,0,0,0,2.17074658487294e-06,0,0,0,0,0,0,0,0,0,0,0,0,0,0,0,0,0,0,0,0.00074019245003701,0,0,0,0,0,0,0,0,0,0,0,0,0,0,0,0,0,0,0,0,0,0.982588947766843,0,0,0,0,0,0,0,0,0,0,0,0,0,0,0,0,0,0,0,0,0,0,0,0,0,0,0,0,0,0,0,0,0,0.00116610520860327,0,0,0,0,0,0,0,0,0.000278448115834416,0,0,2.03636956034781e-05,0,0,0,0,0,0,0,0,0,0,0,0,0,0,0,0,0,0,0,0,0,0,0,0,0,0,0,0,0,0,0,0,0,0,0,0,0,0,0,0,0,0,0,0,0,0,0,0,0,0,0,0,0,0,0,0,0,0,0,0,0,0,0,0,0,0,0,0,0,0,0,0,0,0,0,0,0,0,0,0,0,0,0,0,0,0,0,0,0,0,0,0,0,0,0,0,0,0,0,0,0,0,0,0,0,0,0,0,0,0,0,0,0,0,0,0,0,0,0,0,1.44684298859888e-05,0,0,0,0,0,0,0,0,0,0,0,0,0,0,0,0,0,0,0,0,0,0,0,0,0.000531632110579479,0,0,0,0,0,0,0,0,0,0,0,0,0,0,0,0,0,0,0,0,0,0,0,0,0,0,0,0,0,0,0,0,0,0,0,0,0,0,0,0,0,0,0,0,0,0,0,0,0,0,0,0,0,0,0,0,0,0,0,0,0,0,0,0,0,0.000635324015247776,0,0,0,0,0,0,0,0,0,0,0,0,0.000323171388559733,0,0,0,0,0,0,0,0,0,0,0,0,0,0,0,0
0.0002465483234714,0,0,0,0,0,0,0,0,0,0,0,0,0,0,0,0,0,0,0,0,0,0,0,0,0,0,0,0,0,0,0,0,0,0,0,0,0,0,0,0,0,0,0,0,0,0,0,0,0,0.000220215811495265,0,0,0,0,0.000405295865982167,0,0,0,0,0,0,0,0,0,0,0.000114311842706904,0,0,0,0,0.0031312268716197,0,2.47437781769774e-06,0,7.69102585466525e-05,0.00828667413213886,0,0,0.00148367952522255,0,0.000230401474569437,0,0,2.11799789894608e-05,0,0,0,0,0,0,0,0,3.076232107865e-06,0,0,0,0,0,3.2824014048678e-05,0,0,0.000628009210801758,0,0.00315502653090492,0,0,0,0,0,0,0,0,4.9031625398382e-05,0,0,0,0,9.80027048746545e-06,0,0,0,0,0,0,0,0,0,0,0,0,0,0,0,1.29428057414286e-05,0.000567337565851682,0,0.00012131505519835,0,0,0,0.00147167034584253,0,0,0,0.000159108989657916,0.000161199322962844,0.000672494956287828,0,0,0,0,0,0,0,0,1.52615835419083e-05,0,0,0,0,0,0,0.000335570469798658,0,0,0,0.000144833079875444,0,0.00191334157133177,0,0,0,0,0.00119086283425355,0,0,0.000200958253567009,0,0,0,0.0157068062827225,0,0,0,0,0,0,0,0,0.00112296462661426,1.52271896698745e-05,0,0,0,0,0,0,0.000164317534506682,0.000260688216892596,0.00010972130787799,0,0.000885347498893316,0.000789265982636148,0,0,0,0,0,0,0,0,0,0,0,0,0,0,0,0,0,0,0,0,0,0,0,0,2.51768674941464e-05,0,0,0,0,0,2.42643847360844e-05,0,0,0.00047511580947856,0,0,0,0.00127504553734062,3.49790999877573e-05,0,0,0.000472813238770686,0,0,0,4.91408540680437e-05,0,0,0,0,0,0,0,4.18616722900846e-06,0,0,0,0,2.65380103922849e-06,0,0,0.000190949016612564,0,0,2.4485752271278e-07,0,0,4.26564746129991e-06,9.57982871266262e-06,2.83136129019471e-06,3.74728321966574e-05,0,3.32845160431367e-05,0,0,0,0,0,0,0,0,0,0.000494559841740851,0,0,0,0,0,0,0,0,0,0,0,0,0,0,0,0,0.000171526586620926,1.09635899178827e-05,0,0,0.000166444740346205,0,0,0,0,3.49913396434382e-05,7.21413971383913e-05,0,0,0,0,0,0.00399200296958133,0,0,0,0.000162258640272595,0,0,0,0,0,0,0,0,4.84439793822424e-06,0,0,0,6.6554854511088e-06,0,0,0,0,0,0,0,0,0,0,1.03372528750485e-05,0,0,0,0,0,0,0,0,0,0.000103434009102193,7.71783591880837e-05,0,0.00142488543150922,0,0.956472318801819,8.34724540901503e-05,0,0,0,0,0,0,0,0,0.000767312488010742,0,0,0,0,2.25326723749437e-05,0,0,0,0,0,0,0,0,0,0.000244857982370225,0,0,0,0,0,0,0,0,0,0,0.000369458128078818,0,0,0,0,0,0,0,1.76146271864156e-05,0.000122182173620869,0,1.66184730946921e-05,0.000605947608837513,1.19198603945951e-06,0.000484144274993948,0,0,0,0,0,0.000270416441319632,0.00122349102773246,0,0,1.74868739152674e-05,0.000418604651162791,0,0,0,0,0,0,0,0,0,0,0,0,0,0,0,0,0,0,0,0,0,0,0,0,0,0,0,0,0,0,1.2903891813771e-05,0,0,0,0,0.000685635927322592,0,0,0,0,0,0,0,0,0,0.000913033553983109,0.000641231163834562,2.47328848436882e-05,0,0,0,0,0,0.000542299349240781,0,0,0.00205296653664545,0,0,0,0,0,0,0.000256278831368529,0,0,0,0,0,0.000250218941573877,0,0,0,0,0,0,0,0.000233317778814746,0,0.000157952930026852,0,0,0,0,7.98849656494648e-05,0,0,0,0,0,0,0,0,0,0,9.12075884713608e-05,0,0,0.00926334362593736,0,0,0,0,0.000141522785168412,0.000101279009201921,0,0,0,0,0,0,0,0,0,0,0,0,0.000117308933075254,0,0,0,0,0.000634014899350135,0,0,0,0,0,0,0,0,0,0,0,0.000243842965130456,0,0,0,0,0,0,0,0,0,0,0,0,0,0.000261369576581286,0,2.83350334353395e-05,0,0,0,0,0,0,0,0,0,0.00148539362931177,0,0,0,0,8.93814801573114e-05,0,0,0.000552028705492686,0,0,0,1.45013493505571e-06,0,0,0,7.5041272699985e-05,0,0,0,0,0.000179662234998203,0,0,0,0.000462748727441,0,0,0,0,0,0,0.000112007168458781,0,0,0.000317662007623888,3.1748173487894e-05,0,0,0,0,0,0,0,0,0.00508513312764255,6.45994832041344e-05,0.000124641655241182,0.000215447592373155,0.000543625985322098,1.57711293705742e-05,0,0,0,0,0,4.50024751361325e-05,0,0,0,0,3.35409678965022e-07,0,2.70758122743682e-07,0
0,0,0,0,0,0,0,0,0,0,0,0,0,0,0,0,0,0,0,0,0,0,0,0,0,0,0,0,0,0,0,0,0,0,0,0,0,0,0,0,0,0,0,0,0,0,0,0,0,0,0,0,0,0,0,0,0,0,0,0,0,0,0,0,0,0,0,0,0,0,0,0,0,0,0,0,0,0,0,0,0,0,0,0,0,0,0,0,0,7.04374163555681e-05,0,0,9.52108921260592e-05,0,0,0,0,0,0,0,0,0,0,0,0,0,0,0,0,0,0,0,0,0,0,0,0,0,0,0,0,0,0,0,0,0,0,0,0,0,0,0,0,0,0,0,0,0,0,0,0,0,0,0,0,0,0,0,0,0,0,0,0,0,0,0,0,0,0,0,0,0,0,0.00100671140939597,0,0,0,0,0,0,0,0,0,0,0,0,0,0,0,5.70320520132314e-05,0,0,0,0,0,0,0,0,0,0,0,7.10602184594145e-05,0,0,0,0,0,0,0,0,0,0,0,0,0,0,0,0,0,0,0,0,0,0,0,0,0,0,0.000240297969482158,0,0,0,0,0,0,0,0,0,0,0,0,0,0,0,0,0,0,0,0,0,0,0,0,0,0,0,0,0,0,0,0,0,0,0,0,0,0,0,0,0,0,0,5.30760207845697e-06,0,0,0,0,0,0,0,0,0,0,0,0,0,0,0,0,0,0.000151795743647348,0,0,0,0,0,0,0,0.000490936555891239,0,0,0,0,0,0,0,0,0,0,0,0,0,0,0,0,0,0,0,0,0,0,0,0.000139965358573753,0,0,0,0,0,0,0,0,0,0,0,0,0,0,0,0,0,0,0,0,0,0,0,0,0,0,7.79149947407379e-05,0,0,0,0,0,0,0,0,0,0,0,0,0,0,0,0,0,0,0,0,0,0,1.67156993848623e-05,0.987228714524207,0,0,0,0,0,0,0,0,0,0,0,0,0,0,0,0,0,0,0,0,0,0,0,0,0,0,0,0,0,0,0,0.000129567245400363,0,0,0,0.00311189284264646,0,0,0,0,0,0,0,0,0,0,0,0,0,0,0,0,0,0,0,0,0,0,0,0,0,0,0,0,0,0,0,0,0,0,0,0,0,0,0,0,0,0,0,0,0,0,0,0,0,0,0,0,0,0,0,0,0,0,0,0.00102845389098389,0,0,0,0,0,0,0,0,0,0,0,0,0,0,0,0,0,0,0,0,0,0,0,0,0,0,0,0,0,0,0,0,0,0,0,0,0,0,0,0,0,0,0,0,0,0,0,0,0,0,0,0,0,0,0,0,0,0,0,0,0,0,0,0,0,0,0,0,0,0,0,0,0,0,0,0,0,0,0,0,0,0,0,0,0,0,0,0,0,0,0,0,0,0,0,0,0,0,0,0,0,0,0,0,0,0,0,0,0,0,0,0,0,0,0,0,0,0,0,0,0,0,0,0,0,0,0,0,0,0,0,0,0,0,0,0,0,0,0,0,0,0,0,0,0,0,0,0,0,0,0,0,0,0,0,0,0,0,0,0,0,0,0,0,0,0,0,0,0,0,0,0,0,0,1.57711293705742e-05,0,0,0,0,0,0,0,0,0,0,0,0,0,3.81679389312977e-07
0,0,0,0,0,0,0,0,0,0,0,0,0,0,0,0,0,0,0,0,0,0,0,0,0,6.45369474023879e-05,0.00158202816010125,0,0,0,0,0,0,0,0,0.000250563768479078,0,0.000360230547550432,0,0,0,0,0,0,0,0,0,0,0,0,0,0,0,0,0,0,0,0,0,0,0,0,0,0,0,0,0,0,0,0,0,0,0,2.47437781769774e-06,0,0,0,0,0,0,0,0,0,0,0,0,0,0,0,0,0,0,0,0,0,0,0,0,0,0,0,0,0.000837345614402345,0,0,0,0,0,0,0,0,0,0,0,0,0,0,0,0,0,0,0,0,0,0,0,0,0,0,0,0,0,0,0,0,2.70160745643658e-05,0,0,0,0,0,0,0,0,0,0,0,0,0,0,0,0,0,0,0,0,0.000137354251877175,0,0,0,0,0,0,0,0,0,0,0,0,0,0.000238629313224837,0,0,0,0,0.000395389154171356,0,0,0,5.70320520132314e-05,0,0,0,0,0,0,0,0,0,0,0,1.52271896698745e-05,0,0,0,0,0,0,0,0,0,0,0,0,0,0,0,0.000150647785477553,0,0,0,0,0,0,0,0,0,0,0,0,0,0,0,0,0,0,0,0,0,0,0,0,0,0,8.08812824536146e-05,0,0,0,0,0,0,0,0,0,0,0,0,0,0,0,0,0,0,0,0,0,0,0,0,0,0,0,2.65380103922849e-06,0,0,0,0,0,0,0,0,0,0,0,0,0,0,0,0,0,0,0,0,0,0,0,0,0,0,9.87118108681704e-05,0,0,0,0,0,0,0,0,0,0,0,0,0,0,0,0,0,0,0,0,3.77914666868221e-05,0,0,0,0,0,0,0,0,2.17074658487294e-06,0,0,0,0,0,0,0,0,0,0,0,0.000137950062077528,0,0,0,0,0,0,0,0,0,0,0,0,0,0,0,0,0,0,0,0,0,0,0,0,0,0,0,0,0,0,0,0,0.988277727682597,0,0,0,0,0,0,0,0,0,0,0,0,0,0,0,0,0,0,0,0,0,0,0,0,0,0,0,0,2.13707178424123e-05,0,0,0,0,0,0,0,0,0,0,0,0,0,0,0,0,0,0,0,0,0,0,0,0,0,0,0,0,8.74343695763368e-06,0,0,0,0,0,0,0,0,0,0,0,0,0,0,0,0,0,0,0,0,0,0,0,0,0,0,0,0,0,0,0,0,0,0,0,0,0,0,0,0,0,0,0,0,0,0,0,0,0,0,0,0,0,0,0,0,0,0,0,0,0,0,0,0,0,0.000116049669258443,0,0,0,0,0,0,0,0,0,0,0,0,0,0,0,0,0,0,0,0,0,0,0,0,0,0,0,0,0,0,0.00200656694636994,0,0,0,0,0,0,0,0,0,0,0,0,0,0,0,0,0.00117056856187291,0,0,0,0,0,0,0,0,0,0,0,0,0,0,0,0,0,0,0,0,0,0,0,0,0,0,0,0,0,0,0,0,0,0,0,0,0.000293599530240752,0,0,0,0,0,0,0,0,0,0,0,0,0,0,0,0,0,0,0,0,0,0,0,0,0,0,0,0,0,0,0,0,0,0,0,0,0,0,0,0,0,0,0,0,0,0,0,0,0,0,0.000188679245283019,0,0,0,0,0,0,0,0,0,1.57711293705742e-05,0.000104975855553223,0,0,0,0,0,0,0,0,0,0,0,0,3.81679389312977e-07
0,0,0,0,0,0,0,0,0,0,0,0,0,0.000245218244237371,0,0,0,0,0,0,0,0,0,0,0,0,0,0,0,0,0,0,0,0,0,0,0,0,0,0,0,0,0,0,0,0.000354484225451967,0,0,0,0,0,0,0,0,0,0,0,0,0,0,0,0,0,0,0,0,0,0,0,0,0,0,0,0,0,0,0,0,0,0,0,0,0,0,0,0,0,0,0,0,0,0,0,0,0,0,0,0,0,0,0,0,0,0,0,0,0,0,0,0,0,0,0,0,0,0,0,0,0,0,0,0,0,0,0,0,0,0,0,0,0,0,0,0,0,2.70160745643658e-05,0,0,0,0,0,0,0,0,0,0,0,0,0,0,0,0,0,0,0,0,0,0,0,0,0,0,0,0,0,0,0,0,0,0,0,0,0,0,0,0,0,1.05767501877373e-05,0,0,0,0,0,0,0,0,0,0,0,0,0,0,0,0,0,0,0,0,0,0,0,0,0,0,0,0,0,0,0,0,0,0,0,0,0,0,0,0,0,0,0,0,0,0,0,0,0,0,0,0,0,0,0,0,0,0.000648228176318064,0,0.00047511580947856,0,0,0,0,0,0,0,0,0,0,0,0,0,0,0,0,0,0,0,0,0,0,0,0,0,0,0,0,0,0,0,0,0,0,0,0,0,0,0,0,0,0,0,0,0,0,0,0,0,0,0,0,0,0,0,0,0,0,0,0,0,0,0,0,0,0,0,0,0,0.000166444740346205,0,0,0,0,0,0,0,0,0,0,0,4.34149316974587e-06,0,0,0,0,0,0,0,0,0,0,0,0,0,0,0,0,0,0,0,0,0,0,0,0,0,0,0,0,0,0,0,0,0,0,0,0,0,0,0,0,0,0,0,0,0,0.966847826086957,0,0,0,0,0,0,0,0,0,0,0,0,0,0,0,0,0,0,0,0,0,0,0,0,0,0,0,0,0,0,0,0,0,0,0,0,0,0,0,0,0,0.000733093041725212,0,0,0,0,0,0,0,0,0,0,0.000270416441319632,0,0.00115807759119861,0,0,0,0,0,0,0,0,0,0,0,0,0,0,0,0,0,0,0,0,0,0,0,0,0,0,0,0,0,0,0,0,0,0,0,0,0,0,0,0,0,0,0,0,0,0,0,0,0,0,0,0,0,0,0,0,0,0,0,0,0,0,0,0,0,0,0,0,0,0,0,0,0,0,0,0,0,0,0,0,0,0,0,0,0,0,0,0,0,0.0033096926713948,0,0,0,0,0,0,0,0,0,0,0,0,0,0,0,0,0,1.44684298859888e-05,0,0,0,0,0,0,0,0,0,0,0,0,0,0,0,0,0,0,0,0,0,0,0,0,0,0,0,0,0,0,0,0,0,0,0,0,0,0,0,0,0,0,0.000193031560660168,0,0,0,0,0,0,0,0,0,0,0,0,0,0,0,0,0,0,0,0,0,0,0,0,0,0,0,0,0,0,0,0,0,0,0,0,0,0,0,0,0,0,0,0,0,0,0,0,0,0,0,0,0,0,0,0,0,0,0,0,0,0,0,0,0,0,0,0,0,0,0,0,0,4.79156684235745e-08,0,0,0
0,0,0,0,0,0,0,0,0,0,0,0,0,0.000245218244237371,0,0,0,0,0,0,0,0,0,0,0,0,0,0,0,0,0,0,0,0,0,0,0,0,0,0,0,0,0,0,0,0.0010634526763559,0,0,0,0,0,0,0,0,0,0,0,0,0,0,0,0,0,0,0,0,0,0,0,0,0,0,0.000473484848484848,0,0,0,0,0,0,0,0,0,0,0,0,0,0,0,0,0,0,0,4.76054460630296e-05,0,0,0,0,0,0,0,0,0,0,0,0,0,0,0,0,0,0.000476644423260248,0,0,0,0,0,0,0,0,0,0,0,0,0,0,0,0,0,0,0,0,0,0,0,0,0,0,0,0,0,0,0,0,0,0,0,0,0.00941492938802959,0,0,0,0,0,0,0,0,0,0,0,0,0,0,0,0,0,0,0,0,0,0,0,0,0,0,0,0,0,2.11535003754746e-05,0,0,0,0,0,0,0,0,0,0,0,0,0,0,0,0,0,0,0,0,0,0,0.00032916392363397,0,0,0,0,0,0,0,0,0,0,0,0,0,0,0,0,0,0,0,0,0,0,0,0,0,0,0,0,0,0,0,0,0,0,0,0,0,0,0,0,0,0,0,0,0.00189125295508274,0,0,0,0,0,0,0,0,0,0,0,0,0,0,0,0,0,0,0,0,0,0,0,0,0,0,0,0,3.74728321966574e-05,0,0,0,0,0,0,0,0,0,0,0,0,0,0,0,0,0,0,0,0.00164654226125137,0,0,0,0,0,0,0,0,0,0,0,0,0.00066577896138482,0,0,0,0,0,0,0,0,0,0,0,2.17074658487294e-06,0,0,0,0,0,0,0,0,0,0,0,0,0,0,0,0,0,0,0,7.79149947407379e-05,0,0,0,0,0,0,0,5.16862643752423e-06,0,0,0,0,0,0,0,0,0,0,0,0,0,0.00100933636134242,0,0,0,0,0.959359393835027,0,0,0,0,0,0,0,0,0,0,0,0,0,0,0,0,0,0,0,0,0,0,0,0,0,0,0,0,0,0,0,0,0,0.000239865675221876,0,0,0,0.00513582080316812,0,0,0.000183273260431303,0,0,0,0,0,0,0,0,0,0,0,0,0,0,0,0,0,0,0,0,0,0,0,0,0,0,0,0,0,0,0,0,0,0,0,0,0,0,0,0,0,0,0,0,0,0,0,0,0,0,0,0,0,0,0,0,0,0,0,0,0,0,0,0,0,0,0,0,0,0,0,0,0,0,0,0,0,0,0,0,0,0,0,0,0,0,0,0,0,0,0,0,0,0,0,0,0,0,0,0,0,0,0,0,0,0,0,0,0,0,0,0,0,0,0,0,0,0,0,0,7.23421494299439e-05,0,0,0,0,0,0,0,0,0,0,0,0,0,0,0,0,0,0,0,0,0,0,0,0,0.00478468899521531,0,0,0,0,0,0,0,0,0,0,0,0,0,0,0,0,0,0,0,0,0,0,0,0,0,0,0,0,0.00240192153722978,0,0,0,0,0,0,0,0,0,0,0,0,0,0,0,0,0,0,0,0,0,0,0,0.000557724484104852,0,0,0,0,0,0,0,0,0,0,0,0,0.00190597204574333,0,0,0,0,0,0,0,0,0,0,0,0,0.000969514165679199,0,0,0,0,0,0,0,0,0,0,0,0,0,0,0,3.81679389312977e-07
0,0,0,0,0,0,0,0,0,0,0,0,0,0,0,0,0,0,0,0,0,0,0,0,0,0,0,0,0,0,0,0,0,0,0,0,0,0,0,0,0,0,0,0,0,0,0,0,0,0,0,0,0,0,0,0,0,0,0,0,0,0,0,0,0,0,0,0,0,0,0,0.00227725590663251,0,0,0,0,0,0,0,0,0,0,0,0,0,0,0,0,0,0,0,0,0,0,0,0,0,0,0,8.2060035121695e-06,0,0,0,0,0,0,0,0,0,0,0,0,0,0,0,0,0,0,0,0,0,0,0,0,0,0,0,0,0,0,0,0,0,0,0,0,0,0,0,0,0,0,0,0,0.000172920629431091,0,0,0,0,0,0,0,0,0,0,0,0,0,0,0,0,0,0,0,0,0,0,0,0,0.000438474110096863,0,0,0.00217791924945552,0,0,0,0,0.000909600516145409,0,0,0,0,0,0,0,0,0,0,0,0,0,0,0,0,0,0,0,0,0,0,0,0,0,0,0,0,0,0,0,0,0,0,0,0,0,0,0,0,0,0,0,0,0,0,0,0,0,0,0,0,0,0,0,0,8.08812824536146e-06,0,0,0,0,0,0,0,1.74895499938787e-05,0,0,0,0,0,0,0,0,0,0,0,0,0,0,0,0,0,0,0,0,0,0,0,0,0,0,0,0,0,0,0,0,0,0,0,0,0,0,0,0,0,0,0,0,0,0,0,0,0,0,0,0,0,0,0,0,0,0,0,0,0,0,0,0,0,0,0,0,0,0,0,0,0,0,0,0,3.03904521882211e-05,0,0,0,0.000162258640272595,0,0,0,0,0,0,0,0,0,0,0,0,0,0,0,0,0,0,0,0,0,0,0,0,0,0,0,0,0,0,0,0,0,0,0.000231535077564251,0,0.00173296876805176,0,0.000133725595078898,0,0,0,0,0.96961817435336,0,0,0,0,0.000191828122002686,0,0,0,0,0,0,0,0,0,0,0,0,0,0,0,0,0,0,0,0,0,0,0,4.17367496254127e-06,0,0.000123152709359606,0,0,0,0,0,0,0,0,2.03636956034781e-05,0,0,0,0,0,0,0,0,0,0,0,0,0,0,0,0,0,0,0,0,0,0,0,0,0,0,0,0,0,0,0,0,0,0,0,0,0,0,0,0,0,0,0,0,0,0,0,0,0,0,0,0,0,0,0,0,0,0,0,0,0,0.000228258388495777,0,0,0,0,0,0,0,0,0,0,0,0,0,0,0,0,0,0,0,0,0,0,0,0,0,0,0,0,0,0,0,0,0,0,0,0,0,0,0.00015976993129893,0,0,0,0,0,0,0,0,0,0,0,0,0,0.000110277900308778,0,0,0,0,0,0.000101279009201921,0,0,0,0,0,0,0,0,0,0,0,0,0,0,0,0,0,0,0,0,0,0,0,0,0,0,0,0,0,0,0,0,0,0,0,0,0,0,0,0,0,0,0,0.000174246384387524,0,0,0,0,0,0,0,0,0,0,0,0.000165043736590196,0,0,0,0,0,0,0,0,0,0,0,0,0,0,0,0.000525288908899895,0,0,0,0,0,0,0,0,0.000462748727441,0,0,0,0,0,0,0,0,0,0,0,0,0,0,0,0,0,0.00116414435389988,0,0,0,0,0,0.000271812992661049,0,0,0,0,0,0,0,0,0,0,0,0,0,0,0
0,0,0,8.66359686551065e-06,0,0,1.43180731309903e-06,3.64721243553552e-06,0,0,0,0,0,0,0,0,0,0,0,8.42722668397057e-06,0,0,0,0,0,0,0,0,0,3.3559299281831e-05,0,0,7.44956643523347e-06,0,0,0,0,0,0,0.000289771080846132,0,0,0,0,0.000403022670025189,0,0,0,0.000440819925060613,0.00238462617477907,0,0,0,0,0,0,0,0,0,0,0,0,0,0,0,0,0,0,0,0,0,0,0,9.89751127079096e-05,1.30206637934402e-05,0,0,0,0,0,0,0,0,0,0,0,0,0,0,0,0,0,0,0,0,2.01178908403243e-05,0,0.00700729330527692,0,0,0,3.26583932070542e-05,0,0,0,7.17118331695913e-06,0,0,0,0,0,0,0,0,0,0,0,0,9.80027048746545e-06,0,0,0.00132216835610401,0,0,0,0,0,0,0,0,0,0,2.96577495699626e-05,0,0,0,0,0,0,0,0,0,0,0,0,0,0,0,0,0,0,0.010989010989011,0,0,0,0,0,0.00120685493603669,0,3.35502918875394e-05,0,0,0,0,0,0,0,0,0,0,0,0,0,0,0,0,0,0,0,0,0,0,0,0,0,0,0.000262881177707676,0,0,0.000164609053497942,0,0,0,0,0,0,0,0,0,0,0,0,0,0,0,0,2.08685490097873e-05,0,0,0.000377067724642196,0,0,0,0,0,0,0,0,0,0.000858860578299456,0,0,0,0,0,0,0,0,0,0,0,0,0,0,0,0,0,0,2.09762339269608e-05,0,0,0,0,0,0,0,0,0,0,8.19014234467395e-06,0,0,0,0,0,0.000346100599907707,0,0,0,0,0,0,0,0,0,0,0,0,4.08095871187966e-07,0,0,0,0,0,0,0,0,0,0,6.20628448366816e-06,0,0,0,0,0,0,0,0,0,0,0,0,0,0,0,0,0,0,0,0,0,0,0,0,0,0,0,0,0,0,0,0,0,0,0,0,0,0,0,0,0,0,0,0,0.000335270451497541,0,0.000112192522368384,0,0,0,0.000215177162530483,0,0,0,0,0,0,0,0,0,0,0,0,0,0,0,0,2.06745057500969e-05,0,0,0,0,0,0,0,0,0,0,0,0,0,0,0,0,0,0,0,0,0.983791234908261,0,0,0,0,0,0,0,0,0,0,0,0,0,6.8260783497273e-06,0,0,0,0,0,0,0,1.05983848061555e-05,0,0,0,4.27087083056235e-05,0,8.34734992508254e-06,0,0,0,0,0,0,0,0,0,0,0,0,1.66184730946921e-05,0,0,0,0,0,0,0,0,0,0,0,0,0,0,0,0,0,0,0,0,0,0,6.32405613462191e-05,0,0,0,0,0,0,0,0,0,0,0,0,0,0,0,0.000170502983802217,0,0,2.7680894646515e-05,0,0,0,0,5.36826283014816e-05,0,0,0,0,0,0,0,0,0,0,0,0,0,0,0,0,0,0,0,0,0,0,0,0,0,0,0,0,0,0,0,0,0,0,0,0,0,0,0,0,0,0,0,0,0,0,0,0,0,0,5.81360100259702e-06,0,0,0,0,0,0,0,1.58965452832963e-05,2.24294705299187e-06,0,0,0,0,0,0,0,0,0.000134144160257557,0,0,0,0,0,0,0,0,0,0,0,0,0,0,0,0,0,0,2.49421964597046e-06,0,0,0,0,0,4.82951801410219e-05,0,0,0,0,0,0,5.14731618933888e-06,0,0,0,0,0,0,0.000113546042920404,0,0,0,0,0,0,0,0,0,0,0,0,0,0,0,0,0,0,3.23825616961397e-05,0,2.69302237901597e-05,0,0.00016597510373444,0,0,0,0,0,0,0,0.00027922408554112,7.25067467527853e-07,0,8.78966335589347e-05,0,0,0,0,0,0,0,0,0,0,0,0,0,0,0,0,0,0,0,0,0,0,0,0,0,0,1.98008039126389e-05,0,0,0,0,0,0,0,0,0,0,0,0,0,0,0,0.00065915853704471,0,0,0,4.79156684235745e-08,0,0,0
0,0,0,0,0,0.000138285809110269,0,0,0,0,0,0,0,0,0,0,0,0,0,0,0,0,0,0,0,0,0,0,0,0,0,0,0,0,0,0,0,0,0,0,0,0,0,0,0,0,0,0,0,0,0,0,0,0,0,0,0,0,0,0,0,0,0,0,0,0,0,0,0,0,0,0,0,0,0,0,0,0,0,0,0,0,0,0,0,0,0,0,0,0,0,0,0,0,0,0,7.32225232481511e-05,0,9.52610788634718e-06,0,0,0,0,0,0,0,0,0,0,0,0,0.000133758116685717,0,0,4.155446959875e-06,0,0,0,0,0,0,0,0,0,0,0,0,0,0,0,0,0,0,0,0,0,0,0,0,0,0,0,0,0,0,0,0,0,3.50274965848191e-05,0,0,0,0,0,0,0,0,0,0,0,0,3.71774853148933e-05,0,0,0,0,2.46889196128777e-05,0,0,0,0,0,0,1.06086163181736e-05,0,0,0,0,0,0,0,0,0,0,0,0,0,0,0,0,0,0,3.65328832482117e-06,0,0,0,0,0,0,0,0,0,0,0,0,0,0,0,0,0,0,0,0,0,0,0,0,0,0,0,0,0,0,0,0,0,0,0,0,0,0,0,0,0.00068870523415978,0,0,0,0,0,0,0,0,0,0,0,0,0,0,0,0,0.000476039352586481,0,0,0,0,0,0,0,0,0,0,0,0,0,0.000447093889716841,0,0,0,8.16191742375933e-08,0,0,0,0,0,0,0,0,0,0,0,0,0,0,4.64101731099457e-05,0,0.0002134682014483,0,0,0,0,0,3.5650623885918e-05,0,0,0,0.00103713390300543,0,0,0,0,0,0,0,0,0,0,0,0,0,0,0,0,0,0,0,0,0,0,0,0,0,0,0,0,0,0,0,1.07308802541072e-05,0,0,0,0,0,0,0,0,0,0,0,0,0,0,0,0,2.04561726500972e-05,0,0,0,0,0,0,0,0,0,0,0,0,0,0,0,0,0,0,0,0,0,0,0,0,0.962826002335539,0,0,0,0,0,0,0,0,4.81394117363886e-05,0,0,0,0,0,0,0,0,0,0,0,0,0,0,0,0,0,0,0,0,0,0,0,0,0,0,0,0,0,0,0,0,0,0,0,0,0,0,0,0,0,0,0,0,0,1.78223468466328e-05,0,0,0,0,0,0,0,0,0,0,0,0,0,0,0,0,0,0,0,0,0,0,0,0,0,0,0,0,0,0,0,0,0,0.000186706497386109,0,0,0,0,0,0,0,0,0,0,0,0,0,0,0,0,0,0,0,0,0,0,0,0,0,0,0,0.00114021664116182,0,0,0,0,0,0,0,0,0,0,0,0,0,0,0,0,0,0,0,0,0,0,0,0,0,0,0,0,0,0,0,0,0,0,0,0,0,2.38685131348428e-06,0,0,0,0,0,0,0,0,0,0,0,0,0,0,0,0,0,0,0,0,0,0,0,0,0,0,0,0,0,0,0,0,0,0,0,0,0,0,0,0,0,0,0,0,0,0,0,0,0,0,0,0,0,2.35913599003501e-06,0,0,0,0,0,0,0,0,0,0,0,0,0,0,0,0,0,0,0,0,0,0,0,0,0,0,0,0,0,0,0,0,0,0,0,0,0,0,0,0,0,0,0,0,0,0,0,0,0,0,0,0,0,0,0,0,0,0,0,0,0,0,0,8.22828555442188e-06,0,0,0,4.86026731470231e-07,0,0
0,0,0,0,0,0,0,3.64721243553552e-06,0,0,0,0,0,0,0,0,0,0,0,0,0,0,0,0.000234521575984991,0,0,0,0,0,0,0,0,0,0,0.000310366232153942,0,0,0,0,0,0,0,0,0,0,0,0,0,0,0,0,0,0,0,0,0,0,0,0,0,0,7.0876745339854e-05,0,0,0,0,0,0,0,0,0,0,0,0,0,0,0,0,0,0,0,0,0,0,0,0,0,0.000130446125750065,0,7.04374163555681e-05,0,0,0,0,0,0,0,0,0,0,0,0,0,0,0,7.17118331695913e-06,0,0,0,0,0,0,0,0,0,0,0,0,0,0.000925411808254673,0,0,0.00208855472013367,0,0,0,0,0,0,0,0,0,0,0,0,0,0,0,0,0,0,0,0,0,0,0,0,0,0,0,0,0,0,0,0,0,1.52615835419083e-05,0,0,0,0,0,0,0,0,0,0,0,0,0,0,0,0,0,0,0,0,0,0.000545553737043099,0,4.83582378258136e-05,0,0,0,0,0,0,0,0,0,0,0,0,0,0,0,0,0,0,0,0,0,0,0,0,0,0,0.000150647785477553,0,0,0,0,0,0,0,0,0,0,0,0,0,0,0,0,0,0,0,0,0,0,0,0,0,0,0,0,0,0,2.09762339269608e-05,0,0,0,0,0,0,0,0,0,0,0,0,0.000163880694854146,0,0,0,0,0,0.000142329685786288,0,0,0,0,5.57298218237982e-05,0,0,0,0,0,2.4485752271278e-07,0.0256410256410256,0,0,0,0,0,0,0,0,0,0,0,0,0,0,0,0,0,0,0,0,0,0,0,0,0,0,0,0.00146555935515388,0,0,0,0,0,0,0,0,0,0,0,0,0,0,0,0,0,0,7.14183688044565e-05,0,0,0,0,0,0,0,0,0,0,0,0,0,0,9.19667080516853e-05,0,0,0,0,1.33109709022176e-05,0,0,0,0,0,0,0,0,0,0,0,0,0,0,0,0,0,0,0,0,0,0,0,0,0,0,0,0,0,0,0,0,0,0.971136224801466,0,0,0,0,0,0,0,0,0,0,0,0,2.83575317604356e-05,0,0,0,0,0,0,0,0,0,2.13707178424123e-05,0,0,4.17367496254127e-06,0,0,0,0,0,0,0,0,0,0,0,2.92260930558803e-05,0,0,0,0,0,0,0,0,0,0,0,0,0,0,0,0,0,0,0,0,0,0,0.000220005866823115,0,0,0,0,0,0,0,4.54256382302171e-05,0,0,0,0,0,0,0,0,0,0,0,0,0,0,0,0,0,0,0,0,0,0,0,0,0,0,0,0,0,0,0,0,0,0,0,0,0,0,0,0,0,0,0,0,0,0,0,0,0,0,0,0,0,0,0,0,0,3.30924935193867e-05,0,0,0,0,0,0,0,0,0,8.30514428942431e-07,0,0,0,0,0,0,0,0,0,0,0,0.000182415176942722,0.000418410041841004,0,0,0,0,0,0,0,0,0,0,0,0,0,0,0,0,0,0,0,0,0,0,0,0,0,0,0,0,0,0,0,0,0,0,0,0,0,0,0,0,0,0.000377500943752359,0,0,0,0,0,0,0,0,0,0,0,0,0,0,0,0,0,0,0.0001844507977497,0,0,0,0,0,0,0,0,0.00112494977902772,0,0,0,0,0,0,0.000414164423276041,0,0,0,0,0,0,0,0,0,0,0,0,0,0,0,0,0,0,0,0.000218150087260035,0.00105879702635729,0,0,0,0,0,0,0,0,0,0,0,0,0,0,0,0,0,0,0,0,0,0,1.88331010584203e-05,0,0,0,0,0,0,0
0,0,0,0,0,0,0,0,0,0,0,0,0,0,0,0,0,0,7.63009308713566e-05,0,0,0,0,0,0,0,0,0,0,0,0,0,0,0,0,0,0,0,0,0,0,0,0,0,0,0,0,0.000269296798734305,0,0,0,0,0,0,0,0,0,0,0,0.000133333333333333,0,0,0,0,0,0,0,0,0,0,0,0,0,0,0,0,0,0,0,0,0,0,3.19693094629156e-05,0,0,0,0,0,0,0,0,0,0,0,0,0,0,0,0,0,0,0,0,0,0,0,0,0,0,0,0,0,0,0,0,0,0,0,0,0,0,0,0,0,0,0,0,0,0,0,0,0,0,0,0,0,0,0,0,0,0,0,0,0,0,0.000636435958631663,0,0,0,0,0,0,0,0,0,0,0,0,0,0,0,0,0,0,0,0,0,0,0,0,0,0,0,0,0,0,0,0,0,0,0,0,0,0,0,0,0,0,0,0,0,0,0,0,0,0,0,0,0,0,0,0,0,0,0,0,0,0,0,0,0,0,0,0,0,0,0,0,0,0,0,0,0,0,0,0,0,0,0,0,0,0,0,0,0,0,0,0,2.09762339269608e-05,0,0,0,0,0,0,0,0,0,0,0,0,0,0,0,0.00102944204241301,0,0,4.18616722900846e-06,0,0,0,0,0,0,0,0,0,0,0,0,0,0,9.57982871266262e-06,0,0,0,0,0,0,0,0,0,0,0,0,0,0,0,0,0.000148067716302256,0,0,0,0,0,0,0,0,0,0,0,0,0,0,0,0,4.32002764817695e-05,0,0.00604902897166507,0,0.000188957333434111,0,0,0,0,0,0.00021425510641337,0,0,0,0,0,0,0,0,0,0,0,0,0,0,0,0,0,0,0,0,0,0,0,0,0,0,0,0,0,0,0,0,0,0,0,0,0,0,0,0,0,0,0,0,0,0,0,0,0,0,0,0,0,0.00015271838729383,0.990807697021694,0,0,0,0,0,0,0,0,0,0,0,0,0,0,0,0,0,2.26244343891403e-05,0,0,0,0,0,0,0,0,0,0,0,0,0,0,0,0,0,0,0,0,0,0,0,0,0,0,0,0,0,0,0,0,4.80889032669852e-05,0,0,0,0,0,0,0,0,0,0,0,0,0,0,0,0,0,0,0,0,0,0,0,0,0,0,0,0,2.7680894646515e-05,0,0,0,0,0,0,0,0,0,0,0,0,0,0,0,0,0,0,0,0,0,0,0,0,0,0,0,0,0,0,0,0,0,0,0,0,0,0,0,0,0,0,0,0,0,0,0,0,0,0,0,0,0,0,0,0,0,0,0,0,0,0,0,0,0,0,0,0,0,0,0,0,0,0,0,0,0,0,0,0,0,0,0,0,0,0,0,0,0,0,0,0,0,0,0,0,0,0,0,0,0,0,0,0,0,0,0,0,0,0,0,0,0,0,0,0,0,0,0,0,0,0,0,0,0,0,0,0,0,0,0,0,0,0,0,0,0,0,0,0,0,0,0,0,0,0,0,0,0,0,0,0,0,0,0,0,0,0,0,0,0,0,0,0,0,0,0,0,0,0,0,0,0,0,0,0,0,0,0,0,0,0,3.15422587411485e-05,0,0,0,0,0,0,0,0,0,2.18804017241757e-05,0,0,1.71480144404332e-06,0
0,0,0,0,0,0,0,0,0,0,0,0,0,0,0,0,0,0,0,0,0,0,0,0,0,0,0,0,0,0,0,0,0,0,0,0,0,0,0,0,0,0,0,0,0,0,0,0,0,0,0,0,0,0,0,0,0,0,0,0,0,0,0,0,0,0,0,0,0,0,0,0.000284656988329063,0,0,0,0,0.000671892497200448,0,0,0,0,0,0,0,0,0,0,0,0,0,0,0,0,0,0,0,0,0,0,0,0,0,0,0,0,0,0,0,0,0,0,0,0,0,0,0,0,0,0,0,0,0,0,0,0,0,0,0,0,0,0,0,0,0,0,0.000594353640416047,0,0,0,0,0,0.000735835172921266,0,0,0,0,0,0,0,0,0,0,0,0,0,0,0,0,0,0,0,0,0,0,0,0,0,0,0,0.000996532068401961,0,0,0,0,0.000108260257659413,0,0,0,0,0,0,0.000141502759303806,0,0,0,0,0,0,0,0,0,0,0,0,0,0,0,0,0,0,0,0,0,0,0,0,0,0,0,0,0,0,0,0,0,0,0,0,0,0,0,0,0,0,0,0,0,0,0,0.000698080279232112,0,0,0,0,0,0,0,0,0,0,0,0.000182149362477231,0,0,0,0,0,0,0,0,0,0,0,0,0,0,0,0,0,0,0,0,0,0,0,0.000954745083062822,0,0,0,0,0,1.42188248709997e-06,0,0,0,0,0,0,0,0,0,0,0,0,0,0,0,0,0,0,0,0,0,0,0,0,0,0,0,0,0,0,0,0,0,0,0,0,0,0,0,0,0,0,0,0,0,0,0,2.60489590184752e-05,0,0,0,0,0,0,0,0,0,0,0,0,0,0,0,0,0,0,0,0,0,0,0,0,0,0,0,0,0,0,0,0,0,0,0,0,0,0,0,0,0.000192552085339084,0,5.01470981545868e-05,0,0,0,0,0.000136855070480361,0,0,0,0,0.976596969115672,0,0,0,0,0,0,0,0,0,0,0,0,0,0,0,0,0,0,0,0,0,0,0,0,0,0.00061576354679803,0,0,0,0,0,0,0,0,0,0,0,0,0,0,0,0,0,0,0,0,0,0,0,0,0,0,0,0,0,0,0,0,0,0,0,0,0,0,0,0,0,0,0,0,0,0,0,0,0,0,0,0,0,0,0,0,0,0,0,0,0,0,0,0,0,0,0,0,0,0,0,0,0,0,0,0,0,0,0.00108459869848156,0,0,0,0,0,0,0,0,0,0,0,0,0,0,0,0,0,0,0,0,0,0,0,5.83294447036864e-05,0,0,0,0,0,0,0,0,0,0,0,0,0,0,0,0,0,0,0,0,0.000220555800617556,0,0,0,0,0,0,0,0,0,0,0,0,0,0,0,0,0,0,0,0,0,0,0,0,0,0,0,0,0,0,0,0,0,0,0,0,0,0,0,0,0,0,0,0,0,0,0,0,0,0,0,0,0,0,0,0,0,0,0,0,0,0.00115530615613137,0,0,0,0,0,0,0,0,0,0,0,0,0,0,0,0,0,0,0,0,0,0,0,0,0,0,0,0,0,0,0,0,0,0,0,0,0,0,0,0,0,0,0,0,0,0,0,0,0,0,0,0,0,0,0,0,0,0,0,0,0,0,0,0
0,0,0,0,0,0,2.86361462619806e-06,0,0,0,0,0,0,0,0,0,0,0,0,0,0,0,0,0,0,0,0,0,0,0,0,0,0,0,0,0,0,0,0,0,0,0,0,0,0.000100755667506297,0,0,0,0,0,0,0,0,0,0,0,0,0,0,0,0,0,0,0,0,0,0,0,0,0,0,0,0,2.47437781769774e-06,0,0,0,0,0,0,0,0,0,0,0,0,0,0,0,0,0,9.85512959495417e-06,0,0,0,0,0,0,0,0,0,9.79751796211626e-05,0,0,0,0,0,0,0,0,0,0,0,0,0,4.10273241979158e-05,0,0,0,0,0,0,0,0,0,0,0,0,0,0,0,0,0,0,0,0,0,0,0,0,0,0,0,0,0,0,0,0,0,0,0,0,0,0,0,0,0,0,0,0,0,0,0,0,0,0,0,0,0,0,0,0,0,0,0,0,0,0,0,0,0,0,0,0,0,0,0,3.96384969081972e-05,0,0,0,0,0,0,0,0,0,0,0,0,0,0,0,0,4.20698359276399e-06,0,0,0,0,0,0,0,0,0,0,0,0,0,0,0,0,0,0,0,0.000170881749829118,0,0,0,0,0,0,0,0,0,0,0,0,0,0,0,0,0,0,0,0,0,0,0,0,0,0,0,0,0,0,0,0,0,0,0,0,0,0,0,0,0,0,0,4.08095871187966e-07,0,0.001673198009775,0,0,0,0,0,0,0,0,0,0,0,0,0,0,0,0,0,0,0,0,0,0,0,0,0,0,0,0,0,0,0.000212565667608029,0,0,0,0,0,0,0,0,0,0,0,0,0,0,0,0,0,0,0,0,0,0,0,0,0,0,0,0,0,0,0,0,0,0,0,0,0,0,0,0,0,0,0,0,0,5.16862643752423e-06,0,0,0,0,0,0,0,2.12089077412513e-05,0,0,0,0,0,0,0,0,0,0,0,0,0,0,0,0,0,0.967233835683034,0.000256180350967081,0,0,0,0,0,0,0,0,0,0,0,0,0,0,0,0,0,0,0,0.000286758470052044,0,0,0,0,0,0,0,8.00403403315271e-06,0.00089086859688196,0,0,0,0,0,0,0,0,0,0,0,0,0,0,0,0,0,0,0,0,0,0,0,0,0,0,0,0,0,0,0,0,0,0,0,0,0,0,0,3.68663594470046e-05,0,0,0,0,0,0,0,0,0,0,0,0,0,0,0,0,0,0,0,0,0,0,0,0,0,0,0,0,0,0,0,0,0.00152287237158086,0,0,0,0,0,0,5.82852480037303e-05,0,0,0,0,0,0,0,0,0,0,0,0,0,0,0,0,0,0,0,0,0,0,0,1.66102885788486e-06,0,0,0,0,0,0,0,3.97413632082408e-06,0,0,0,0,0,0,0,0,0,0,0,0,0,0,0,0,0,0,0,0,0,0,0,0,0,0,0,0,0,0,0,0,0,0,0.00125567468366657,0,0.000166002656042497,0,0,0,0,0,0,0,0,0,0,0,0,0,0,0,0,0.000234877502348775,0,0,0,0,0,0,0,0,0,0,0,0,0,5.59335156569686e-05,0,5.38604475803194e-05,0,0.00381742738589212,0,0,0,0,0,0,0,2.46374193124518e-05,7.25067467527853e-07,0,1.09870791948668e-05,0,0,0,0,0,0,0,0,0,0,0,0,0,0,0,0,0,0,0,0,0,0,0,0,0,0,0,0,0,0,0,0,0,0,0,0,0,0,0,0,0,0,1.88331010584203e-05,0,0,0,0,0,9.02527075812274e-08,0
0,0,0,0,0,0,0,7.29442487107104e-06,0,0,0,0,0,0,0,0,0,0,0,0,0,0,0,0,0,0,0,0,0,0,0,0,0,0,0,0,0,0,0,0,0,0,0,0,0,0,0,0,0,0,0,0,0,0,0,0,0,0,0,0,0,0,0,0,0,0,0,0,0,0,0,0,0,0,0,0,0,0,0,0,0,0,0,0,0,0,0,0,0,0,0,0,0,0,0,0,0,0,0,0,0,0.00011430437622469,0,0,0,0,0,0,0,0,0,0,0,0,0,0,0,0,0,0,0,0,0,0,0,0,0,0,0,0,0,0,0,0,0,0,0,0,0,0,0,0,0,0,0,0,0,0,3.50274965848191e-05,0,0,0,0,0,0,0,0,0,0,0,0,0,0,0,0,0,0,0,0,0,0,0,0,0,0,0,0,0,0,0,0,0,5.73526038082129e-05,0,0,0.000152687296416938,0,0,0,0,0,0,0,0,0,0,0,0.000318945354029343,0,0,0,0,0,0,0,0,0,0,0,1.63942488974868e-05,0,0,0,0.000131802472028587,0,0,0,0,0,0,0,0,0,0,0,1.77550513120983e-05,0,0,0,0,0,0,0,0,0,0,0,0,0,0,0,0,0,0,0,0,0,0,0,0,0,0,0,0,0,0,0,0,0,0,0,0,0,0,0,0,0,0,1.63238348475187e-07,0,6.60472898595394e-05,0,0,0,0,0,0,0,0,0,0,0,7.97448165869218e-05,0,0,0,0,0,0,0,0,0,0,0,0,0,0,0,0,0,0,3.03665239440041e-05,0,0,0,0,0,0,0,0,0,0,0,0,0,0,0,0,0,2.17074658487294e-06,0,0,0,0,0,0,2.8048130592096e-05,0,0,0,0,0,0,0,0,0,0,0,0,0,0,0,0,0,0,0,0,0,0,0,0,0,0,0,0,0,0,0,0,0,0,0,0,0,0,0,0,0,0,0,0,0,0,0.000194457948468644,0.977328038939413,0,0,0,0,0,0,0,0,0,0,0,0,0,0,0,0,0,0,0,0,0,0,0,0,0,0,0,0,0.000274113414425218,0,0,0,0,0,0,0,2.38397207891901e-06,0,0,0,0,0,0,0,0,0,0,0,0,0,0,3.5405624537514e-06,0,0.000716460684219953,0,0,0,5.74914194056537e-06,0,0,0,0,0,0,0,0,0,0,0,0,0,0,0,8.52514919011083e-05,0,0,0,0,0,0,0,0,0,0,0,0,0,0,0,1.26778062324095e-05,0.000151676020021235,0,0,0,0,0,0,0,0,0,0,2.92860071457857e-05,0,0,0,0,0,0,0,0,0,0,0,0,0,0,0,0,0,0,0,0,0,0,0,0,0,0,0,0,0,0,8.30514428942431e-07,0,0,0,0,0,0,0,7.94827264164815e-06,0,0,0,0,0,0,0,0,0,0,0,0,0,0,0,0,0,0,0,0,0,0,0,0,0,0,0,0,0,0,0,0,0,0,0,0,0,0,0,0,0,0,0,0,0,0,0,0,0,0,0,0,0,0.00146346751463468,0,0,0,0,0,0,0,0,0,0,0,0,0,3.38544963186915e-05,0,0,0,0,0,0,0,0,0,0,0,8.21247310415058e-06,0,0,0,0,0,0,0,0,0,0,0,0,0,0,0,0,0,0,0,0,0,0,0,0,0,0,0,0,0,0,0,0,5.5972237770066e-05,0,0,0,0,0,0,0,0,0,0,0,0,0,0,0,0,0,0,0,0
0,0,0,0,0,0,2.86361462619806e-06,0,0,0,0,0,0,0,0,0,0,0,0,0,0,0.00551378446115288,0,0,0,0,0,1.8379650051463e-05,0,0,0.000290107339715695,0,1.48991328704669e-05,0,0,0,0,0,0,0,0,2.32210723491211e-05,0,0,0,0,0,0,0,0,0,0,0.000440463955366319,0,0,0,0,0,0,0,0,0,6.47295276686366e-06,0,0.00224538893344026,0,0,0,0,0,0,0,0,7.42313345309322e-06,0,0,0,0,0,0,0,0,0,0,0,0,0,0,0,0,0,0,0,0,0,0,0,0,0,0,0,0,0,0,0,0,0,0,0,0,0,0,0,0,0,0,0,0.000121764542165321,1.63337841457758e-05,0,0,0,0,0,0,0,0,0,0,0,0,0,0,0,0,0,0,0,0,0,0,0,1.81996869653842e-05,8.58000858000858e-05,0,0,0,0,0,0,6.69792364367046e-05,0,0,0,0,0,0,0,0,0,0,0,0.000240728605245209,0,0,0,0,0,0,0,0,0,0,0,0,0,0,0,0,0,0,0,0,0,0,0,0,0,6.35098059140331e-05,0,0,0,0,0,0,0,0,0,0,0,0,0,0,0,0,0,0.000146079843068511,0,0,0,0,0,0,0,0,0,0,0,0,0,0,0,0,0,0,0,0,0,0,0,1.40094283452764e-05,1.38404473232575e-05,0,0,0,0,0,0,0,0,0,0,0,0,0,0,0,0,0,0,0,0,0,0,0,0,0,0,0,0,0,0,0,0,0,0,0,0,8.16191742375933e-07,0,0,1.42188248709997e-06,0,0,0,0,0,0,9.13876297704343e-06,0,0,0,0,0,0,0,0,0,0,0,0,0,0,0,0,0,0,0,0,0,0,0,0,0,0,0,0,0,0,0,0,0,0,0,0,0,0,0,0,0,0,0,0,0,0,0,0,9.65779222869652e-05,0,0,0,0,0,0,0.000131518379693562,0,0,0,7.44675569676811e-05,0,0,0,0,0,0,0,0,1.03372528750485e-05,0,0,0,0,0,0,0,0,0,0,0,0,0,0,0,0,0,0,0,0,0,0,0,0,0,0,0,0.982004173936844,2.96440344345104e-05,0,0,0,0,0,0,0,0,0,0,0,0,0,0,0,0,0,0,0,1.25210248876238e-05,0,0,0,0,0,0,0,0,0,0,0,0,0,0,2.38397207891901e-06,0,0,0,0,0,0,0,0,0,0,0,0,0,0,7.08112490750281e-06,0,0,0,0,0,0,0,0,0,0,0,0,0,0,0,0,0,0,0,0,0,0,0,0,0,0,0,0,0,0,0,0,0,0,0,0,0,0,0,0,0,0,0,0,0,0,0,5.26703887074687e-05,0,0,0,0,0,0,0,0,0,0,0,0,0,0,0,0,0,0,0,0,0,0.000658456285818803,0,0,0,0,0,0,0,0,0,0,1.49492597209638e-05,0,0,0,0,0,0,0,0,0,0,0,0,0,0,0,0,7.16055394045283e-06,0,0,0,0,0,0,0,0,0,0,0,0,0,0,0,0,0,0,0,0,0,0,0,0,0,0,0,0,0,0.00373227170938044,0,0,0,0,0,0,3.3460483169377e-05,0,0,0,0,0,0,0,0,0,0,0,0,0,0,0,0,0,0,0,0,0,1.4719346225518e-06,0,0,0,0,0,0,0,0,0,0,0.00160675947087748,0,0,0,0,0,0,0,0,0,0,0,0,0,0,0,0,0,0,0,0,0,0,0,0,0,0,0,0,0,0,0,0,0,0,0,0,0,0,0,0,0,0,0,0,0,0,0,0,0,0,6.22903689506469e-07,0,0,0
0,0,0,8.66359686551065e-06,0,8.29714854661615e-05,1.86134950702874e-05,1.09416373066066e-05,0,0,0,0,0,0,0,0,3.93344609212131e-05,0,0,2.52816800519117e-05,1.26873498663599e-05,0.00025062656641604,5.74533396805594e-05,0,0,0,0,1.8379650051463e-05,2.2265764161026e-05,3.3559299281831e-05,0.0107339715694807,0,1.48991328704669e-05,0,0,0,0,0,0,0,0,6.19228595976562e-05,0,0,0,0,0,0,0,0,0,0,0.00132139186609896,0,0,0,0,0,0,0,2.27669855941899e-05,0,2.58918110674546e-05,0,0.000641539695268645,0,0,0,0,0,0,0,0,1.23718890884887e-05,5.20826551737608e-05,0,0,0,0,0,0,0,0,0,0,0,3.16210532972853e-05,0,0,0,0,2.95653887848625e-05,0,6.15246421573001e-06,0,2.01178908403243e-05,0,0,6.35073859089812e-06,0,0,8.16459830176355e-06,0,0,0,2.15135499508774e-05,0,0.00208768267223382,0,0,0,0,0,0,3.3243575679e-05,0,0,6.95797383801837e-05,3.26675682915515e-06,0,0,0,0,0,0.00113957874882113,1.34391893480985e-05,0,0,0,4.40533486051609e-05,0,0,0,0,0,0,0,0,0,0,0,0,0,8.58000858000858e-05,0,0,0,0,0,0,6.69792364367046e-05,0,0,0,0,0,0,0,0,0,0,0,2.67476228050232e-05,0,0,0,0,0,0,0,0,0,0,1.06086163181736e-05,0,0,0,0,0,0,0,0,0,0.000208811860513677,0,5.08957654723127e-05,0,0,5.08078447312265e-05,0,0,0,1.09598649744635e-05,1.38091029606717e-05,0,0,0,0,1.82575038340758e-05,0,0,0,0,0,4.20698359276399e-06,0,6.2605647029362e-05,0,0,0,0,3.85171743800875e-05,0,0,0,0,0,0,0,0,0,0,0,0.0128119958242384,0,0,0.000499106599187454,0,0,0,0.00383157865243309,0,0,0,0,0,2.12143069285926e-05,0,0,0,0,0,1.74895499938787e-05,0,0,0,0,0,0,0,0,0,0,0,0,0,0,4.18616722900846e-06,0,0,0,0,5.30760207845697e-06,0,7.45156482861401e-05,0,0,0,2.46489906197532e-05,0,2.20157632865131e-05,0,0,0,0,9.35716290820623e-05,0.00136466515776861,0,5.48325778622606e-05,1.86188534510045e-05,0,0,0,0,0,2.46309463209577e-05,0,0,0,0,0,0,0,0,0,0,0,0,0,3.18025696476275e-05,0,0,0,0,0,0,0,0,0,0,0,0,0,0,0,0,0,0,0,0,0,0,0,0,0,0.000112536574386676,2.8048130592096e-05,1.07308802541072e-05,0,0.000134553283100108,0,0,4.84439793822424e-06,0,0.0101926744262511,0,0,0,0.00168793129126744,0,0,3.06077162052553e-05,0,0,4.09123453001943e-05,0,0,1.03372528750485e-05,0,0,0,0,0,0,0,0,0,0,0,0,0,0,1.67156993848623e-05,0,0,0,0,0,0,0.000194628260023355,0,0,0,0,0,0.000376338567860686,0.983879574074513,0,0,0,0,0,0,0,0,0,0,0,0,0,0,0,0,0,6.1012440436605e-06,0,8.34734992508254e-06,0,0,0,0,0,0,0,0,0,0,0,0,3.32369461893841e-05,0,8.34390227621654e-06,0,0,0,0,0,0,0,0,0,0,0,0,0,0,1.7702812268757e-05,0,0,0,0,7.33352889410384e-05,2.87457097028269e-05,0,0.000108225108225108,0,0,0,0,0,0,0,0,0,0,0,0,0,0,0,0.00113464447806354,0,0,0,0,0,5.36826283014816e-05,0,0,0,0,0,0,0,0,0,0,0,0,0,0,0,0,0,1.31675971768672e-05,0,0,0,0,0.000431872165838912,0,0,0,0,0,0,0,0,0,0,0,0,0,0,0,6.53039900737935e-05,0.00182904523838556,0,0,0,1.24820959935592e-05,0,0,0,0,0,0,9.21871016126099e-05,0,0,0,0,0,2.11931757973932e-05,0,3.17930905665926e-05,2.24294705299187e-06,0,0,0,0,0,0,0,8.83134985989183e-05,0,1.30874635186954e-05,0,0,0,0,0,0,0,8.0901567063354e-06,0,0,0,0,0,0,0,0,0,1.49653178758228e-05,0,0,1.70605764200086e-05,0,0,0,0,0,0,0.000746454341876089,0,8.26934435912581e-05,1.54419485680166e-05,0,6.92343374620077e-06,0,0,0,0,0,0,0,0,0,0,0,0,0,0,0,0,0,0,4.71827198007002e-06,0,0,0,0,8.83160773531083e-06,0,0,0,0,0,0,0,0,0,0,0.000332432993974652,2.46374193124518e-05,2.82776312335863e-05,0,1.09870791948668e-05,0,0,0.000419551080344032,0,0,0,0,0,0,0,0,0,0,5.48787180331467e-05,0,0.00656491055309371,0,0,0,0,0,1.5874086743947e-05,0,0,1.91982798341269e-05,0,0,0,0,0,0,0,0,0,0,0,0,0,0,0,0,0,3.76662021168406e-05,2.46848566632656e-05,0,0,1.39913751796838e-05,0,0,0
0,0,0,0,0,0,0,0,0,0,0,0,0,0,0,3.03324435816549e-05,0,0,0,0,0,0,0,0,8.99847026005579e-05,0,0,0,0,0,0,0,7.44956643523347e-06,0,0,0,0,0,0,0,0.000155186556410313,0,0,0.00026123301985371,0,0,0,0,0,0,0,0,0,0,0,0,0,0,0,0,0,0,0,0,5.34616412723871e-05,0,0,0,0,0,0,0,0,0,0,0,0,0,0,0,0,0,0,0,4.23599579789217e-06,3.56188780053428e-05,0,0,0,0,0,0,0,3.076232107865e-06,0,0,0,0,0,0,0,0,0,0,0,0,0,0,0,3.96055289318389e-05,0,0,0,4.9031625398382e-05,1.385148986625e-06,0,0,0,0,0,0.000533807829181495,0,0,0,0,0,0,0,0,0,0,0,0,0,1.29428057414286e-05,0,0,0,4.07697325505545e-05,0,0,0,0,0,0,0,0,0,0,0,0,0,0,0,0,0,0,0,0,0,0,0,0,0,0,0,0,0,0,0,0,0,0,0,0.00032478077297824,0,0,0,0,0,0,0,0,0,0,0,0,0,0,0,0,0,0,0,0,5.78168362627197e-05,0,0,1.82575038340758e-05,0,0,0,0,0,0,0,0,0,0,0,3.76789751318764e-05,0,0,0,0,0,0.000396353547364249,0,0,0,0,0,0,0,0,0,0,0,0,0,0,0,0,0,0,0,0,0,0,0,0,0,0,7.17291507268554e-05,0.000136407038603192,0,0,0,0,8.19014234467395e-06,0,0,0,0,0,0,0,0,0,0,0,0,0,0,0,0,0,0,1.63238348475187e-07,0,0,0.00167355568731667,0,8.49408387058414e-06,0,0,0,0,0,0,0,0,0,0,0,0,0,0,0,0,0,0,0,0,0,0,0,0,0,0,0,0,0,0,0,0,0,0,0,0,0,0,0,0,0,0,0,0,0,0,0,0,0,0,0,0,0,0,0,0.000134553283100108,0,0,0,0.000145153681460246,0,0.000101337657073368,0,0,0,0,0,0,0,0,0,0,0,5.16862643752423e-06,0,0,0,6.81663258350375e-05,0,0,0.000349719826729722,0,0,0,0,0,0,0,0,0,0,0,0,0,0,0,0,0,0,0,0,0,0,0.967282559711582,0,0,0,0.00109335576114382,0,0,0,0,0,0,0,0,0,0,0,0,0,0,4.17367496254127e-06,0,0,0,0,0,0,0,0,0,0,0,0,0,0,0,0,0,0,0,0,0,0,0,0,0,0,0,0,0.00248606600104254,0,0,0,0,0,0,0,9.82163903512218e-06,0,0.000131440588853838,0,0,0,0,0,0.000141376060320452,0,0,0,0.000275558004960044,0,6.52656311186529e-05,0,0,0,0,0,0,0,0.000131700250230475,0,0,0,0,0,0,0,0,0,0,0,0,0,0,0,0,0,0,6.58379858843358e-06,0,0,0,0,0,0,0,0,0,0,0,0,0,0,0,9.08512764604343e-05,0,0,0,1.45169485374174e-05,0,0,1.10308311731289e-05,0,0.000460359080082464,0,0,0,0,0,0,0,0,0,0,0,0,2.73374922771584e-06,0,0.00018536826495304,0,0,0,0,0,0,0,0,0,2.38685131348428e-06,0,1.30874635186954e-05,0,0,0,0,0,0,0,0,0,0,0,0,0,0,0,0,0,0,0,0,0,0,0,0,0,0,0,0,0,0,0,0,0,0,1.67302415846885e-05,0,0,0,0,0,0,0,0,0,0,0,0,0.000170010200612037,0,0,0,0,0,0,0,0,0,0,0,8.93974611121044e-05,0,4.65202828433197e-05,0,0,0.00012190661952944,0,0,0,0,0,0,0,0,0,0,0,0,0,0,0,0.000144320969836917,0,0,0,0,0,0.000239969283931657,0,0,0,0,0,0,3.96852168598675e-06,0,0,0,0,0,0,0,0,0,0,0,0,0,0,0,0,0,0,0,0,0,0,0,0,2.87494010541447e-07,0,0,0
0,0,0,4.33179843275533e-06,0,0,1.43180731309903e-06,0,0,0,0,0,0,0,0,0,0,0,0,0,0,0,0,0,0,0,0,0.00205852080576386,0,0,0,0,0.000141541762269436,0,0,0,0,0,0,0,0,1.54807148994141e-05,0,0,0,0,0,0,0,0,0,0,0,0,0,0,0,0,0,0,0,0,0,0,0,0,0,0,0,0,0,0,0,2.47437781769774e-06,0,0,0,0,0,0,0,0,0,0,8.47199159578434e-06,0,0,0,0,0,0,0,0,0,9.67202174270488e-06,0,0,0,0,0,0,0,0,0,0,0,0,0,0,0,0,0,0,0,4.155446959875e-06,0,0,0.000104369607570276,0.000235206491699171,0,0,0,0,0,0,0,0,0,0,0,0,0,0,0,0,0,0,0,0.000122309197651663,0,0,0,0,8.58000858000858e-05,0,0,0,0,0,0,0.000334896182183523,0,0,0,0,0,0,0,0,0,0,0,2.67476228050232e-05,0,0,0,0,0,0,0,0,0,0,0,0,0,0,0,0,0,0,0,0,0,0,0,0,0,0,0,0,0,0,0,0,0,0,0,0,0,0,0,0,0,0,0,6.2605647029362e-05,0,0,0,0,0,0,0,0,0,0,0,0,0,0,0,0,0,0,0,0,0,0,0,7.00471417263819e-06,0.000138404473232575,0,0,0,0,0,0,0,0,2.75444153697838e-05,0,0,0,0,0,0,0,0,0,0,0,0,0,0,0,0,0,0,0,0,0,0,0,7.45156482861401e-05,0,0,0,4.8971504542556e-07,0,0,0,0,0,0,0,0,0,2.74162889311303e-05,0,0,0,0,0,1.90124912067228e-05,0,0,0,0,0,0,0.00110516934046346,0,0,0,0,0,0,0,0,0,0,0,0,0,0,0,0,0,0,0,0,0,0,0,0,0,0,0,0,0,0,0,0,0,0,2.8048130592096e-05,0.000268272006352681,0,0,0,0,9.68879587644847e-06,0,0,0,0,0,8.27417299640901e-06,0,0,1.39125982751161e-06,0,0,0,0,0,2.06745057500969e-05,0,0,0,0,0,0,0,0,0,0,0,0,0,0,0,0,0,0,0,0,0,0,0,0,0,0,0,0,0,0,0.981177490011072,0,0,0,0,0,0,0,0,0,0,0,0,0,0,0,0,0,1.25210248876238e-05,0,0,0,0,0,0,0,0,0,0,0,0,1.66184730946921e-05,0,0,0,0,0,0,0,0,0,0,0,0,0,0,0,0,1.06216873612542e-05,0,0,0,0,0,0,0,0,0,0,0,0,0,0,0,0,0,0,0,0,0,0,0,0,0,0,0,0,0.000131700250230475,0,0,0,0,0,0,0,0,0,0,0,0,0,0,0,0,0,0,7.24217844727694e-05,0,0,0,0,0,0,0,0,0,0,0,0,0,0,0,0,0,0,0,0,0,0,0,0,0,6.24104799677962e-06,0,0,0,0,0,0,1.91018318656759e-05,0,0,0,0,0,0,0,0,0,4.1262636682484e-05,0,0,0,0,0,0,0,0,1.30874635186954e-05,0,0,0,0,0,0,6.58327847267939e-05,0,0,0,0,0,0,0,0,0,0,2.49421964597046e-06,0,0,0,0,0,0,0,0,0,0,0,0,0,0,0,0,0,0,0,0,0,0,0,0,0,0,0,0,0,0,0,0,0,0,0,0,0,0,0,0,0,0,0,0,0,0,0,0,0,0,8.21247310415058e-06,0,0,0,0,0,0,0,0,0,0,0,0,0,0,0,0,0,1.59979522621104e-05,0,0,0,0,0,0,0,0,0,0,0,0,0,0,0,0,0,0,0,0,0,0,0,0,0,0,0,0,0,0,0,4.79156684235745e-08,0,0,0
0,0,0,0,0,0,0,0,0,0,0,0,0,0,0,0,0,0,0,0,0,0,0,0,0,0,0,0,0,0,0,0,0,0,0,0,0,0,0,0,0,0,0,0,0,0,0,0,0,0,0,0,0,0,0,0,0,0,0,0,0,0,0,0.00772532188841202,0,0.000274595951671113,0,6.55222120298781e-05,0,0,0,0,0,0,0,3.84551292733262e-05,0,0,0,0,0,0,0,0,8.47199159578434e-06,0,0,0,0,0,0,0,0,0,0,0,0,0,0,1.6412007024339e-05,0,0,0,0,0,0,0,0,0,0,0,0,0,0,0,0,0,0,0,0,0,0,0,0,0,0,0,0,0.000170794192997438,0,0,0,0,0,0,0,0,0,0,0,0,0,0,0,0,0,0,0,0,0,0,0,0,0,0,0,0,0,7.32654406916258e-05,0,0,0,0,0,0,0,0,0,0,0,0,0,0,0,0,0,0,0,0,0,0,0,0,0,0.000207878598898243,0,0,0,0,0,0,0,0,0,0,0,0,0,0,0,0,0,0,0,0,0,0,0,0,0,3.76789751318764e-05,0,0,0,0,0,0,0,0,0,0,0,0,0,0,0,0,0,0,0,0,0,0,0,0,0,0,0,0,0,0,0,1.74895499938787e-05,0,0,0,0,0,0,0,0,0.000163880694854146,0,0,0,0,0,4.18616722900846e-06,0,0,0,0,7.96140311768546e-06,0,0,0,0,0,0,0,0,1.27969423838997e-05,0,2.83136129019471e-06,0,0,0,0,0,0,0,0,0,0,0,0,0,0,0,0,0,0,0,0,0,0,0,0,0,0,0,0,0,0,0,0,0,0,0,0,0,0,0,0,0,0,0,0,0,0,0,0,0,0,0,0,0,0,0,0,0,0,0,0,0,0,6.6554854511088e-06,0,0,0,0,0,0,0,0,0,0,0,0,0,0,0,0,0,1.58963557604419e-05,0,0,0,0,0,0,0,1.67156993848623e-05,0,0,0,0,0,0,0,0,0,0,0,0,0,0,0,0,0.96867681498829,0,0,0,0,6.23596906959342e-05,0,0,0,0,0,0,0,0,0,0,0,0,0,0,0,0,0,0,0,0,0,0,0,0,0,0,0,0,0,0,0,0,0,0,0,0,0.000584624378836597,4.37171847881684e-06,0,0,0,0,0,0,0,0,0,0,0,0,0,0,0,0,0,0,0,0,0,0,0,3.33150100777905e-05,0,0,0,0,0,0,0,0,0,0,0.000675409466989362,0,0,0,0,0,0,0,0,0,0,0,0,0,0,0,0,0,0,0,0,0,0,0,0,0,0,0,0,0,0,0,0,0,0,0,0,0,0,0,0,0.00225090036014406,2.00156121774984e-05,0,0,0,0.000157952930026852,0,0,0,0,0,0,0,0,0,0,0,0,0,0,0,0,0,0,0,0,0,0,0,0,0,2.3191094619666e-05,0,0,0,0,0,0,0,0,0,0,0,0,0,0,0,0,0,0,0,0,0,0,0,0,0,0,0,0,0,0,0,0,0,0,0,0,0,0,0,0,0,0,0,0,0,0,0,0,0,0,0,0,0,0,0,0,0,0,0,0,8.03535556448373e-05,0,0,0,0,0,0,0,0,0,0,0,0,0,0,0,0,0,0,0,0,0,0,1.59979522621104e-05,0,0,0,0,0,0,0,0,0,0,0,0,0,0,0,0,0,0.000436245793344136,0,0,3.15422587411485e-05,0,0,0,0,0,0,0,0,0,0,0,0,0,0
0,0,0,0,0,0,0,0,0,0,0,0,0,0,0,0,0,0,0,0,0,0,0,0.000234521575984991,0,0,0,0,0,0,0,0,0,0,0,0,0,0,0,0,0,0,0,0,0,0,0,0,0,0,0,0,0,0,0,0,0,0,0,0,0,0,0,0,0,0,0,0,0,0,0,0,0,0,0,0,0,0,0,0,0,0,0,0.0075619295958279,0,0,0,0,0,0,0,0,0,0,0,0,0,0,0,0,0,0,0,0,0,0,0,0,0,0,0,0,0,0,0,0,0,0,0,0.000185082361650935,0,0,0,0,0,0,0,0,0.00281810418445773,0,0,0,0,0,0,0,0,0,0,0,0,0,0,0,0,0,0,0,0,0,0,0,0,0,0,0,0,0,0,0,0,0,0,0,0,0,0,0,0,0,0,0,0,0,0,0,0,0,0,0,0,0,0,0,0.000103939299449122,0,0,0,0,0,0,0,0,0,0,0,0,0,0,0,0,0,0,0,0,0.000134358037297791,2.08685490097873e-05,0,0,0,0,0,0,0,0,0,0,0.000112701453848755,0,0,0,0,0,0,0,0,0,0,0,0,0,0,0,0,0,0,0,0,0,0,0,0,0,0,0,0,0,0,0,0,0,0,0,0,0,0,0,0,0,0,0,0,0.00049095319225727,0,0,0,0,0,8.16191742375933e-08,0,0,0,0,0,0,0,0,0,0,0,0,0,0,0,0,0,0,0,0,0,0,0,0,0,0,0,0,0,0.000142938822184105,0,0,0,0,0,0,0,0,0,0,0,0,0,0,0,0,0,0,0,0,0,0,0,0,0,0,0,0,0,0,0,0,0,0,0,0,0,0,0,0,0,0,0,0,0,0,0,0,0,0,0,0,0,0,0,0,0,0,0,0,0,0,0,0,0,0,0,0,0,0,0,0,0,0,0,0,0,0,0,0,0,0.966939252336449,0,0,0.000198502722323049,0,0,0,0,0,0,0,0,0,0,0,0,0,0,0,0,0,0,0,0,0,0,0,0,0,0,0,0,0,0,0,0,0,0,0,0,0,0,0,0,0,0,0,0,0,0,0,7.33352889410384e-05,0,0,0,0,0,0,0,0,0,0,0,0,0,0,0.000116602535272267,0,0,0,0,0,0,0,0,0,0,0,0,0,0,0,0,0,0,0,0,0,0,0,0,0,0,0.000376931775348662,0,0,0,0,0,0,0,0,0,0,0.00019277314884229,0,0,0,0,0,0,0,0,0,0,0,0,0,0,0,0,0,0,0.000157952930026852,0,0,0,0,0,0,0,0,0,0,0,0,0,0,0,0,0,0,0,0,0,0,0,0,0,0,0,0,0,0,0,0,0,0,0,0,0,0,0,0,0,0,0,0,0,0,0,0,0,0,0,0,0,0,0,0,0,0,0,0,0,0,0,0,0,0,0,0,0,0,0,0,0,0,0,0,0,0,0,0,0,0,0,0,0,0,0,0,0,0,0,0,0,0,0,0,0,0,0,0,0,0,0,0,0,0,0,0,0,0,0,0,0,0,0,0,0,0,0,0,0,0,0,0,0,0,0,6.23208276205908e-05,0,0,0,0,0,0,0,0,0,0,0,0,0,0,0,0,0
0,0,0,0,0,0,0,0,0,0,0,0,0,0,0,0.000303324435816549,0,0,0,0,0,0,0,0,8.99847026005579e-05,0,0,0,0,0,0,0,0,0,0,0,0,0,0,0,2.21695080586162e-05,0,0,0.000130616509926855,0,0,0,0,0,0,0,0,0,0,0,0,0,0,0,0,0,0,6.47295276686366e-06,0,0,0,0,0,0,0,0,0,0,0,0,0,0,0,0,0,0,0,0,0,8.47199159578434e-06,0,1.58105266486427e-05,0,0,0,0,9.85512959495417e-06,0,0,1.93440434854098e-05,0,0,0,0,0,0,0,0,0,0,0,2.49345468146116e-05,0,0,0,0,0,0,2.4515812699191e-05,0,0,0,0,0,0,0.000711743772241993,0,0,0,0,0,0,0,0,0,0,0.000115861429730043,0,0,0,0,0,0,4.07697325505545e-05,0,0,0,0,0,0,0,0,0,0,0,0,0,0,0,0,0,0,0,0,0,0,0,0,0,0,0,2.46889196128777e-05,0,0,0,0,0,0,0,0,0,0,0,0,0,0,0,0,0,0,0,0,0,0,0,0,0,0,0,0,0.000250539623805119,0,0,0,0,0,0,0,0,0,0,0,0,0,0,0,0,0,0,0,0,0,0,0,0,0,0,0,0,0,0,0,0,5.03537349882928e-05,0,0,0,0,0,0,0,0,0,0,0,0,0,0,4.78194338179036e-05,0,0,0,0,0,0,0,0,0,0,0,0,0,0,0,0,0,0,0,0,0,0,0,0,3.26476696950373e-07,0,0,4.26564746129991e-05,0,2.26508903215577e-05,0,0,0,0,0,0,0,0,0,0,0,0,0,0,0,0,0,0,0,0,0,0,0,0,0,0,0,0,0,0,0,0,0,0,0,0,0,0,0,0,0,0,0,0,0,0,0,0,0,0,0,0,0,0,0,0.0034983853606028,0,0,0,0.000108865261095185,0,0,0,0,0,0,0,0,0,0,0,0,0,0,0,0,0,6.81663258350375e-05,0,0,3.17927115208838e-05,0,0,0,0,0,0,0,0,0,0,0,0,0,0,0,0,0,0,0,0,0,0,0.000112663361874718,0,0,0,0.973843566021867,0,0,0,0,0,0,0,0,0,0,6.69030574697264e-05,0,0,0,8.34734992508254e-06,0,0,0,0,0,0,0,0,0,0,0,0,0,4.66113545259625e-05,0,0,0,0,0,0,0,0,0,0,0,0,0,0,4.00978387264926e-05,0,0,0,0,0,0,0,0,0,0.000164300736067298,0,0,0,0,0,0.000424128180961357,0,0,0,0,0,0.000261062524474612,0,0,0,0,0,0,0,0,0,0,0,0,0,0,0,0,0,0,0,0,0,0,0,0,0,0,0,0,0,0,0,0,0,0,0,0,2.14192387602545e-05,0,0,0,0,0,0.00261197419823749,0,0,0,0,0,0,0,0,0.000360281019194972,0,0,0,0,0,0,0,8.30514428942431e-07,0,0,0,0,0,0,0,0,0,0,0,0,0,0,0,0,4.77370262696856e-06,0,1.30874635186954e-05,0,0,0,0,0,0,0,0,0.000446328944432046,0,0.000467508181393174,0,0,0,0,0,0,0,0,0,0,0,0,0,0,0,0,0,0,0,0,0,0,0,0,0,0,0,0,0,0,0,0,0,0,0,0,2.83350334353395e-05,0,0,0,0,0,0,0,0,0,0,0,0,0,0,0,8.03535556448373e-05,0,0,0,0,0,7.25067467527853e-07,0,0,0,0,0,0,0,0,0,0,0,0,0,0,0,0,0.000159979522621104,0,0,0.000224014336917563,0,0,0,0,0,0,0,0,0,0,0,0,0,0,0,0,0,0,0,0,0,0,0,0,0,0,0,0,4.79156684235745e-08,0,0,0
0,0,0,8.66359686551065e-06,0,0,7.15903656549516e-06,1.82360621776776e-05,0,0,0,0,0,0,0,0,0,0,0,8.42722668397057e-06,0,0,0,0,0,0,0,0,0,0,0,0.00012293570462648,0,0,0,0,0,0,0,0,2.21695080586162e-05,7.74035744970703e-06,0,0,0.000906801007556675,0,0,0,0.00033061494379546,0.000210408191892271,0,0,0,0,0,0,0,0,0,0,0,0,0,0,0,0,0,0,0,0,0,0,0,3.95900450831638e-05,0,2.56367528488842e-05,0,0,0,0,0,0,0,0,1.69439831915687e-05,0,0,0.000130446125750065,0.00560467700632942,0,0,0,0,6.15246421573001e-06,0,0,0,0,0,0,0,0,0,0,0,7.17118331695913e-06,0,0,0,0,0,0,0,0,0,0,0,1.73949345950459e-05,9.80027048746545e-06,0.000185082361650935,0,0.000110180696342001,0,0,0,3.35979733702463e-06,0,0,0.000170794192997438,1.10133371512902e-05,0,0,0,0,0,0,0,0,0,0,0,0,0,0,0,0,0,0,0,5.82648721086057e-05,0,0,0,0,8.11095790412848e-05,0,0,0,0,0.000234852043212776,0,0,0,0,0,0,0,0,0,0,0,0,0,0,0,0,0,0,0,0,0,0,0,0.000208811860513677,0.000103939299449122,0,0.000262881177707676,3.96384969081972e-05,0,0,0,1.01514597799164e-05,7.30657664964234e-06,0,0,0,0,0,0,0,0,0,0,0,8.41396718552798e-06,0.000349330896974257,0,0,0,0.000147548240077381,0,0,0,1.46447191142874e-05,0,0.000215350159359118,0,0,0,0,0,0,0,0,0,0,0,0,0,0,7.00471417263819e-06,0,0,0,0,0,2.12143069285926e-05,0,0.000104881169634804,0,0,0,0,0,0,0,0.0002002002002002,0,0,0,0,0,0,5.69605832763727e-05,0,0.000461467466543609,0,4.18616722900846e-05,0,0,0,0,0.000260072501844392,0,0,0,0,0,3.10152862102854e-06,0,2.20157632865131e-05,4.26564746129991e-06,9.57982871266262e-06,2.83136129019471e-06,3.74728321966574e-05,0,0,0.000414593698175788,0,0,0,0,0,0,0,0,0,0,0,0,0,0,0,0,0,0,0,0,0,0,0,3.03665239440041e-05,0,0,0,0,0,0,0,0,0,0,0,0,0,0,0,0,0,4.34149316974587e-06,0,0,0,0,0.00122932498882432,0,0.000112192522368384,1.07308802541072e-05,0,0,0,0,1.45331938146727e-05,0,0,0,9.98322817666321e-05,0,0,0,0,0,0,0,0,0,0,1.03372528750485e-05,0,0,0,0,0,0,0,2.12089077412513e-05,0,0,0,0,0,0,0,0,0,0,0,0,9.50660709192889e-05,0,0.00015271838729383,0,0,0,0,0,1.18576137738042e-05,0,4.81394117363886e-05,0,0,0,0.99223874891636,0,0.000187079072087802,0,0.000198049215229985,0,0,0,2.11967696123111e-05,0.000300225168876657,0,0,1.2202488087321e-05,0,1.25210248876238e-05,0,0,0,0,0,0,0,0,0,4.4036567966039e-05,0,0.000482230535422025,0,0,3.57595811837852e-06,0,0,0,0,0,0.00269565998742025,0,0,0,0,4.37171847881684e-06,0,0,0,0,0,0,0,0,0.000146670577882077,5.74914194056537e-05,0,0,0,0,8.97182845863987e-05,0,0,0,0,0,0.000147465437788018,0,0,1.66575050388953e-05,0,0.00272804774083546,0.000309885342423303,0,0.000636660576869844,0.00431290898274836,0,0,0,0,0,0,0,0,0,0,0,0,0,0,0,0,0,0,2.47328848436882e-05,0,0,0,0,0,0,0,0,0,0,8.97021887334051e-05,0,0.000128515432561527,3.5272124440055e-05,0,0,0,0.000445813406824998,0,0,0,0,0,0,0,0.000584634052175831,0.000300120048019208,0,6.24104799677962e-06,0,0,0,6.6010957818998e-05,0,0,9.13565871836674e-06,0,0,0,0,0,0,0,3.97413632082408e-06,4.48589410598373e-06,0,0.0004995004995005,0,0,0,0,0,7.16055394045283e-06,0.000134144160257557,0,0,0,0,0.018958818958819,0,0.000219659527732015,0,0,0,0,0,0,0,0,0,0,0,7.48265893791139e-06,0,0,0,0,0,0,0,0.000166002656042497,0,0,0.00494202623075461,0,0,0,4.61562249746718e-06,0,1.67302415846885e-05,0,0.00161995788109509,2.83865107301011e-05,0,0,0,0,1.8067500180675e-05,0,0,0,0,0,0.00517653953215803,0,0,0,0,0,0,0,2.06070847157253e-05,0,5.38604475803194e-05,0,0,0,0,0,0,0,0,0,5.74873117290541e-05,1.45013493505571e-06,0,0.000109870791948668,0,0,0,0,5.8173356602676e-05,0,0,0,0,0,0,0,0.000314613811546327,0,0,0,0,0,0,6.75827889164226e-05,0,7.93704337197351e-06,0,0,0,0,3.96016078252777e-05,0,0,0,0,0,0,0,0,1.57711293705742e-05,0,0,0,0,0,0,0.000112998606350522,0,0,0,4.79156684235745e-08,0,0,0
0,0,0,0,0,0,0,0,0,0,0,0,0,0,0,0,0,0,0,0,0,0,0,0,0,0,0,0,0,0,0,0.000163914272835307,0,0,0,0,0,0,0,0,0,0,0,0,0,0,0,0,0,0,0,0,0,0,0,0,0,0,0,0,0,0,0,0,0,3.92279930958732e-05,0,0,0,0,0,0,0,0,0,0,0,0,0,0,0,0,0,0.0119947848761408,4.23599579789217e-06,0,0,0,0,0,0,0,0,0,0,0,0,0,0,0,0,0,0,0,0,0,0,0,0,0,0,0,0,0,0,0,0,0,0,0.000185082361650935,0,0,0,0,0,0,0,0,8.5397096498719e-05,0,0,0,0,0,0,2.70160745643658e-05,0,0,4.07697325505545e-05,0,0,0,0,0,0,0,0,0,0,0,0,0,0,0,0.000486657474247709,0,0,0,0,0,0,0,0,0,0,0,2.46889196128777e-05,0,0,0,0,0,0,0,0,0,0,1.05767501877373e-05,0,0,0,0,0,0,0,0,0,0,0,0,0,0,0,0,0,0,0,0,0,0,0,0,0,0,0,2.68716074595582e-05,0,0,0,0,0,0,0,0,0,0,0,0,0,0,0,0,0,0,0,0,0,0,0,0,0,0,0,0,0,0,0,0,0,0,0,0,0,0,0,0,0,0,0,8.19014234467395e-06,0,0,0,0,0,0,0,4.18616722900846e-06,0,0,0,0,0.000124728648843739,0,0,0,0,0,1.63238348475187e-07,0,0,2.84376497419994e-06,0,0,0,0,0,0,0,0,0,0,0,0,0,0,0,0,0,0,0,0,0,0,0,0,0,0,0.000714694110920526,0,0,0,0,0,0,0,0,0,0,0,0,0,0,0,0,0,0,0,0,0,0,0,0,0,0,0,0,0,0,0,0,0,4.84439793822424e-06,0,0,0,0.000519127865186487,0,0,0,0,0,4.0126800690181e-06,0,0,0,0,0,0,0,0,0,0,0,0,0,0,0,0,0,0,0,0,0,0,0,0,0,0,0,0,0,0,0,0,0,0,0,0,0,0.000817757009345794,0,6.8260783497273e-06,0.990727087114338,0,0,0,0,0,0,0,0,0,0,0,0,0,0,0,0,0,0,0,0,0,0,0,0,2.92260930558803e-05,0,0,0,8.06907124989914e-05,0,0,0,0,0.000179710665828017,0,0,0,0,0,0,0,0,0,0,0,0,0,0,0,0,0,0,0,0,0,0,0,0,0,0,0,0,0.000233205070544534,0,0,0,0,5.53617892930299e-05,0,0,0,0,0,0,0,0,0,0,0,0,0,0,0,0,0,0,0,0,0,0,0,0,0,0,0,0,0,0,0,0,0.000364127058924326,0,0,0,0,8.10569830590905e-05,0,0,0,0,0,0,0,0,0,0,0,0,0,0,0,0,0,8.30514428942431e-07,0,0,0,0,0,0,0,0,0,0,0,0,0,0,0,0,0,0,0,0,0,4.63821892393321e-05,0,0,3.66099212886692e-05,3.2916392363397e-05,0,0,0,0,0,0,0,0,0,0,0,0,0,0,0.000101564086938858,0,0,0,0,0,0,0,0,0,0,0,0,0,0,0,0,0,0,6.83060109289617e-05,0,0,0,0,0,0,0,2.44176393026322e-05,0,0,0,0,0,0,0,0,0,0,0,0,0,0,0,0,0,0,0,0,0,0,0,0,0,0,0,0,0.00393945676964545,0,0,0,0,0,0,0,0,0,0,0,0,0,0,0,0,0,0,0,0,0,0,0,0,0,0,0.000124641655241182,0,0,0,0,0,0,0,0,0,0,0,0,0,0,0,0,0
0,0,6.6795805223432e-05,0,0,0,1.43180731309903e-06,0,0,0,0,0,0,0,0,0,0,0,0,0,0,0,0,0,0,0,0,0,0,0,0,0,0,0,0,0,0,0,0.000661959399823478,0,0,7.74035744970703e-06,0,0,0,0,0,0,0,0,0,0,0,0,0,0,0,0,0,0,0,0,0,0,0,0,0,0,0,0,0,0,0,0,0,0,0,0,0,0,0,0,0,0,0,0,0,0,0,0,0,0,0,0,0,0,0,0,0,0,0,0,0,0,0,0,0,0,0,0,0,0,0,0,0,0,0,0,0,0,0,0,0,0,0,0,0,0,0,0,0,0,0,0,0,0,0,0,0,0,0,0,0,0,0,0,0,0,0,0,0,0,0,0,0,0,0,0,0,0.000872307589076025,0,0,0,0,0,0,0,0,0,0,0,0,0,0,0,0,0,0,0,0,0,0,0,0,0,0,0,0,0,0,0,0,0,0,0,0,0,0,0,0,0,0,0,0,0,0,0,0,0,0,0,0,0,0,0,0.000473770350590059,0,0,0,0,0,0,0,0,0,0,0,0,0,0,0,0,0,0,0,0,2.12143069285926e-05,0,2.09762339269608e-05,0,0,0,0,0,0,0,0,0,0,0,0,0,0,5.69605832763727e-05,0,0,0,0,0,0,0,0,1.32690051961424e-05,0,0,0,0,0,0,0,0,0,0,0,0,0,0,0,0,0,0,0,0,0,0,0,0,0,0,0,0,0,0,0.00192413413963716,0,0,0,0,0,0,0,0,0.00281405584818529,0,0,0,0,0,0,0,0,0,0,0,0,0,0,0,0,0,0,0,0,0,0,0,0,0,0,0,0,0,0,0,0,0,0,0,0,0,0,0,0,0,0,0,0,0,0,0,0,0,0,0,0,0,0,0,0,0,0,0,0,0,0,0,0,0,0,0,0,0,0,0,0,0,0,0,0,0,0,0,6.8260783497273e-06,0,0.990770765777002,0,0,0,0,0,0,0,0,0,6.1012440436605e-06,0,0,0,0,0,0,0,0,0,0,0,1.76146271864156e-05,0,0,0,0,0,0,0,0,0,0,0,0,0,0,0,0,0,0,0,0,0,0,0,0,0,0,0,0,0,0,0,0,0,0,0,0,0,0,0,0,0,0,0,0,0,0,0,0,0,0,0,0,0,0,0,0,0,0,0,0,0,0,0,0,0,0,0,0,0,0,0,0,0,0,0,0,0,0,0,0,0,0,0,0,0,0,0,0,0,0,5.51541558656445e-05,0,0,0,0,0,0,0,0,0,0,0,0.000376222723852521,0,0,0,0,0,0,0,0,0,0,0,0,0,0,0,0,0,0,0,0,0,0,0,0,0,0,0,0,0,0,0,0,0,0,0,0,0,0,0,0,0,0,0,0,0,0,0,0,0,0,0,1.67302415846885e-05,0,0,0,0.00021362956633198,0,0,0,0,0,0,0,0,0,0,0,0,0,0,0,0,0,1.4719346225518e-06,0,0,0,0.00016597510373444,0,0,0,0,0,0,0,0,0,0,0,0,0,0,0,0,0,0,0,0,0,0,0,0,0,0,0,0,0,0,0,0,0,0,0,0,0,0,0,0,0,0,0,0,0,0,0,0,0,0,0,0.000241584796263488,0,0,0,0,0,0,0,3.33935018050542e-06,0
0,0,0,0,0,0,0,0,0,0,0,0,0,0,0,0,0,0,7.63009308713566e-05,0,0,0,0,0,0,0,0,0,0,0,0,0,0,0,0,0,0,0,0,0,0,0,0,0,0,0,0,0,0,0,0,0,0,0,0,0,0,0,0,0,0,0,0,0,0,0,0,0,0,0,0,0,0,0,0,0,0,0,0,0,0,0,0,0,0,0,0,0,0,0,0,0,0,0,0,0,0,0,0,0,0,0,0,0,0,0,0,0,0,0,0,0,0,0,0,0,0,0,0,0,0,0,0,0,0,0,0,0,0,0,0,0,0,0,0,0,0,0,0,0,0,0,0,0,0,0,0,0,0,0,0,0,0,0,0,0,0,0,0,0,0,0,0,0,0,0,0,0,0,0,0,0,0,0,0,0,0,0,0,0,0.000241791189129068,0,0,0,0,0,0,0,0,0,0,0,0,0,0,0,0,0,0,0,0,0,0,0,0,0,0,0,0,0,0,0,0,0,0,0,0,0,0,0,0,0,0,0,0,0,0,0,0,0,0,0,0,0,0,0,0,0,0,0,0,0,0,0,0,0,0,0,0,0,0,0,0,0,0,0,0,0,0,0,0,0,0,0,0,0,0,0,0,0,0,0,0,0,0,0,0,0,0,0,0,0,0,0,0,0,0,0,0,0,4.01364639775236e-05,0,0,0,0,0,0,0,0,0,0,0,0,0,0,0,0,0,0,0,0,0,0,0,0,0,0,0,0,0,0,0,0,0,0,0,0,0,0,0,0,0,0,0,0,0,0,0,0,0,0,0,0,0,0,0,0,0,0,0,0,0,0,0,0,0,0,0,0,0,0,0,0,0,0,0,0,0,0,0,0,0,0,0,0,0,0,0,0,0,0,0,0,0,0,0.98155737704918,0,0.000489715964740451,0,0,0,0,0,8.54828713696493e-05,0,0,0,0,0,0,0,0,0,0,0,0,0,0,0,0,0,0,0,0,0,0,0,0,0,0,0,0,3.06020293517179e-05,0,0,0,0,0.00168796720520858,0,0,0,0,0,0,0,0,0,0,0,0,0,0,0,0,0,0,0,0,0,0,0,0,0,0,0,0,0,0,0,0,0,0,0,0,0,0,0,0,0,0,0,0,0,0,0,0,0,0,0,0,0,0,0,0,0,0,0,0,0,0,0,0,0,0,0,0,0,0,0,0,0,0,0.00128576020572163,0,0,0,0,0,0,0,0,0,0,0,0,0,0,0,0,0,0,0,0,0,0,0,0,0,0,0,0,0,0,0,0,0,0,0,0,0,0,0,0,0,0,0,0,0,0,0,0,0,0,0,0,0,0,0,0,0,0,0,0,0,0,0,0,6.83060109289617e-05,0,0,0,0,0,0,0,0,0,0,0,0.0015556938394524,0,0,0,0,0,0,0,0,0,0,0,0,0,0,0,0,0,0,0,0,0,0,0,0,0,0,0,0,0,0,0,0,0,0,0,0,0,0,0,0,0,0,0,0,0,0,0,0,0,0,0,0,0,0,0,0,0,0,0,0,0,0,0,0,0,0,0,0,1.14503816793893e-06
0,0,6.6795805223432e-05,4.33179843275533e-06,0,0,1.43180731309903e-06,0,0,0,0,0,0,0,0,0,0,0,0,0,2.11455831105999e-06,0,0,0,0,0,0,0,0,0,0,0,0,0,0,0,0,0,0,0,0,0,0,0,0,0,0,0,0,0,0.000220215811495265,0,0,0,0,0,0,0,0,0,0,0,0,0,0,0,0,0,0,0,0,0,0,0,0,0,0,0,5.39956803455724e-05,0,0,0,3.19693094629156e-05,0,0,0,0,0,0.00028989708653428,0,0,0,0,0,0,0,0,2.04294265459969e-05,0,0,0,8.16459830176355e-06,0,0,0,0,0,0,0,0,0,0,0,0,0,0,0,0,0,0,0,0,0,0,0,0,0,0,0,0,0,0,0,0,0,0,0,0,0,0,0,0,0,0,0,0,0,0,0,0,0,0,0,0,0,8.10418743364697e-06,0,0,0,0.000301952626987855,0,0,0,0,0,0,0,0,0,0,0,0,0,0,0,0,0,0,0,0,0,0,0,0,0,0,0.000262881177707676,0.000911685428888537,0,0.000329218106995885,0,0,0,0,0,0,0,0,0,0,0,0,0,0,0,0,0,0,0,4.91827466924603e-05,0,0,0,0,0,0.000344560254974589,0,0,0,0,0,0,0,0,0,0,0,0,0,0,0,0,0,0,0,0,4.24286138571853e-05,0,0,0,0,0,0,0,0,0,0,0,0,0,0,0,0,0,0,0,0,0,0,0,0,0,7.96140311768546e-06,0,0,0,0,0,3.26476696950373e-07,0,0,0,0,0,0,0,0,0,0,0,0,0,0,0,0,0,0,0,0,0,0,0,0,0,0,0,0,0,0,0,0,3.03665239440041e-05,7.21552781585973e-05,0,0,0,0,0,0,0,0,0,0,0,0,0,0,0,0,2.17074658487294e-06,2.5306205081486e-05,0,0,0,0,0,0,0,0,0,0,0,0,0,0,0,6.6554854511088e-06,0,0,0,0.000221092195445501,0,0,0,0,0,0,0,0,0,0,0,0,0,0,0,0.000130327121073895,0,0,0,0,0,0,0,0,0,0,0,0,0,0,0,0,0,0,0,0,0,0,0,0,0,2.73043133989092e-05,0,6.23596906959342e-05,0,0.986829727187206,0,0,0,7.41886936430888e-05,5.00375281461096e-05,0,0,0.000128126124916871,0,4.17367496254127e-06,0,0,0,0,0,0,0,0,0,3.52292543728312e-05,0,1.46130465279401e-05,0,0,0,0,0,0,0,0,0,0,0,0,0,4.37171847881684e-06,0,0,0,0,0,8.95575855274942e-05,0,0,0,0,0,0,0,0,0,0,4.54256382302171e-05,0,0,0,0.00173271889400922,0,0,0,0,8.52514919011083e-05,0,0,0,0,0,0,0,0,0,0,0,0,0,0.000402454975349633,0,1.26778062324095e-05,0,0,0,0,0,0,0,0,0,0,0,5.85720142915715e-05,0,1.74258529955041e-05,0,0,0,8.97021887334051e-05,5.82852480037303e-05,2.14192387602545e-05,0,0,0,0,0,0,0,0,0,0,0,0,0.000474325740444542,0,0,0,0,0,0,6.6010957818998e-05,0.000201409869083585,0,8.30514428942431e-07,0,0,0,0,0,0,0,0,2.24294705299187e-06,0,0,0,0,0,0,0,0,0.000178858880343409,0,0,0,0,0.000155400155400155,0,0,0,0,0,0,0,0,0,0,0,0,0,0,0,0,0,0,0,0,0,0.00049800796812749,0,0,0,0,0,0,0,0,0,0,0,0,0,0,0,0,0,0,0,0,0,0,0,0.000107169649555246,0,0,0,0,0,0,1.4719346225518e-05,0,2.69302237901597e-05,0,0,0,0,0,0,0,0,0,0,0,0,0,0,0,0,0,0,0,0,0,0,0,0,0,0.000157306905773163,0,0,0,0,0,0,0,0,0,0,0,0,0,0,0,0,0,0,0,0,0,0,0,0,0,0,0,8.05282654211628e-05,0.000135007425408397,1.88331010584203e-05,0,0,0,0,0,2.70758122743682e-07,0
0,0,0,0,0,0,0,0,0,0,0,0,0,0,0,0,0,0,0,0,0,0,0,0,0,0,0,0,0,0,0,0,0,0,0,0.000501127536958156,0,0,0,0,0,0,0,0,0,0,0,0,0,0,0,0,0,0,0,0,0,0,0,0,0,0,0,0,0,0,0,0,0,0,0,0,0,0,0,0,0,0,0,0,0,0,0,0,0,0,0,0,0,7.04374163555681e-05,0,0,0,0,0,0,0,0,0,0,0,0,0,0,0,0,0,0,0,0,0,0,0,0,0,0,0,0,0,0,0,0,0,0,0,0,0,0,0,0,0,0,0,0,0,0,0,0,0,0,0,0,0,0,0,0,0,0,0,0,0,0,0,0,0,0,0,0,0,0,0,0,0,0,0,0,0,0,0,0,4.77258626449673e-05,0,0,0,0,6.0829100641747e-05,0,0,0,0.00119767309227786,0,0,0,0,0,0,0,0,0,0,0,0,0,0,0,0,0,0,0,0,0,0,0,0,0,0,0,0,0,0,0,0,0,0,0,0,0,0,0,0,0,0,0,0,0,0,0,0,0,0,0,0,0,0,0,0,0,0,0,0,0,0,0,0,0,0,0,0,0,0,0,0,0,0,0,0,0,0,0,0,0,0,0,0,0,0,0,0,0,0,0,0,0,0,0,0,0,0,0,0,0,0,0,0,0,0,0,0,0,0,0,0,0,0,0,0,0,0,0,0,0,0,0,0,0,0,0,0,0,0,0.000113374400060466,0,0,0,0,0,0,0,0,0,0,0,0,0,0,0,0,0,0,0,0,0.000459833540258426,0,0,0,0,0,0,0,0,0,0,0,0,0,0,0.00073295870999267,0,0,0,0,0,0,0,0,0,0,0,0,0,0,0,0,0,0,0,0,0,0,0,0,0,0,0,0,0,0,0,0,0,0,0,0,0,0,0,0,0.970372184133203,0,0,0,0,0,0,0,0,0,0,0,0,0,0,0,0,0,0,0,0,0,0,0,0,0,0,0,0,0,0,0,0,0,0,7.43192141398862e-05,0,0,0,0,0,0,0,0,0,0,0,0,0,0,0,0,0,0,0,0,0,0,0,0,0,0,0,0,0,0,0,0,0,0,0,0,0,0,0,0,0,0,0,0,0,0,0,0,0,0,0,0,0,0,0,0,0,0,0,0,0,0,0,0,0,0,0,0,0,0,0,0,0,0,0,0,0,0,0,0,0,0,0,0,0,0,0,0,0,0,0,0,0,0,0,0,0,0,0,0,0,0,0,0,0,0,0,0,0,0,0,0,0,0,0,0,0,0,0,0,0,0,0,0,0,0,0,0,0,0,0,0,0,0,0,0,0,0,0,0,0,0,0,0,0.000341530054644809,0,0,0,0,0,0,0,0,0,0,0,0.000311138767890479,0,0,0,0,0,0,0,0,0,0,0,0,0,0,0,0,0,0,0,0.00167024576473395,0,0,0,0,0,0,0,0,0,0,0,0,0,0,0,0,0,0,0,0,0,0,0,0,0,0,0,0,0,0,0,0,0,0,0,0,0,0,0,0,0,0,0,0,0,0,0,0,3.81679389312977e-07
0.000164365548980934,0,0,0,0,0,0,0,0.000191314329443275,0,0,0,0,0,0,0,0,0,0,0,0,0,0,0,0,0,0,0,0,0,0,0,0,0,0,0,0,0,0,0,0,0,0,0,0,0,0,0,0,0,0,0,0,0,0,0,0,0,0,0,0,0,0,0,0,3.92279930958732e-05,0,0,0,0,0,0,0,0,0,0.000217912399215515,0,0,0,0,0,0,0,0,0,0,0,0,0,0,0,0,0,0,0,0,0,0,0,0,0,0,0,0,0,0,0,0,0,0,0,0,0,0,0,0,0,0,0,0,0,0,0,0,0,0,0,0,0,0,0,0,0,0.00355946398659966,0,0,0,0,0,0,0,0,0,0,0,0,0,0,0,0,0,0,0,0,0,0,1.52615835419083e-05,0,7.32654406916258e-05,0,0,0,0,0,0,0,0,0,0,0,0,0,0,0,0,0,0,0,0,0,0,0,0,0,0,0,0,0,0,0,0,0,0,0,0,0,0,0,0,0,0,0,0,0,0,0,0,0.000301295570955107,0,0,0,0,0,0,0,0,0,0,0,0,0,0,0,0,0,0,0,0,0,0,0,0,0,0,0,0,0,0,0,0,0,0,0,0,0,0,0,0,0,0,0,0,0,0,0,0,0,0.00016326052193133,0,0,0,0,5.30760207845697e-06,0,0,0,0,0.000153491941673062,0,0,0,0,0,0,0,0,0,0,0,0,0,0,0,0,0,0,0,0,0,0,0,0,0,0,0,0,0,0,0,0,0,0,0,0,0,0,0,0,0,0,0,0,0,0,0,0,0,0,0,0,0,0,0,0,0,0,0,0,0,0,0,0,0,0,0,0,0,0,0,0,0,0,0,0,0,0,0,0,0,0,0,0,0,0,0,0,0,0,0,0,0,0,0,0,0,0,0,0,0,0,0,0,0,0,0,0,0,0,0,0,0,0,0,0,0,0,0,0,0.980398959236774,0,0,0,0,0,0,0,0,0,0,0,0,0,0,0,0,0,0,0,0,0,0,0,0,0,0,3.63279689032586e-05,0,0,0,0,0,0,0,0,0,0,0,0,0,0,0,0,0,0,0,0,0,0,0,0.000181702552920869,0,0,0,0,0,0,0,0,0,0,0,0,0,0,0,0,0,5.62841222491135e-05,0,0,0,0,0,0.00113945131036901,0,0,0,0,0,0,0,4.94657696873763e-05,0,0,0,0,0,0,0,0,0,0,0,0,0,0,0,0,0,0,0,0,0,0,0,0,0,0,0,0,0,0,0,0,0,0,0,0,0,0,0,0,0,0,0,0,0,0,0,9.12075884713608e-05,0,0,0,0,0,0,0,0,0,0,0,0,0,0,0,0,0,0,0,0,0,0,0,0,0,0,0,0,0,0,0,0,0,0,0,0,0,0,0,0,0,0,0,0,0,0,0,0,0,0,0,0,0,0,0,0,0,0,0,0,0,9.22253988748501e-05,0,0,0,0,0,0,0,0,0,0,0,0,0,0,0,0,0,0,0,0,0,0,0,0,0,0,0,0,0,0,0,0,0,0,0,0,0,0,0,0,0,0,0,0,0,0,0,0,0,0,0,0,0,0,0,0,0,0,0,0,0,0,0,0,0,0,3.81679389312977e-07
0,0,0,0,0,0,1.43180731309903e-06,0,0,0,0,0,0,0,0,0,0,0,7.63009308713566e-05,0,0,0,0,0,0,0.000258147789609551,0,0,0,0,0,0,0,0,0,0,0,0,0,0,0,0,0,0,0,0,0,0,0,0,0,0,0,0,0,0,0,0,0,0,0,0,0,0,0,0,0,0,0,0,0,0,0,0,0,0,0,0,0,0,0,0,0,0,0,0,0,0,0,7.04374163555681e-05,0,0,0.000142816338189089,0,0,0,0,0,0,0,0,0,0,0,0,0,0,0,0,0,0,0,0.000950751093363757,0,0,0,0,0,0,0,0,0,0,0,0,0,0,0,0,0,0,0,0,0,0,0,0,0,0,0,0,0,0,0,0,0,0,0,0,0,0,0,0,0,0,0,1.52615835419083e-05,0,0,0,0,0,0,0,0,0,0,0,0,0,0,0,0,0,0,0,0.000467180565288484,0,0,2.85160260066157e-05,9.67164756516273e-05,0.000141502759303806,0,0,0,0,0,0,0,0,0,0,3.65328832482117e-06,0,0,0,0,0,0,0,0,0,0,0,0,0,0,0,0,0,0,0,0,0,0,0,0,0,0,0,0,0,0,0,0,0,0,0,0,0,0,0,0,0,0,0,0,0,0,0,0,0,0,0,0,0,0,0,0,0,0,0,0,0,0,0,0,0,0,0,0,0,2.65380103922849e-06,0,0,0,0,0,1.63238348475187e-07,0,0,1.42188248709997e-06,1.91596574253252e-05,0,0,0,0,0,0,0,0,0,0,0,0,0,0,0,0,0.000148067716302256,0.000521774031707807,0,0,0,0,0,0,0,0,0,0.000431778929188256,0,0,0,0,0,8.6400552963539e-05,0,0,0,0.000113374400060466,0,6.99826792868765e-05,0,0,0,0,0,0,0,0.00151837230488916,0,0,0,0,0,0,0,0,0,0,0,0,0,0,0,0,0,0,0,0,0,0,0,0,0,0,0,0,0,0,0,0,0,0,0,0,0,0,0,0,0,0,0,0,0,0,0,0,0,0,0,0,0,0,0,0,0,0,0,0,0,0,0,0,0,0,0,0,0.991221719457014,0,0,0,2.13707178424123e-05,0,0,0,0.000812567713976165,0,0,0,0,0,0,0,0,1.76146271864156e-05,0,0,0,0,0,0,0,0,0,0,0,0,0,0,0,0.00024918795329256,0,0,0,0,0,0,0,0,0,0,0,0,0,0,0,0,4.54256382302171e-05,0,0,0,0,0,0,0,0,0,0,0,0,0,0,0,0,0,0,0,0,0.000170852554245686,0,0,0,0,0,0.000486026731470231,0,0,0,0,0,0,0,0,0,0,0,0,0,0,0,0,0,0,0,0,0,0.000116049669258443,0,0,0,0,0,0,0,0,1.10308311731289e-05,0,0,0,0,0,0,0,0,0,0,0,0,0,0,0,0,0,0,2.24294705299187e-06,0,0,9.12075884713608e-05,0,0,0,0,0,0,0,0,0,0,0,0,0,0,0,0,0,0,0,0,0,0,0,0,0,0,0,0,0,0,0,0,0,0,0,0,0,0,0,2.30781124873359e-06,0,0,0,0,0,0,0,0,0,0,0,0,0,0,0,0,0,0,0,0,0,0,0,0,0,0,0,0,0,0,0,0,0,0,0,0,0,0,0,0,0,0,0,0,0,0,0,0,0,0,0.000335281157198965,0,0,0,0,0,0,0,0,0,0,0.00544773578481444,0,0,0,0,0,0,0,0,0,0,0,0,0,0,0,0,0,0,4.50024751361325e-05,1.88331010584203e-05,0,0,0,0,0,0,5e-05
0,0,0,0,0.000130565347956652,2.76571618220538e-05,0,3.64721243553552e-06,0,0,0,0,0,0,0,0,0,0,0,0,0,0,0,0,0,0,0,0,0,0,0,0,0,0,0,0,0,0,0,0,0,0,0,0,0,0,0,0,0,0,0,0,0,0,0,0,0,0,0,0,0,0,0,0,0,0,0,0,0,0,0,0,0,0,0,0,0,0,0,0,0,0,0,0,0,0,0,0,0,0,0,0,0,0,0,0,0,0,0,0,0.00840594566888775,6.53167864141084e-05,0,0,0,0,0,0,0,0,0,0,0,0,0,0.000574382538770821,0,0,0,0,0,0,0,0,0,0,0,0,0,0,0,0,0,0,0,0,0,0,0,0,0,0,0,0,0,0,0,0,0,0,0,0,0,0,0,0,0,0,0,0,0,0,0,0,0,0,0,0,0,0,0,0,0,0,0,0,0,0,0,0,0,0,0,0,0,0,0,0,0,0,0,1.01514597799164e-05,0,0,0,0,0,0,0,0,0,0,0,0,0,0,0,0,0,1.63942488974868e-05,0,0,0,0,0.000349406009783368,0.000344560254974589,0,0,0,0,0,0,0,0,0.0117908407382092,0,0,0,0,0,0,0,0,0,0,0,0.000487929059357631,0,2.09762339269608e-05,0,0,0,0,0,0,0,0,0,0,0,0,0,0,0.00512645249487355,0,0,0,4.18616722900846e-06,0,0,0,0,2.65380103922849e-06,0,7.45156482861401e-05,0,0,0,5.71334219663153e-07,0,0,0,0,0,0,0,0,0.000414593698175788,0,0,0,0,0,0,0,0,0,0,0,0,0,0,0.00310143517392362,0,0,0,0,0,0,0,0,0.000121466095776017,0,0,0,0,0,0,0,0.000362056480811006,0,0,0,0,0,0,0,0,0,0,0,0,0,0,0,0,0,0,0,0,0,0,0,0,0,0,0,0.00101163378856854,0,0,0,0,0,0,0,0,0,0,0,0,0,0,0,0,0,0,0.000130327121073895,0,0,0,0,0,0,0,0,0,0,0,0,0,0,0,0,0,0,0,0,0,0,0,0,0,0,0,0,0,0.000495123038074962,0,0,0,0.993799944888399,5.00375281461096e-05,0,0,0.000189138565353476,0,0,0,0,0,0,0,0,0,0,0,0,0,0,0,0,0,0,0,0.000300480769230769,0,0,0,0,0,0,0,0,0,0,0,0,0,0,0,0,0,1.14982838811307e-05,0,0,0,0,0,0,0,0,0,0,0.000331797235023041,0,0,0,0,0,0,0,0,0,0,0,0,0,0,0,0,0,0,0.00130797866988631,0,1.26778062324095e-05,0,0,0,0,0,0,0,0,0,0,0,0.000117144028583143,0,0,0,0,0,0,0.000407996736026112,0,0,0,0,0,0,0,0.00117896722471115,0,0,0,0,0,2.20616623462578e-05,0,0,0,0,0,0,0.000132021915637996,0,0,8.30514428942431e-07,0,0,0,0,0,0,0,3.97413632082408e-06,2.24294705299187e-06,0,0,0,0,0,0,0,2.38685131348428e-06,0,0,0,0,0,0,0,0,0,0,0,0,0,0,0,0,0,0,0,0,0,0,0,0,0,4.82951801410219e-05,0,0.000664010624169987,0,0,0,0,0,0,0,0,0,0,0,0,0.000427259132663961,0,0,0,0,0,0,0,0,0,2.44176393026322e-05,0,0,0,0,0,0,0,1.4719346225518e-05,0,0,0,0,0,0,0,0,0,0,0,8.21247310415058e-06,7.25067467527853e-07,0,2.19741583897337e-05,0,0,0,0,0,0,0,0,0,0,0,0,0,0,0,0,0,0,0,0,0,0,0,0,0,0,0.000613824921291804,0,0,0,0,0,0,0,0,0,0,0,0,0,0,0,1.88331010584203e-05,0,0,0,0,0,8.12274368231047e-07,0
0,0,6.6795805223432e-05,4.33179843275533e-06,0,0,2.86361462619806e-06,0,0,0,0,0,0,0,0,0,0,0,0,0,0,0,0,0,0,0,0,0,0,0,0,0,0,0,0,0,0,0,0.000661959399823478,0,0,0,0,0,0.000100755667506297,0,0,0,0,0,0,0,0,0,0,0,0,0,0,0.000133333333333333,0,0,0,0,0,0,0,0,0,0,0,0,0,4.94875563539548e-06,0,0,0,0,0,0,0,0,3.19693094629156e-05,0,4.23599579789217e-06,0,0,0,9.66323621780934e-05,0,0,0,0,0,0,0,0,2.04294265459969e-05,0,0,0,0,0,0,0,0,0,0,0,0,0,0,0,0,0,0,0,0,0,0,0,0,0,0,0,0,0,0,0,0,0,0,0,0,0,0,0,0,0,0,0,0,0,0,0,0,0,0,0,5.82648721086057e-05,0,0,0,0,0,0,3.05231670838166e-05,0,0,0.00060390525397571,0,0,0,0,0,0,0,0,0,0,0,0,0,0,0,0,0,0,0,0,0,0,0,0,0,0,0.000525762355415352,0,1.27019611828066e-05,0.00460905349794239,0,0,3.65328832482117e-06,0,0,0,0,0,0,0,0,0,0,0,4.20698359276399e-06,5.37432149191165e-05,0,0,0,1.63942488974868e-05,0,0,0,0,0,8.61400637436472e-05,0,0,0,0,0,0,0,0,0,0,0,0,0,0,0,0,0,0,0,0,0,0,6.29287017808823e-05,0,0,0,0,0,0,0,0,0,0,0,0,0,0,0,0,0,0,0,0,0,0,0,5.30760207845697e-06,0,0,0,0,0,6.52953393900746e-07,0,0,1.42188248709997e-06,9.57982871266262e-06,0,0,0,0,0,9.13876297704343e-06,0,0,0,0,0,0,0,0,0,0,0,0,0,0,0,0,0,0,0,0,0,0,0,0,0,0,0,0,0,0,0,0,0,0,0,0,0,0,0,0,0,0,0,0,0,0,0,0,0,0,0,0,0,4.84439793822424e-06,0,0,0,6.6554854511088e-06,0,0,0,0,1.39125982751161e-06,0,0,0,0,0,0,0,0,0,0,0,0,0,2.12089077412513e-05,0,0,0,0,0,0,0,0,0,0,0,0,0,0,0,0,0,0,0,0,0,0,0,0,0,0,2.04782350491819e-05,0,0,0,4.95123038074962e-05,0,0,0,0,0.983187390542907,0,0,6.1012440436605e-06,0,4.17367496254127e-06,0,0,0,0,0,0,0,0,0,3.52292543728312e-05,0,1.46130465279401e-05,0,0,0,0,0,0,0,0,0,0,0,0,0,0,0,0,0,0,0,0,0,0,0,1.14982838811307e-05,0,0.00519480519480519,0,0,0,0,4.54256382302171e-05,0,0,0,0.000405529953917051,0,0,0,0,0.000255754475703325,0,0,0,0,0.0016025641025641,0,0,0,0,0,0,0,0,0,0,0,0,0,0,0,0,0,0,0,0,0,0,0,0,0,0,0,0,0.00017940437746681,0,0,0,0,0,0,0,0,0,0,0,0,0,0,0.000926589818542827,0,0,0,0,0,0,0,0,0,0,0,0,0,0,0,0,0,0,0,0,0,0,0,0,0,0,0,4.47147200858523e-05,0,0,0,0,0.000155400155400155,0,0,0,2.6967189021118e-06,0,0,0,0,0,0,0,0,0,0,0,0,0,0.00284379443428804,0,4.82951801410219e-05,0,0,0,0,0,0,0,0,2.30781124873359e-06,0,0,0,0,0,0,0,0,0,0,0,0,0,0,0,0,0.000214339299110492,0,0,0,0,0,0,2.94386924510361e-06,0,0,0,0,4.65202828433197e-05,0,0,0,0,0,1.38513747489438e-05,0,2.90026987011141e-06,0.000414164423276041,3.29612375846005e-05,0,0,0,0,0,0,0,0,0,0,0,0,0.000943841434638981,0,0,0,0,0,0,0,0,3.96852168598675e-06,0,0,0,0,1.98008039126389e-05,0,0,0,0,0,0,0,0,0,0,0,0,0,8.05282654211628e-05,0,1.88331010584203e-05,0,0,0,0,0,2.70758122743682e-07,0
0,0,0,0,0,0,0,3.64721243553552e-06,0,0,0,0,0,0,0,0,0,0,0,0,0,0,0,0,0,0,0,0,0,0,0,0,7.44956643523347e-06,0,0,0,8.75886835420864e-05,0,0,0,4.43390161172324e-05,0,0,0.00222048066875653,0,0,0,0,0,0,0,0,0,0,0,0,0,0,0,0,0,0,0,0,0,0,0,0,0,0,0,0,0,2.47437781769774e-06,0,0,0,0,0,0,0,0,0,0,1.27079873936765e-05,3.56188780053428e-05,0,0,0,0,0,0,0,3.076232107865e-06,3.86880869708195e-05,0,0,0,0,0,0,0,0,0,0,0,9.97381872584466e-05,0,0,0,0,0,0,0,1.385148986625e-06,0,0,0,1.63337841457758e-05,0,0,0,0,0,0,0,0,0,0,0,0,0,0,0,2.58856114828573e-05,0,0,0,0,0,0,0,0,0,0,0,0,0,0,0,0,0,0,0,0,0,0,0,0,0,0,0,0,0,3.82160736805901e-05,0,2.46889196128777e-05,0,0,0,0,0,0,0,0,0,0,0,0,0,0,0,0,0,0,0,0,0,0,0,0,0,0,0,0,0,0,0,0,0,0,0,0,0,0,0,0,0,0,0,0.000301431801055011,0,0,0,0,0,0,0,0,0,0.000161030595813205,0,0,0,0,0,0,0,0,0,0,0,0,0,0,0,0,0,0,0,2.75444153697838e-05,0,0,2.39097169089518e-05,0.000204610557904788,0,0,0,0,0,0,0,0,0,0,0,0,0,0,0,5.82055237041995e-05,0,0,0,0,0,0,0,4.8971504542556e-07,0,0,0.000129391306326097,0,2.83136129019471e-06,0,0,0,0,9.13876297704343e-06,0,0,0,0,0,0,0,0,0,0,0,0,0,0,0,0,0,0,0,0,0,0,0,0,0,0,0,0,0,0,0,0,0,0,0,0,0.00231502916936753,0,0,0,2.17074658487294e-06,0,0,0,0,0,0,0,0,0,0,0,0,4.84439793822424e-06,0.000362884203650615,0,0.000101337657073368,0,0,0,0,0,0,0,0,0,0,0,5.16862643752423e-06,0,0,0,0,0,0,7.94817788022096e-06,0,0,0,0,0,0,0,0,0,0,0,0,0,0,0,0,0,0,0,0,0,0,6.7598017124831e-05,0,0,0,0,0,0,0,0,0,0,0,0,0,0,0.983541847862447,0,0,0,4.17367496254127e-06,0,0,0,0,0,0,0,0,0,0,0,0,0,0,0,0,0,0,0,0,0,0,0,0,0,0,0,0,0,0,0,0,0,0,0,0,0,0,0,0,0,0.000222074172773706,0,0,0,0,0,0,0.000275558004960044,0,0.00274115650698342,0,0,0,0,0,0,1.2903891813771e-05,0,0,0,0,0,0,0,0,0,0,0,0,0,0,0,0,0,0,0,0,0,0,0,1.74258529955041e-05,0,0,0,0,0,0,0,0,0,0,0,0,0,0,0,0,1.63259975184484e-05,0,0,0,0,0,0,0,0,0,0,0,0,0,0,0,0,0,0,0,0,0,0,0,0,0,0,0,0,0,0,3.92623905560863e-05,0,0,0,0,0,0,0,0,0,0,0,0,0,0,0,0,0,0,0,0,0,0,0,0,0,0,0,0,0,0,0,0,0,0,0,0,0,0,0,0,0,0,0,0,0,0,0,0.000255015300918055,0,0,0,0,0,0,0,0,0,0,0,0,0,0.000465202828433197,0,0,6.09533097647202e-05,0,0,0,0,0,0,0,0,0,0,0,0,0,0,0,0,0,0,0,0,0,0,0,0,0,0,0,0,1.98426084299338e-05,0,0,0,0,0,0,0,0,0,0,0,0,0,0,0,0,0,0,0,0,0,0,0,0,4.79156684235745e-08,0,0,0
0,0,0,0,0,0,0,0,0,0,0,0,0,0,0,0,0,0,0,0,0,0,0,0,0,0.00877702484672475,0,0,0,0,0,0,0,0,0,0,0,0,0,0,0,0,0,0,0,0,0,0,0,0,0,0,0,0,0,0.000135098621994056,0,0,0,0,0,0,0,0,0,0,0,0,0,0,0,0,0,0,0,2.56367528488842e-05,0,0,0,0,0,0,0,0,0,0,0,0,0,0.00140874832711136,0,0,0,3.076232107865e-06,0,0,0,0,0,0,0,0,0,0,0,0,0,0,0,0,0,0,0.00152120174938201,0,1.385148986625e-06,0,0,0,0,0.000185082361650935,0,0,0,0,0,0,0,0,0,0,0,0,0,0,0,0,0,0,0,0,0,0,0,0,0,0,0,0,0,0,0,0,0,0,0,0,0,0,0,0,0,0,0,0,0,0,0,0,0,0,0,0,0,0,0,6.0829100641747e-05,0.00911002102312544,0,0,0.000427740390099236,0.00730209391169786,0,0,0,0,0,0,0,0,0,0,1.52271896698745e-05,0,0,0.00544402858115005,0,0,0,1.82575038340758e-05,0,0,0,0,0,0,2.68716074595582e-05,0,0,0,0,0,0,0,0,0,0,0,0,0.000120148984741079,0,0,0,0,0,0,0,0,0,0,0,0,0,0,0,1.61762564907229e-05,0,0,0,0,0,0,0,0,0,0,0,0,0,0,0,0,0,0,0,0,0,0.00428319475938524,4.18616722900846e-06,0,0,0,0,0,0,0,0,0,0,8.16191742375933e-08,0,0,0,0,0,0,0,0,0,0,0,0,0.00264042246759482,0,0,0,0,0,0,0,9.87118108681704e-05,4.01364639775236e-05,0,0,0,0,0,0,0,0,0,0.00215889464594128,0,0,0,1.09635899178827e-05,0,0,0,0,0,3.77914666868221e-05,0,8.74783491085956e-05,0,0,0,0,0,0,4.34149316974587e-06,0.000303674460977832,0,0.00325821341297855,0,0,0,0,0,0,0,0,0.000137950062077528,0,0,0,0,6.6554854511088e-06,0,0,0,0,0,0,0,0,0,0,0,0,0,0,0,0,0,0,0,0,0,0,0,0,0,0,0,0.000100190361687206,0,0,0,0,0,0,0,0,0,0,0,0,0,0,0,0,0,0,0,0,0.00136612021857923,0,0,0,0.000158371040723982,0,0,0,0.986579189194965,0,0,4.17367496254127e-06,0.000541711809317443,0,0.000169124611013395,0,0,0,0,0,0,0,6.10910868104344e-05,0,0,0,0,0,0,0,0,0,0,0,0,0,0,0.000209842486983208,0,0,0,3.5405624537514e-06,0.00204967446346757,0,0,0.00142517814726841,0,0,0,0.000108225108225108,0,0,0,0,4.54256382302171e-05,0,0,0,0,0,0,0,0,0,0,0,0,0,0,0,0,0,0,0,0,0,0,0,0,0,0,0,0,0,0,0,2.47328848436882e-05,0,0,0,0,0,0,0,0,0,0,0,0,0,0,0,0,0,0,0,0,0,0,0,0,0,1.10308311731289e-05,0,0,3.12052399838981e-06,0,0.000321440051430408,0,0,0,0,0,0,0,0,5.47675119119338e-05,0,0,0,3.97413632082408e-06,0,0,0,0.000182415176942722,0,0,0,0,0,0,0,0,0,0,0,0,0,0,0,0,0,0,0,0,0,0,0,0,0,0,0,0,0,0,0,0,0,0,0,0,0,0,0,0,0,0,0,0,0,0,0,0.000546448087431694,0,0,0,0,0,0,0,0,0,0,0,0.000622277535780958,0,0,0,0,0,0,0,0,0,0,0,0,0,0,0,0,7.25067467527853e-07,0,0,0,0,0,0,0,0,0,0,0,0,0,0.000143691924513842,0,0,0,0,0,0,0,0,0,0,0,0.00179775280898876,0,0,0,0,0,0,0,0,0,0,0,0,0,0,0,0,0,0,0,0,0,0,0,0,1.80505415162455e-07,4.9618320610687e-06
0,0,6.6795805223432e-05,8.66359686551065e-06,0.000783392087739914,8.29714854661615e-05,0,2.91776994842842e-05,0,0,0,0.000288267512251369,0,0,0,0,0,0,0,2.52816800519117e-05,0,0,0,0,0,0,0,0,0,0,0,0,7.44956643523347e-06,0,0,0,0,0,0,0,0,0,0,0,0.000201511335012594,0,0,0,0.000275512453162883,0,0,0,0,0,0,0,0,0,0,0,0,0,6.47295276686366e-06,0,0,0,0,0,0,0,0,0,0,1.48462669061864e-05,1.30206637934402e-05,0,0,0,0.00226781857451404,0,0,0,3.19693094629156e-05,0,4.23599579789217e-06,0,1.58105266486427e-05,0,0,0,0,9.85512959495417e-06,0,0,9.67202174270488e-06,0,0,0.000306441398189953,0,0,0.000102511532547412,0.000424559111691705,0,0,0,1.43423666339183e-05,0,0,0,0,0,0,0,0,5.54059594650001e-06,0.000287191269385411,0,0,3.26675682915515e-06,0,0,0,0,0,0,3.35979733702463e-06,0,0,0,0,0,0,0,0,0,0,0,0,0,0,0,0,0,0,0,0,0,0,3.50274965848191e-05,0,0,0,0,0,0,8.10418743364697e-06,0,0.000120685493603669,0,3.35502918875394e-05,0,0,0,0,0,0,0,0,0,0,0,0,0,0,0,0,0,0,0,2.85160260066157e-05,0,0,0,0,0,5.08957654723127e-05,0.0010515247108307,0.00642143649912795,0,0.000164609053497942,0,0,0,0,0,0,0,5.31575590048905e-05,0,0,0,0,0,0,8.41396718552798e-06,5.37432149191165e-05,0,0,0,0.000196730986769841,0,8.55937208446388e-06,0,1.46447191142874e-05,0,8.61400637436472e-05,0,0,0,0,0,0,0,0,0.00119617224880383,1.77550513120983e-05,0,0,0,0,0,1.38404473232575e-05,0,0,0,0,0.0017395731681446,0,4.19524678539215e-05,0,0,0,0,0,0,0,0,0,0,0,0,0,0,0.000113921166552745,0,0,0,0,0,5.50751776174478e-05,0,0,7.96140311768546e-06,0,0,0,0,0,3.34638614374132e-06,0,6.60472898595394e-05,1.42188248709997e-06,0,0,0,0,3.32845160431367e-05,0,0,6.20628448366816e-06,0,0,0.000239234449760766,0,1.90124912067228e-05,0,0,0,0,0,0,0,6.08124543906592e-05,0,0,0,0,0,0,0,0,0.00397801463666454,0,0,0,0,0,0,0,0,0,0,0,0,0,0,0,0,0,0,0,0,0,0,0,0,2.8048130592096e-05,1.07308802541072e-05,0,0,3.58628604217472e-05,0,0,0,0,0,6.6554854511088e-06,0,0,0,0,4.17377948253482e-06,1.20380402070543e-05,0,2.04561726500972e-05,0,0,0,0,0,0,0,0,0,0,8.48356309650053e-05,0.000260654242147791,0,0,0,0,0,0,0,0,0,0,0,0.000190132141838578,0,0.000458155161881491,0,0,0.00437530384054448,0.000256180350967081,0,0,0,0,0,0,0,2.73043133989092e-05,0,0,0,0.000940733772342427,0,0,0,0.000349746698603133,0.000100075056292219,0,0,0.99054917297637,0,1.25210248876238e-05,0,0,0,0,0,8.00403403315271e-06,0.000548226828850437,0,0,5.28438815592468e-05,0,1.46130465279401e-05,1.66184730946921e-05,0,0,0,0,0,0,0,0,0,0,0,2.43593491181916e-05,0,0,0,0,3.5405624537514e-06,0,0.000179115171054988,0,0,0,5.17422774650883e-05,9.82163903512218e-06,0,0,0,0,0,0,0,0,0,0.000110599078341014,0,0,1.66575050388953e-05,0,8.52514919011083e-05,0,0,2.7680894646515e-05,0,0.000400641025641026,0,0,0,0,0,0,0,0,0.000754603078780561,0,3.80334186972286e-05,0,0,0,0,0,0,0,0,0,0,0,0.000615006150061501,0,0,0,0,0,8.97021887334051e-05,0.000233140992014921,0,0,0,0,0,0,0,0.000235793444942231,0,0,0,1.63259975184484e-05,0,2.20616623462578e-05,0,0,6.24104799677962e-06,0,0,0,0,0,0,1.32882308630789e-05,0,0,0,0,2.73374922771584e-06,0,0,3.97413632082408e-06,2.24294705299187e-06,0,0,0,0,0,0,0,4.77370262696856e-06,0.00040243248077267,0,0,0,0,0.000466200466200466,0,0,0,0,0,0,0,0,0,0,0,0,0,2.49421964597046e-06,0,0,0,0,0,0.00144885540423066,0,0.00265604249667995,0,0,0,0,0,0,9.23124499493435e-06,0,0,0,0.000161995788109509,2.83865107301011e-05,0,0,0,0,7.22700007227e-05,0,0,0,0,2.83350334353395e-05,0,0,0,9.43654396014004e-06,0,0,0,0,0.000254644689701462,0,0.000161581342740958,0,0.0232365145228216,0,0,0,0,0,0,1.38513747489438e-05,0.00108404644974788,0,0,0.000120857871143535,0,0,0,0,0,0,0,0,0,0,0,0,0,0,0,0,0,0,0,0,0,0,0,0,0,0,0.000158406431301111,0,0,0,0,0,0,0,0,0,0,0,0,1.53016334493707e-05,0,0,0.000150664808467362,0,0.000233790523690773,0,0,0,8.12274368231047e-07,0
0,0.000395022713806044,0,0,0,0,0,0,0,0,0,0,0,0,0,0,0,0,0,0,0,0,0,0,0,0,0,0,0,0,0,0,0,0,0,0,0,0,0,0,0,0,0,0,0,0,0,0,0,0,0,0,0,0,0,0,0,0.00246819821530283,0,0,0,0,0,0,0,0,0,0,0,0,0,0,0.000473484848484848,0,0,0,0,0,0,0,0,0,0,0,0,0,0,0,0,0,0,0,9.52108921260592e-05,0,0,0,0,0,0,0,0,0,0,0,0,0,0,0,0,0,0.00214489990467112,0,0,0,0,0,0,0,0,0,0,0,0,0,0,0,0,0,0,0,0,0,0,0,0,0,0,0,0,0,0,0,0,0,0,0,0,0,0,0,0,0,0,0,0,0,0,0,0,0,0,0,0,0,0,0,0,0,0,0,0,0,0,0,0,0,0,0,0,0,0,0,0,0,0,0,0,0,0,0,0,0,0,0,0,0,0,0,0,0,0,0,0,0,0,0,0,0,0,0,0,0,0,0,0,0,0,0,0.000120148984741079,0,0,0,0,0,0,0,0,0,0,0,0,0,0,0,0,0,0,0,0,0,0,0,0,0,0,0,0,0,0,0,0,0,0,0,0,0,0,0,0,0,0,0,2.65380103922849e-06,0,0,0,0,0,0,0,0,0,0,0,3.74728321966574e-05,0,0,0,0,0,0,0,0,0,0,0,0,0,0,0,0,0,0,0,0,0,0,0,0,0,0,0,0,0,0,0,0,0,0,0,0,0,5.24870094651574e-05,0,0,0,0,0,0,2.17074658487294e-06,0,0,0,0,0,0,0,0,0,0,0,0,0,0,0,0,0,0,0,0.00148038490007402,0,0,0,0,0,0,0,0,0,0,0,0,0,0,0,0,0,0,0,0,0,0.00126167045167802,1.67156993848623e-05,0,0,0,0.000172205958326158,0,0,0,0,0,0,0,0,0,0,0,0,0,0,0,0,0,0,0,0,0,0,0,0,0,0,0,0,0.983156258097953,0,0,0,6.76498444053579e-05,0,0,0,0,6.18773590743147e-05,0,0,4.07273912069562e-05,0,0,0,0,0,0,0,0,0,0,0,0,0,0,0,0,0,0,0,0,0,0,0,0,0,0,0,0,0,0,0,0,0,0,0,0,0,0,0,0,0,0,0,0,0,0,0,0,0,0,0,0,0,0,0,0,0,0,0,0,0,0,0,0,0,0,0,0,0,0,0,0,0,0,0,0,0,0,0,0,0,0,0,0,0,0,0,0,0,0,0,0,0,0,0,0,0,0,0,0,0,0,0,0,0,0,0,0,0,0,0,0,0,0,0,0,2.38685131348428e-06,0,0,0,0,2.3191094619666e-05,0,0,0,0,0,0,0,0,0,0.000203832042397065,0,0,0,0,0,0,0,0,0,0,0,0,0,0,0,0,0,0,0,0,0.000118764845605701,0,0,0,0,0,0.000520291363163372,0,0,0,0,0,0,0,0,0,0,0,0,0,0,0,0,0,0,0,0,0,0,0,0,0,0.000184009568497562,0,0,0,0,0,0,0,0,0,0,0,0,0,0,0,0,0,0,0,0,0,0,0,0,0,0,0,7.93704337197351e-06,0,0,0,0,0,0,0,0,0,0,0,0.000646342777119466,0,0,0,0,0,0,0,0,0,0,0,4.37608034483513e-05,0,0,0,3.81679389312977e-07
0,0,0,0.00046350243230482,0,2.76571618220538e-05,7.15903656549516e-06,2.18832746132131e-05,0,0,0,0,0,0,0,0,0,0,0,4.21361334198529e-05,4.22911662211997e-06,0,3.28304798174625e-05,0,0,0,0,0.00036759300102926,0,0,0,0.000163914272835307,0.000126642629398969,0,0,0,0,0,0,0.000289771080846132,0,6.96632170473633e-05,0,0,0,0,0,0,5.51024906325766e-05,0,0,0,0.00014682131845544,0.000493218249075216,0,0,0,0,0,0,0,0,6.47295276686366e-06,0,0,0,0,0,0,0,0,0,0,0.000452811140638686,2.60413275868804e-05,0,0,0,0,0,0,0,0,0,1.27079873936765e-05,5.34283170080143e-05,3.16210532972853e-05,0,0,0,0,6.89859071646792e-05,0,6.15246421573001e-06,3.86880869708195e-05,0,0,4.08588530919937e-05,9.52610788634718e-06,8.2060035121695e-06,0,1.63291966035271e-05,0,0,0,1.43423666339183e-05,0,7.32520235871516e-05,0,0,0,0,0,0,5.54059594650001e-06,0,0,0.000121764542165321,0.00148637435726559,0,0,0.000440722785368004,0,0,0.000117887456774599,0,0,0,0,2.20266743025804e-05,0,0,0,0,0,0,0,0,0.000203848662752772,0,0,0,3.63993739307684e-05,0.000171600171600172,0,0,0,0,0,0,0.000267916945746818,0,0,0,0,0,1.52615835419083e-05,0.000120685493603669,0,3.35502918875394e-05,0,0,1.33738114025116e-05,0,0,0,0,0,0,0,0,0,0,1.06086163181736e-05,0,0,0,0,0,0,0,0,0,0,0,5.08957654723127e-05,0,0,8.89137282796464e-05,0.000164609053497942,0.000280741156653565,0,7.30657664964234e-06,6.90455148033584e-06,0,0,0,0,0,0,0,0,0,0,8.41396718552798e-06,0,8.34741960391494e-05,0,0,3.27884977949735e-05,0,8.55937208446388e-06,0,0,0,0,0,0,0,0.00114514743773261,0.000161030595813205,0,0,0,0,0,9.98213198374909e-06,0,0,0,4.90329992084673e-05,0.00123179981176992,0,0,0,0,0,0,2.09762339269608e-05,0,0,0,0,2.39097169089518e-05,0,0,0,0,0,0,0,0,0,0,0,0,0,8.37233445801693e-06,0,0.000220300710469791,0,0,1.85766072745994e-05,0,0,0,0,0,9.05972834037285e-06,0,2.20157632865131e-05,5.68752994839988e-06,0,2.83136129019471e-06,0,0,9.98535481294102e-05,0,0.00131598186869425,1.24125689673363e-05,0,0,0,0,0,0,0,0,0,4.93559054340852e-05,0,7.1301247771836e-05,0,0,0,0,0,0,0,3.18025696476275e-05,0,0,0,0,4.38543596715308e-05,0,0,0,0,0,0,0,0,1.20235661897319e-05,0,0,0,0,0,2.17074658487294e-06,0,0,0,0,0,5.62682871933378e-05,0.000224385044736768,7.51161617787507e-05,0.000132520540683806,0,0.000251040022952231,0,9.68879587644848e-05,0.000108865261095185,0,0,1.33109709022176e-05,0,4.96450379784541e-05,0,0,4.17377948253482e-06,8.02536013803619e-06,8.84642604387827e-05,4.09123453001943e-05,5.26731630234396e-05,0,0.0221785760434165,0,0.000150127608467197,0,0,0,0,0,0,0,0,0,0,0,0,0,0,0,0,0,0,4.75330354596445e-05,0,0.00015271838729383,0,0,0,0,0.000102637791234733,4.15016482083146e-05,0,0.000240697058681943,0,0,0,2.04782350491819e-05,0,0,0,0,0,0,0,0,0,0,0,1.83037321309815e-05,0,0.967407772217515,0,0,0,0,0,0,3.42641768031523e-05,3.09386795371574e-05,0,0,2.03636956034781e-05,1.46130465279401e-05,0.018512979027487,0,3.57595811837852e-06,0,0,0,0,0.000207986688851913,0,0,0,0,0,0,0,5.94078228221092e-06,4.00978387264926e-05,0.00173133503988444,0,0,0,0,0,3.44948516433922e-05,0,0,3.28601472134595e-05,0,0,0.000222074172773706,0,0,4.71253534401508e-05,0,0,0,0,0,0,8.52514919011083e-05,0,7.5642965204236e-05,0,0,0,0,0,0,0,0,0,0,0,0,0,0,0.000101117346680823,0,0,0,0,0,0,0,0,5.92541872959022e-05,0,2.92860071457857e-05,0,0,5.3984020729864e-05,0,0,0,0,0,0,0,0,0,0,0,0,0,0,2.90338970748349e-05,0.000244889962776726,0,0,0,0,1.5602619991949e-05,0,0,0,0,0,0,0.000396985897034482,0,0,0,0,2.73374922771584e-06,0,0,5.56379084915371e-05,8.97178821196747e-06,0.000247575820094904,0.0001998001998002,0,0,0,0,0,7.39923907180126e-05,0,0.000117787171668259,0,1.44684298859888e-05,0,0.000155400155400155,0,7.32198425773385e-05,0,1.07868756084472e-05,0,0,0,0,0,0,0,0,0,2.49421964597046e-06,0,0,1.13737176133391e-05,0,0,0,0,0,0,0,0,0,0,0,9.23124499493435e-06,0,0.000200762899016262,0,0.000485987364328527,0.000283865107301011,0,0,0,0,0,0,9.6515780330084e-05,0,0,2.83350334353395e-05,0,0,0,2.35913599003501e-06,0,0,0,0,2.20790193382771e-05,0,0,0,0,0,0,0,0,0,0,1.38513747489438e-05,0,7.25067467527853e-06,0,0,0,0,0,0,5.8173356602676e-05,0,0,0,0,0,0,0,0,0.00016463615409944,1.59979522621104e-05,0,0,0,0,0,0,2.38111301159205e-05,0,0,0,0,0,0,0,5.5972237770066e-05,0,0,0,0,0,0,0,0,0,0,0,0,1.88331010584203e-05,0,0,2.18804017241757e-05,5.2707235265932e-07,6.07533414337789e-08,9.02527075812274e-08,0
0,0,0,0,0,0,0,0,0,0,0,0,0,0,0,0,0,0,7.63009308713566e-05,0,0,0,0,0,0,0,0,0,0,0,0,0,0,0,0,0,0,0,0,0,0,0,0,0,0,0,0,0,0,0,0,0,0,0,0,0,0,0,0,0,0,0,0,0,0,0,0,0,0,0,0,0,0,0,0,0,0,0,0,0,0,0,0,0,0,0,0,0,0,0,0,0,0,0,0,0,0,0,0,0,0,0,0,0,0,0,0,0,0,0,0,0,0,0,0,0,0,0,0,0,0,0,0,0,0,0,0,0,0,0,0,0,0,0,0,0,0,0,0,0,0,0,0,0,0,0,0,0,0,0,0,0,0,0,0,0,0,0,0,0,0,0,0,0,0,0,0,0,0,0,0,0,0,0,0,0,0,0,0,2.85160260066157e-05,0,0,0,0,0,0,0,0,0,0,0,0,0,0,0,0,0,0,0,0,0,0,0,0,0,0,0,0,0,0,0,0,0,0,0,0,0,0,0,0,0,0,0,0,0,0,0,0,0,0,0,0,0,0,0,0,0,0,0,0,0,0,0,0,0,0,0,0,0,0,0,0,0,0,0,0,0,0,0,0,0,0,0,0,0,0,0,0,0,0,0,0,0,0,0,0,0,0,0,0,0,0,0,0,0,0,0,0,0,4.93559054340852e-05,0,0,0,0,0,0,0,0,0,0,0,0,0,0,0,0,0,0,0,0,0,0,0,0,0,0,0,0,0,0,0.000556736511792692,0,0,0,0,0,0,0,0,0,0,4.59833540258426e-05,0,0,0,0,0,0,0,0,0,0,0,0,0,0,0,0,0,0,0,0,0,0,0,0,0,0,0,0,0,0,0,0,0,0,0,0,0,0,0,0,0,0,0,0,0,0,0,0,0,0,0,0,0,0,0,0,0,0,0,0,0,0,0,0,0,0.984290357529794,0,0,0,0,0,0,0,0,0,0,0,0,0,0,0,0,0,0,0,0,0,0,0,0,2.18585923940842e-05,0,0,0,0,0,0,0,0,0,0,0,0,0,0,0,0,0,0,0,0,0,0,0,0,0,0,0,0,0,0,0,0,0,0,0,0,0,0.000170852554245686,0,0,0,0,0,0,0,0,0,0,0,0,0,0,0,0,0,0,0,0,0,0,0,0,0,0,0,0,0,0,0,0,0,0,0,0,0,0,0,0,0,0,0,0,0,0,0,0,0,0,0.000109535023823868,0,0,0,0,0,0,0,0,0,0,0,0,0,0,0,0,0,0,0,0,0,0,0,0,0,0,0,0,0,0,0,0,0,0,0,0,0,0,0,0,0,0,0,0,0,0,0,0,0,0,0,0,0,0,0,0,0,0,0,0,0,0,0,0,0,0,0,0,0,0,0,0,0,0,0,0,0,0,0,0,0,0,0,0,0,0,0,0,0,0,0,0,0,0,0,0,0,0,0.0010058434715969,0,0,0,0,0,0,0,0,0,0,0.000170241743275451,0.000898876404494382,0,0,0,0,0,0,0,0,0,0,0,0,0,0,0,0,0,0,0,0,0,0,0,0,0,0
0,0,0,0,0,0,0,0,0,0,0,0,0,0,0,0,0,0,0,0,0,0,0,0,0,0,0,0,0,0,0,0,0,0,0,0,0,0,0,0,0,0,0,0,0,0,0,0,0,0,0,0,0,0,0,0,0,0,0,0,0,0,0,0,0,0,0,0,0,0,0,0.00683176771989752,0,0,0,0,0.000111982082866741,0,0,0,0,0,0,0,0,0,0,0,0,0,0,0,4.76054460630296e-05,0,0,0,0,0,0,0,0,0,0,0,0.000143410296859315,0,0,0,0,0,0,0,0,0,0,0,0,0,0,0,0,0,0,0,0,0,0,0,0,0,0,0,0,0,0,2.70160745643658e-05,0,0,0,0,0,0.000735835172921266,0,0,0,0,8.05996614814218e-05,0,0,0,0,0,0,0,0,0,0,0,0,0,0,0,0,0,0,0,0,0,0,0.000438474110096863,0,0,0,0,0,0,0,0.000105767501877373,0,0,0,0,0,0,0,0,0,0,0,0,0,0,0,0,0,0,0,0,0,0,0,0,0.00708277999114653,0,0,0,0,0,0,0,0,0,0,0,0,0,0,0,0,0,0,0,0,0,0,0,0,0,0,0,0,0,0,0,8.08812824536146e-06,0,0,0.00011877895236964,0,0.00347222222222222,0,0,0,0,0,0,0,0,0,0,0,0,0,0,0,0,0,0,0,0,0,0,0,0,0,0.000190949016612564,0,0,0,0,0,0,0,0,0,0,0,0,0,0,3.03591487294696e-05,0,0,0,0,0,0,0,0,0,0,0,0,0,0,0,0,0,0,0,0,0,0,0,0,0,0,0,0,0,3.77914666868221e-05,0,1.74956698217191e-05,0,0,0,0,0,0,1.30244795092376e-05,0,0,0,0,0,0,0,0,0,0,0,0,0,0,0,0,0,0,0,0,0,0,0,0,0,0,0,0,0,0,0,0,0,0,0,0,0,0,0,0,0,0,5.01470981545868e-05,0,0,0,0,0.000136855070480361,0,0,0,0,0.000191828122002686,0,0,0,0,0,0,0,0,0,0,0,0,0,0,0,0,0,0,0,0,0,0,0,0,0,0.983251231527094,0,0,0,0,0,0,0,0,0,0,0,0,0,0,0,0,0,0,0,0,0,0,0,4.37171847881684e-06,0,0,0,0,0,0,0,0,0,0,0,0,0,0,0,0,0,0,0,0,0,0,0,0,0,0,0,0,0,0,0,0,0,0,0,0,0.00102845389098389,0,0,0,0,0,0,0,0,0,0,0.000320615581917281,0,0,0,0,0,0,0.00596529284164859,0,0,0,0,0,0,0,0,0,0,0,0,0,0,0,0,0,0,0,0,0,0,0,0.000116658889407373,0,0,0,0,0,0,0,0,0,0,0,0,0,0,0,0,0,0,0,0,0.000110277900308778,0,0,0,0,0,0,0,0,0,0,0,0,0,0,0,0,0,0,0,0,0,0,0,0,0,0,0,0,0,0,0,0,0,0,0,0,0,0,0,0,0,0,0,0,0,0,0,0,0,0.00261369576581286,0,0,0,0,0,0,0,0,0,0,0,0.000990262419541178,0,0,0,0,0,0,0,0,0,0,0,0,0,0,0,7.5041272699985e-05,0,0,0,0,0,0,0,0,0,0,0,0,0,0,0,0,0,0,0,0,0,0,0,0,0,0,0,0,0,0,0,0,0,0,0,0,0,0,0,0,0,0,0,0,0,0,0,3.81679389312977e-07
0,0,0,0,0,0,0,0,0,0,0,0,0,0,0,0,0,0,0,0,0,0,0,0,0,0,0,0,0,0,0,0,0,0,0,0,0,0,0,0,0,0,0,0,0,0,0,0,0,0,0,0,0,0,0,0,0,0,0,0,0,0,0,0,0,0,0,0,0,0,0,0,0,0,0,1.28183764244421e-05,0,0,0,0,0,0,0,0,0,0,0,0,0,0.000493061914488977,0,0,0.000238027230315148,0,0,0,0,0,0,0,0,0,0,0,0,0,0,0,0,0,0,0,0,0,0,0,0,0,0,0,0,0,0,0,0,0,0,0,0,0,0,0,0,0,0,0,0,0,4.07697325505545e-05,0,0,0,0,0,0,0,0,0,0,0,0,0,0,0,0,0,1.52615835419083e-05,0,7.32654406916258e-05,0,0,0,0,0.00100671140939597,0,0,0,0,0,0,0,0,0,0,0,0,0,0,0,0.000114064104026463,0.000145074713477441,0,0,0,0,0,0,0,0,0,0,0.000137044707028871,0,0,0.000340251786321878,0,0,0,0,0,0,0,0,0,0,0,0,0,0,0,0,0,0,0,0,0,0,0,0.00576715126757179,0,0,0,0,0,0,0,0,0,0,0,0,0,0,0,5.66168977175302e-05,0,0,0,0,0,0,0,0,0,0,0,0,0,0,0,0,0,0,0,0,0,0.000503905265810028,8.37233445801693e-06,0,0,0,0,0,0,0,0,0,0,8.16191742375933e-08,0,0,0,0,0,0.00014989132878663,0,0,0,0,0,0.000182154892376818,0,0,0,0,0,0,0,0.000830815709969789,0,0,0,0,0,0,0,0,0,0,0,0,0,0,0,0,0,0,0,0,0,0,0,0.000419896075721259,0,0,0,0,0,0,2.17074658487294e-06,0,0,0.00013575889220744,0,0,0,0,0,0,0,0,0,0,0,0,0,0,0,0,0.000973937434259223,0,0,4.0126800690181e-06,0,0,0,0,0,0,0,0,0,0,0,0,0,0,0,0,0,0,0.000252334090335604,0,0.00717863105175292,0,0,0.000172205958326158,0,0,0,0,0,0,0,0,0,0,0,0,0,0,0,0,0,0,0,0,0,0,0,0,0,0,2.13707178424123e-05,0,0.000647836227001814,0,0,0,0.988465701528886,0,0,0,0,6.18773590743147e-05,0,8.8073135932078e-06,0,0,0,0,0,0,0,0,0,0,0,0,0,0,0,8.74343695763368e-06,0,0,0,0,0,0,0,0,0,0,0,0,0,0,0,0,0,0,0,0,0,0,0,0,0,0,0,0,0,0,0,0,0,0,5.62841222491135e-05,0,0,0,0,0,0,0,0,0,0,0,0,0,0,0,0,0,0,0,0,0,0,0,0,0,0,0,0,0,0,0,0,0,0,0,0,0,0,0,0,0,0,0,0,0,0,0,0,0,0,0,0,0,0,0,0,0,0,0,0,0,0,0,0,0,0,0,0,0,0,0,0,0,0,0,0,0,0,0,0,0,0,0,0,0,0.000891662951404369,0,0,0,0,0,0,0,0,0,0,0,0,0,0,0,0,0.000118764845605701,0,0,0,0,0,0,6.83060109289617e-05,0,0,0,0,8.7123192193762e-05,0,0,0,0,0,0,0,0,0,0,0,0,0,8.93974611121044e-05,0,0,0,0,0,0,0,0,0,0,0,0,0,0,0,0,0,0,0,0,0,0,0,0,0,0,0,0,0,0,0,0,0,0,0,0,0,0,0,0,0,0,0,0,0,0,0,0,0,0,0,0,0,0,0,0,0,0,0,0,0,1.52671755725191e-06
0,0,0,0,0,0,0,0,0,0,0,0,0,0.000980872976949485,0,0,0,0,0,0,0,0,0,0,0,0,0,0,0,0,0,0,0,0,0,0,0,0,0,0,0,0,0,0,0,0,0,0,0,0,0,0.000324044069993519,0,0,0,0,0,0,0,0,0,0,0,0,0,0,0,0,0,0,0,0,0,0,0,0,0,0,0,0,0,0,0,0,0,0,0,0,0,0,0,0,0,0,0,0,0,0,0,8.2060035121695e-06,0,0,0,0,0,0,0,0,0,0,0,0,0,0,0,0,0,0,0,0,0,0,0,0,0,0,0,0,0,0,0,0,0,0,0,0,0,0,0,0,0,0,0,0,0,0,0,0,0,0,0,0,5e-04,0,0,0,0,0,0,0,0,0,0,0,0,0,0,0,0,0,0,0,0,0,0,0,0,0,0,0,0,0,0,0,0,0,0,0,0,0,0,0,0,0,0,0,0,0,0,0,0.00010972130787799,0,0,0,0,0,0,0,0,0,0,0,0,0,0,0,0,0,0,0,0,0,0.000256607646907878,0,0,0,0,0,0,0,0,0,0,0,0,0,0,0.00023755790473928,0,0,0,0,0,0,0,0,0,0,0,0,0,0,0,0,0,0,0,0,0,0,0,0,0,0,0,0,0,0,0,0,0,0,0,0,0,0,0,0,0,0,0,0,0,0,0,0,0,0,0,0,0,0,0,0,0,0,0,0,0,0,0,0,0,0,0,0,0,0.00099866844207723,0,0,0,0,0,0,0,0,0,0,0,4.34149316974587e-06,0,0,0,0,0,0,0,0,0,0,0,0,0,0,0,0,0,0,0,0,0,0,0,0,0,0,0,0,0,0,0,0,0,0,0,0,0,0,0,0,0,0,0,0,0,0,0,0,0,0,0,0,0,0,0,0,0,0,0,0,0,0,0,0,0,0,0,0,0,0,0,0,0,0,0,0,0,0,0,0,0.979611417606141,0,0,0,0,0,0,8.14547824139125e-05,0,0,0,0,0,0,0,0,0,0,0,0,0.00405327156919514,0,0,0,0,0,0,0,0,0,0,0,0,0,0,0,0,0,0,0,0,0,0,0,0,0,0,0,0,0,0,0,0,0,0,0,0,0,0,0,0,0,0,0,0,0,0,0,0,0,0,0,0,0,0,0,0,0,0,0,0,0,0,0,0,0,0,0,0,0,0,0,0,0,0,0,0,0,0,0,0,0,0,0,0,0,0,0,0,0,0.00141843971631206,0,0,0,0,0,0,0,0,0,0,0,0,0.0115303983228512,0,0,0,0,7.23421494299439e-05,0,0,0,0,0,0,0,0,0,0,0,0,0,0,0,0,0,0,0,0,0,0,0,0,0,0,0,0,0,0,0,0,0,0,0,0,0,0,0,0,0,0,0.00231637872792202,0,0,0,0,0,0,0,0,0,0,0,0,0,0,0,0,0,0,0,0,0,0,0,0,0,0,0,0,0,0,0,0,0,0,0,0,0,0,0,0,0,0,0,0,0,0,0,0,0,0,0,0,0,0,0,0,0,0,0,0,0,0,0,0,0,0,7.65081672468536e-06,0,0,0,0,0,0,4.79156684235745e-08,0,0,0
0,0,0,0,0,0.00932046353403214,0,0,0,0,0,0,0,0,0,0,0,0,0,0,0,0,0,0,0,0,0,0,0,0,0,0,0,0,0,0,0,0,0,0,0,0,0,0,0,0,0,0,0,0,0,0,0,0,0,0,0,0,0,0,0,0,0,0,0,0,0,0,0,0,0,0,0,0,0,0,0,0,0,0,0,0,0,0,0,0,0,0,0,0,0,0,0,0,0,0,0,0,1.90522157726944e-05,0,0,0,0,0,0,0,0,0,0,0,0,1.21598287896106e-05,0,0,8.31089391975001e-06,0,0,0,0,0,0,0,0,0,0,0,0,0,0,0,0,0,0,0,0,0,0,0,0,0,0,0,0,0,0,0,0,0,0,0,0,0,0,0,0,0,0,0,0,0,0,0,0,0,0,0,0,0,0,0,0,0,0,2.12172326363472e-05,0,0,0,0,0,0,0,0,0,0,0,0,0,0,0,0,0,0,0,0,0,0,0,0,0,0,0,0,0,0,4.20698359276399e-06,0,0,0,0,0,0,8.55937208446388e-06,0,0,0,0,0,0,0,0,0,0,0,0,0,0,0,0,0,0,0,0,0,0,0,0,0,0,0,0,0,0,0,0,0,0,0,0,0,0,0,0,0,0,0,0,0,0,0,0,0,0,0,0,0,0,0,0,3.26476696950373e-07,0,0,0,0,0,0,0,0,0,0,0,0,0,0,4.64101731099457e-05,0,0.00111660289988341,0,0,0,0,0,0,0,0,0,0.000225463891957703,0,0,0,0,0,0,0,0,0,0,0,0,0,0,0,0,0,0,0,0,0,0,0,0,0,0,0,0,0,0,0,0,0,0,0,0,0,0,0,0,0,0,0,0,0,1.39125982751161e-06,0,0,0,0,0,0,0,0,0,0,0,0,0,0,0,0,0,0,0,0,0,0,0,0,0,0,0,0.000194628260023355,0,0,0,0,0,0,0,0,0,0,0,0,0,0,0,0,0,0,0,0,0,0,0,0,0,0,0,0,0,0,0,0.975855212433551,0,0,0,0,0,0,0,0,0,0,0,0,0,0,0,0,0,0,0,0,0,0,0.00013069721020864,0,0,0,0,0,0,0,0,0,0,0,0,0,0,0,0,0,0,0,0,0,0,0,0,0,0,0,0,0,0,0,0,0,0.00186706497386109,0,0,0,0,0,0,0,0,0,0,0,0,0,0,0,0,0,0,0,0,0,0,0,0,0,0,0,0,0,0,0,0,0,0,0,0,0,0,0,0,0,0,0,0,0,0,0,0.000151469251741896,0,0,0,0,0,0,2.11931757973932e-05,0,0,2.24294705299187e-06,0,0,0,0,0,0,0,0,0,0,0,0,0,0,0,0,0,0,0,0,0,0,0,0,0,0,0,0,0,0,0,0,0,0,0,0,0,0,0,0,0,0,0,0,0,0,0,0,0,0,0,0,0,0,0,0,0,0,0,0,0,0,0,0,0,0,0,0,0,0,0,0,0,0,0,0,0,0,0,1.45013493505571e-06,0,0,0,0,0,0,0,0,0,0,0,0,0,0,0,0,0,0,0,0,0,0,0,0,0,0,3.83965596682537e-05,0,0,0,0,0,0,0,0,0,0,0,0,0,0,0,0,0,0,0,0,0,0,0,0,0
0,0,0,0,0,8.29714854661615e-05,0.00066579040059105,0.0105367967262621,0,0,0,0,0,0,0,0,1.96672304606065e-05,0,0,8.42722668397057e-06,6.34367493317996e-06,0,0,0,0,0,0,0,1.1132882080513e-05,0,0,0,0,0,0,0,0,0,0,0,0,7.74035744970703e-06,0,0,0.000100755667506297,0,0,0,0,0,0,0,0,0,0,0,0,0,0,0,1.13834927970949e-05,0,2.58918110674546e-05,0,0,0,0,0,0,0,0,0,0,2.47437781769774e-06,0.000208330620695043,0,0,0,5.39956803455724e-05,0,0,0,0,0,0,1.78094390026714e-05,1.58105266486427e-05,0,0,0,0,4.92756479747709e-05,0,2.1533624755055e-05,0,2.01178908403243e-05,0,0,0,0,0,1.63291966035271e-05,0,0,0,0.000917911464570769,0,0,0,0,0,0,0,0,4.155446959875e-06,0,0,0,0,0,0,0,0,0,0,3.35979733702463e-06,0,0,0,1.10133371512902e-05,0,0,0,0,0,0,0,0,0,0,0,0,0,0,0,0,0,0,0,0,0,0,0,0,0,1.62083748672939e-05,0,0,0,0,0,0,0,0,0,0,0,0,0,0,0,0,0,0,0,0,0,0,0,0,0,0,0,0,0,0,0.000262881177707676,0,0,0,0,0,7.30657664964234e-05,6.21409633230225e-05,0,0,0,5.31575590048905e-05,0,0,0,0,0,0,0.0058182583087926,0,0,0,8.51411640499949e-06,4.91827466924603e-05,0,8.55937208446388e-06,0,1.46447191142874e-05,0,0,0,0,0,0,0,0,0,0,0,0,3.99285279349964e-05,0,0,0,0,0,0,0.000137741046831956,0,0,0,0,0,0,0,0,0,0,0,0,0,0,0,0,0,0,0,0,0,0,0,0,0,0,0,0,0,0,7.45156482861401e-05,0,0,0,4.95428387622191e-05,0,2.20157632865131e-05,0,0,0,0,0,3.32845160431367e-05,0,0,1.86188534510045e-05,0,0,0,0,0.000285187368100842,0,0,0,0,0,0,0,0,0,0,0,0,0,0,3.18025696476275e-05,0,0,0,0,0,0.000582164593807886,0,0,0,0,3.77914666868221e-05,0,0,0,0,0,0,0,0,0,0,0,0,0,0,0,0,0,0,0,0,0,0,0,0,0,0,0,0,0,0,8.34755896506964e-06,0.000870751574976927,0,0,0,0,0,0,0,0,0,0,0,0,0.000169671261930011,0,0,0,0,0,0,0,0,0,0,0,0,0,0,0,0,0,0,0,0,0,0,0,0,0,0,0,0,0,0,0,0,0,0,0,0,0,0,1.2202488087321e-05,0,4.17367496254127e-06,0,0,0,0,0,0.946308939705612,3.42641768031523e-05,0,0,0,0,0,0,0,7.15191623675703e-06,0,0,0,0,0,0,0,0,0,0,4.37171847881684e-06,0,0,0,0,0,0,0,0,0,1.14982838811307e-05,9.82163903512218e-06,0,0,0,0,0,0,0,0,0,0,0,0,0,0,0,0,0,0,0,0,0,0,0,0,0,0,0,0,0,0,0.000202844899718553,0,0,0,0,0,0,0,0,0,6.58379858843358e-06,0,2.92860071457857e-05,0,1.74258529955041e-05,5.3984020729864e-05,0,0,0,0,0,1.76360622200275e-05,0,0,0,0,0,0,0,0,0,1.63259975184484e-05,0,2.20616623462578e-05,0,0,6.24104799677962e-06,0,0,0,0,0,0.000151469251741896,3.32205771576973e-06,0,0,0,0,0,0,0,3.97413632082408e-06,1.34576823179512e-05,0,0,0,0,0,0,0,1.90948105078742e-05,0.000626006081201932,0,0,0,0,0.000310800310800311,0,0,0,8.0901567063354e-06,0,0,0,0,0,0,0,0,0,0.001267063580153,0,0,3.41211528400173e-05,0,0,0,0,0,0,0,0,2.36266981689309e-05,1.02946323786778e-05,0,2.30781124873359e-06,0,0,0,0,2.83865107301011e-05,0,0,0,0,0,0,0,0,0,0,0,0,0,4.71827198007002e-06,0,0,0,0,3.38544963186915e-05,0,2.69302237901597e-05,0,0,0,0,0,0,0,0,0,8.21247310415058e-06,1.01509445453899e-05,0,0.000351586534235739,0,0,0,0,0,0,0,0,0,0,0,0,0,5.48787180331467e-05,0,0,0,0,0,0,0,0,0,0,0,0,0,0,0,0,0,0,0,0,0,0,0,0,0,0,0,0,3.76662021168406e-05,0,0,0,9.5831336847149e-08,6.07533414337789e-08,0,0
0,0,0,4.33179843275533e-06,0.000130565347956652,0,1.43180731309903e-06,0,0,0,0,0,0,0,0,0,0,0,0,0,0,0,0,0,0,0,0,0,0,0,0,0,0,0,0,0,0,0,0,0,0,0,0,0,0,0,0,0,0,0,0,0,0,0,0,0,0,0,0,0,0,0,0,0,0,0,0,0,0,0,0,0,0,0,0,0,0,0,0,0,0,0,0,0,0,0,0,0,0,0,0,0,0,0,0,0,0,2.04294265459969e-05,0,0,0,0.000310254735467015,0,0,0,0,0,0,0,0,0,0,0,0,0,0,0,0,0,0,0,0,0,0,0,0,0,0,0,0,0,0,0,0,0,0,0,0,0,0,0,0,0,0,0,0,0,0,0,0,0,0,0,0,0,0,0,0,0,0,0,0,0,0,0,0,0,0,0,0,0,0,0,0,0,0,0,0,0,0,0,0,0,0,0,0,0,3.96384969081972e-05,0,0,0,0,0,0,0,0,0,0.000106315118009781,0,0,0,0,0,0,4.20698359276399e-06,0,0,0,0,1.63942488974868e-05,0,0,0,0,0,0,0,0,0,0,0,0,0,0,0,0,0,0,0,0,0,0,0,0,0,0,6.36429207857779e-05,0,0,0,0,0,0,0,0,0,0,0,0,0,0,0,0,0,0,0,0,0,0,0,0,0,0,0,0,0,0,0,4.8971504542556e-07,0,0.00149707190348289,0,0,0,0,0,0,0,0,0,0,0,0,0,3.80249824134456e-05,0,0,0,0,0,0,0,0,0,0,0,0,0,0,0,0,0.0014575931493122,0,0,0,0,0,0,0,0,0,6.45411126887827e-05,0,0,0,0,0,0,0,0,0,0,0,0,0,0,0,0,0,0,0,0,0,0,0,0,0,0,0,0,0,2.78251965502321e-06,0,0,0,0,0,0,0,0,0,0,0,0,0,0,0,0,0,0,0,0,0,0,0,0,0,0,0,0,0,0,0,0.00204180845892076,0.000512360701934162,0,0,0,0,0,0,0,0,0,0,0,4.95123038074962e-05,0,0,0,0,0,0,0,0.000134227368960531,0,4.17367496254127e-06,0,0,0,0,0,8.00403403315271e-06,0.985643309919479,0,0,0,0,0,0,0,3.57595811837852e-06,0,0,0,0,0,0,0,0,0,0,0,0,0,0,0,0,0,0,0,0,1.72474258216961e-05,0,0,0,0,0,0,0,0,0,0,3.68663594470046e-05,0,0,0,0,0,0,0,0,0,0,0,0,0,0,0,0,0,0,0,0,0,0,0,0,0,0,0,0,0,0,0,0,0.0002050020500205,0,0,0,0,0,0,0,0,0,0,0,0,0,0,0,0,0,0,0,0,0,0,0,0,0,0,0,0,0,0,2.49154328682729e-06,0,0,0,0,0,0,0,3.97413632082408e-06,0,0,0,0,0,0,0,0,2.38685131348428e-06,4.47147200858523e-05,0,0,0,0,0,0,0,0,0,0,0,0,0,0,0,0,0,0,2.49421964597046e-06,0,0,0,0,0,0,0,0,0,0,0,0,0,0,0,0,0,0,0,0,0,0,0,0,0.00039748500397485,0,0,0,0,0,0,0,0,7.07740797010503e-06,0,0,0,0,0.000131002181407111,0,2.69302237901597e-05,0,0.00016597510373444,0,0,0,0,0,0,0,0,7.25067467527853e-07,0,4.39483167794673e-05,0,0,0,0,0,0,0,0,0,0,0,0,0,0,0,0,0,0,0,0,0,0,0,0,0,0,0,0,0,0,0,0,0,0,0,0,0,0,0,0,0,0,1.88331010584203e-05,0,0,0,0,0,0,0
0,6.5837118967674e-05,0,0,0,0,0,0,0,0,0,0,0,0.000490436488474743,0,0,0,0,0,0,0,0,0,0,0,0,0,0,0,0,0,0,0,0,0,0,0,0,0,0,0,0,0,0,0,0.0010634526763559,0,0,0,0,0,0,0,0,0,0,0,0,0,0,0,0,0,0,0,0,0,0,0,0,0,0.000284656988329063,0.00236742424242424,0,0,0,0,0,0,0,0,0,0,0,0,0,0,0,0,0,0,0,4.76054460630296e-05,0,0,0,0,0,0,8.2060035121695e-06,0,0,0,0,0,0,0,0,0,0,0.00142993326978074,0,0,0,0,0,0,0,0,0,0,0,0,0.00258899676375405,0,0,0,0,0,0,0,0,0,0,0,0,0,0,0,0,0,0,0,0,0,0,0,0.0100874243443174,0,0,0,0,5e-04,0,0,0,0,0,0,0,0,0,0,0,0,0,0,0,0,0,0,0,0,0,0,0,0,0.000148074502628322,0,0,0,0,0,0,0,0,0,0,0,0,0,1.01514597799164e-05,0,0,0,0,0,0,0,0.000521376433785193,0.00175554092604784,0,0,0,0,0,0,0,0,0,0,0,0,0,0,0,0,0,0,0,0,0,0,0,0,0,0,0,0,0,0,0,0,0,0,0.000216076058772688,0,0.00047511580947856,0,0,0,0,0,0,0,0.0193853427895981,0,0.000111994624258036,0,0,0,0,0,0,0,0,0,0,0,0,0,0,0,0,0,0,0,0,8.16191742375933e-08,0,0,0,0,0,0.000562092482949861,0,0,0,0,0,0,0,0,0,0,0,0,0,0,0,0,0,0,0,0.00384193194291987,0,0,0,0,0,0,0,0,0,0,0,0,0.00199733688415446,0,0,0,0,3.49913396434382e-05,1.20235661897319e-05,0,0,0,0,0,2.38782124336023e-05,0,0,0,0,0,0,0,0,0,0,0,0,0,0,0,0,0,0,0,3.89574973703689e-05,0,0,0,0,0,0,0,0,0,0,0,0,0,0,0,0,0,0,7.71783591880837e-05,0,7.70208341356337e-05,0.00151400454201363,8.35784969243113e-05,0,0,0,0.0265197175822283,0.000136855070480361,0,0,0,0,0,0,0,0,0,0,0,0,0,0,0,0,0,0,0,0,0,0,0,0,0,0,0,0.000259134490800726,8.34734992508254e-06,0,0,0,0,0,0,0,0.977476641296949,0,0,0.00132364021422608,0,1.66184730946921e-05,0,0,0,0,0,0,0,0,0,0,0.000579038795599305,0,0,0,0,0,0,0,0,0,0,0,0,0,0,0,0,0,0,0,0,0,0,0,0,0,0,0,0,0,0,0,0,0,0,0,0,0,0,0,0,0,0,0,0,0,0,0,0,0,0,0,0,0,0,0,0,0,0,0,0,0,0,0,0,0,0,0,0,0,0,0,0,0,0,0,0,0,0,0,0,0,0,0,0,0,0,8.30514428942431e-07,0.000479309793896789,0,0.000472813238770686,0,0,0,0,0,0,0,0,0,0,0,0,0.000524109014675052,0,0,0,0,0.000274900167833787,0,0,0,0,0,0,0,0,0,0,0,0,0,0,0,0,0,0,0,0,0,0,0,0,0.00956937799043062,0,0,0,0,0,0,0,0,0,0,0,0,0.000520291363163372,0,2.84867821330902e-05,0,0,0,0.000174246384387524,0,0,0,0,0,0,0,0,0,0.011609287429944,0,0,0,0,0,0,0,0,0,9.20047842487809e-05,0,0,0,0,0,0,0,0,0,0,0,0,0,0.000557724484104852,0,0,0,0,0,0,0,0,0,0,0,0,0.0435196950444727,0,0,0,0,0,0,0,0,0,0,6.45994832041344e-05,0,0.00118496175805235,0,0,0,0,0,0,0,0,0,0,0,0,0,0,0,5.72519083969466e-06
0,0,0,0,0,0,0,0,0,0,0,0,0,0,0,3.03324435816549e-05,0,0,0,0,0,0,0,0,0.000359938810402232,0,0,0,0,0,0,0,0,0,0,0,0,0,0,0,0,0,0,0,0,0,0,0,0,0,0,0,0,0,0,0,0,0,0,0,0,0,0,0,0,0,0,0,0,0,0,0,0,0,0,0,0,0,0,0,0,0,0,0,4.23599579789217e-06,0,0,0,0,0,0,0,0,0,0,0,0,0,0,0,0,0,0,0,0,0,0,0,0,0,0,0,0,0.000612895317479774,0,0,0,0,0,0,0,0,0,0,0,0,0,0,0,0,0,0,0,0,0,2.70160745643658e-05,0,0,0,0,0,0,0,0,0,0,0,0,0,0,0,0,0,0,0,0,0,0,0,0,0,0,0,0,0,0,0,0,0.000211954217888936,0,0,0,0,0,0,0,0,0,0,0,0,0,0,0,0,0,0,0,0,0,0,0,0,0,0,0.000578168362627197,0,0,0,0,0,0,0,0,0,0,0,0,0,0,0,0,0,0,0,0,0,0,0,0,0,0,0,0,0,0,0,0,0,0,0,0,0,0,0,0,0,0,0,0,0,0,0,9.56388676358072e-05,0,0,0,0,0,8.19014234467395e-06,0,0,0,0,0,0,0,0,0,0,0,0,0,0,0,0,0,0,0,0,0,9.9531774096998e-06,0,5.66272258038943e-06,0,0,0,0,0,0,0,0,0,0,0,0,0,0,0,0,0,0,0,0,0,0,0,0,0,0,0,0,0,0,0,0,0,0,0,0,0,0,0,0,0,0,0,0,0,2.17074658487294e-06,0,0,0,0,0,0,0,0,0,0.000134553283100108,0,0,0,0,0,0,0,0,0,0,0,0,0,0,0,0,0,0,0,0,0,0,0,0,7.94817788022096e-06,0,0,0,0,0,0,0,0,0,0,0,0,0,0,0,0,0,0,0,0,0,0,2.25326723749437e-05,0,0,0,0,0,0,0,0,0,0,0,0,0,0,0,0,0,0,0,0,0,0,0,0,0,0,0,0.991529038942044,0,0,0,0,0,0,0,0,0,0,0,0,0,0,0,0,0,0,0,0,0,0,0,0,0,0,0,0,0,0,0,0,0,0,0,0.000659754948162111,0,0,0,0,0,0,0,0,0,0,0,0,0,0,0,0,0,0,0,0,0,0,0,0,0,0,0,0,0,0,0,0,0,0,0,0,0,0,0,0,0,0,0,0,0,0,0,0,6.81384573453257e-05,0,0,0,0,0,0,0,0,0,0,0,0,0,0,0,0,0,0,0,0,0,0,0,6.17894216510133e-05,0,0,0,0,0,0,0,0,0,0,0,0,0,0,0,0,0,0,0,0,0,0,0,0,0,0,0,0.000288641939673835,0,0,0,0,0,0,0,0,0,0,0,0,0,0,0,0,0,0,0,0,0,0,0,0,0,0,0,0,0,0,0,0,0,0,0,0,0,0,0,0,0,0,0,0,0,0,0,0,0,0,0,0,0,0,0,0,0,0,0,0,0,0,0,0,0,0,0,0,0,0,0,0,0,0,0,0,0,0,0,0,0,0,0,0,0,0,0,0,0,0,0,0,0,0,0,0,0,0,0,0,0,0,4.79156684235745e-08,0,0,3.81679389312977e-07
0.000164365548980934,0,0.00407454411862935,0,0,0,1.43180731309903e-06,3.64721243553552e-06,0,0,0,0,0,0,0,0,0,0,0,0,0,0,0,0.000234521575984991,0,0,0,0,0,0,0,0,0,0,0.000310366232153942,0,0,0,0.000441306266548985,0,0,0,0,0,0.000201511335012594,0,0,3.36620998417881e-05,0,0,0.00726712177934376,0,0,0,0,0,0,0,0,6.66666666666667e-05,0,0,0,0,0,7.84559861917464e-05,0,0,0,0,0,0,0,4.94875563539548e-06,0,5.12735056977683e-05,0,0,0,0,0,0,0.000223785166240409,0,0,0,0,0.00443516827550222,4.83161810890467e-05,0,0,0,4.76054460630296e-05,0,0,0,0,0,0,0,0,8.16459830176355e-06,0,0,0,0,0,0,0,0,0,0,0,0,0,0,0,0,0,0,0,0,0,0,0,0,0,0,0,0,0,0,2.96577495699626e-05,0,0,2.70160745643658e-05,0,0,0,0,0,0,0,0,0,0,0,0,0,0,0,0,0,0,8.11095790412848e-05,0,0,0,0,0.000671005837750788,0,0,0,0,0,0.000699463744462579,0,0,0,0,0,0,0,0,0,0,0,0,0,0,0,0,0,0,0,0,0,0.000118915490724592,1.27019611828066e-05,0.000823045267489712,0,0,0,3.45227574016792e-06,0,0,0.00028169014084507,0,0,0,0,0,0,0,0,2.68716074595582e-05,0,0,0,0,0,0,0,0,0,4.30700318718236e-05,0,0,0,0,0,0,0,0,0,0,0,0,0,0,0,0,0,0,8.08812824536146e-06,0,0,0,0.00247519560338137,0,0,0,0,0,0,0,0,0,0,8.19014234467395e-06,0,0.000163880694854146,0,0,0,0,0,9.20956790381862e-05,0,0,0,0,5.04222197453413e-05,0,0,0,0,0,1.14266843932631e-06,0,0,1.42188248709997e-06,0.000268235203954553,0,0,0,0,0,0,0,0,0,0,0,0,0,0,0,0,0,4.01364639775236e-05,0,0,0.000274876305662452,0,0,0,0,0,0,0,0,7.21552781585973e-05,0,0,0,0,0,0,0,7.55829333736442e-05,0,0,0,0.000240038406144983,0,7.14183688044565e-05,0,0,4.34149316974587e-06,0,0,0,0,0,0,0,0,0,0,0,0,0,0,0,0,1.99664563533264e-05,0,0,0,0,0,0,0,0,0,0,0,0,0,0,0,0,0,0,0,0,0,0,0,0,0,5.01470981545868e-05,0,0,0,0,0,0,0,0,0,0,0,0,0,0,0,0,0,0,0,0,0,6.23596906959342e-05,0,0.000148536911422488,0,0.000173460537727667,6.78733031674208e-05,2.11967696123111e-05,0.000250187640730548,0,0,6.1012440436605e-06,0,0,0,0,0,0,0,0,0,0,0,0.989228655475507,0,0,0,0,1.19198603945951e-06,0,0,0,3.63279689032586e-05,0,0,0,0,0,0,2.18585923940842e-05,0,0,0,3.5405624537514e-06,0,0,0,0,0.000146670577882077,1.14982838811307e-05,0,0.000108225108225108,0,0,0,0,0,0.000373692077727952,0,0,0,0,0,0,0,0,0,0,0,0,0.00120192307692308,0,0,5.36826283014816e-05,0,0,0,0,0.0197469325153374,0,0,0,0,0,0,0,0,0,0,0,0,0,0.00296659357667999,0,0,0,0,0,0,0.0017940437746681,0,2.14192387602545e-05,0,0,0,0,0,0,0,0,0,0,0,0,5.51541558656445e-05,0,0,0,0,0,0,0,0.00181268882175227,0,8.30514428942431e-07,0,0.00150489089541008,0,0,0,0,0,0,0,0,0,0,0,0.000330141961043249,0,0,0,0.000134144160257557,0,0,0,0,0.00155400155400155,0,0,0,0,0,0,0,0,0,0,0,0,0,0,0,0,0,0.000609384521633151,0,0,0,0,0,0,0,0,0,0,0,0,0,0,0,2.83865107301011e-05,0,0,0,0,0,0,0,0,0,0,0,0.0133962061944057,0,0,0,0,0,0,4.41580386765541e-06,0,0,0,0,0,0,0,0,0,0,0,0,0,0,1.09870791948668e-05,0,0,0,0,0,0,0,0,0,0,0,0,0,0,0,0,0,0,0,2.25275963054742e-05,0,3.96852168598675e-06,0,0,0,0,0,0,0,0,0,0,0,0,0,0,0,0,0,7.65081672468536e-06,0.00732807215332582,0.000495027226497457,1.88331010584203e-05,0,0,0.000109402008620878,0,0,2.3014440433213e-05,0
0,0.000526696951741392,0,0,0,0,0,0,0,0,0,0,0,0.0115252574791564,0,0,0,0,0,0,0,0,0,0,0,0,0,0,0,0,0,0,0,0.000778816199376947,0,0,0,0,0,0,0,0,0,0,0,0.0127614321162708,0,0,0,0,0,0,0,0,0,0,0,0.000569584203531422,0,0,0,0,0,0,0,0,0,0,0.000400962309542903,0,0,0,0.00331439393939394,0,0,0,0,0,0,0,0,0,0,0,0,0,0,0,0,0,0,0,0,0,0,0,0,0,0,0,0,0,0,0,0,0,0,0,0,0,0.00309818875119161,0,0,0,0,0,0,0,0,0,0,0,0,0.0116504854368932,0,0,0,0,0,0,0,0,0,0,0,0,0,0,0,0,0,0,0,0,0,0,0,0.00403496973772697,0,0,0,0,0,0,0,0,0,0,0,0,0,0,0,0,0,0,0,0,0,7.97225654721569e-05,0,0,0,0,0.000216520515318826,0,0,0.000179804753191534,0,2.85160260066157e-05,4.83582378258136e-05,0,0,0,0,0,0,0,0,0,0,2.53786494497909e-05,0,0,0,0,0,0,0,0.000782064650677789,0.0119596225587009,0,0,0,0,2.68716074595582e-05,0,0,0,0,0,0,0,0,0,0,0,0,0,0,0,0,0.000769822940723634,0,0,0,0,0,0,0,0,0,0,0,0,0.00583405358686258,0,0.00344458961871956,0,0,0,0,0,0,0,0.00378250591016548,0,0,0,8.19014234467395e-06,0,0,0,0,0,0,0,4.18616722900846e-06,0,0,0,0,2.65380103922849e-06,0,0,0,0,0,3.26476696950373e-07,0,0,1.42188248709997e-06,0,0,0.000112418496589972,0,0,0,0,0,0,0,0,0,0,0,0,0,0,0,0,0,0,0,0.00987925356750823,0,0,0,0,0,0,0,0,0,0,0,0,0.00499334221038615,0,0,0,0,1.74956698217191e-05,0,0,0,0,0.000106723585912487,0,3.90734385277128e-05,0,0,0,8.11293201362973e-05,0,0,0,0,0,0,0,0,0,0,0,0,0,0,0,0.000233744984222214,0,0,0,0,0,0,0,0,0,0,0,0,0,0,0,0,0,0,0,0,7.70208341356337e-05,0.000252334090335604,6.6862797539449e-05,0,0,0.0201086956521739,0.00137764766660926,0.000410565211441084,0,0,0,0,0,0,0,0,0,0,0,0,0,0,0,0,0,0,0,0,0,0,0,0,0,0,0,0.000388701736201088,0,0,0,3.38249222026789e-05,0.00119932837610938,0,0,0,0.00222758492667533,0,0,0.983871953082045,0,0,0,0,0,0,0,3.63279689032586e-05,0,0,0.000540832882639265,0,0.00289519397799653,0,0,4.65116279069767e-05,0,0,0,0,0,0,0,0,0,0,0,0,0,0,0,0,0,0,0,0,0,0,0,0,0,0,0,0,0,0,0,0,0,0,0,0,0,0,0,0,0,0,0,0,0.000436871996505024,0,0,0,0,0,0,0,0,0,0,0,0,0,0,0,0,0,0,0.000128139415684264,0,0,0,0,0,0,0,0,0,0,0,0,0,5.83294447036864e-05,0,0,0,0,0,0,7.98849656494648e-05,0,0.00803782505910165,0,0,0,0,0,0,0,0,0,0,0,0.000110277900308778,0.00314465408805031,0,0,0,0,0.00144684298859888,0,0,0,0,0,0,0,0,0,0,0.000203832042397065,0,0,0,0,0,0,0,0,0,0,0,0,0,0.000531632110579479,0,0,0,0,0,0,0,0,0,0,0,0,0,0,0,0,0,0.000579094681980504,8.7123192193762e-05,0,0,0,0,0,0,0,0,0,0.000800640512409928,0,0,0,0,0,0,0,0,0,0.000276014352746343,0,0,0,0,0,0,0,7.5041272699985e-05,0,0,0,0,0,0.00780814277746793,0,0,0,0,0,0,0,0,0,0.000112007168458781,0,0,0.00349428208386277,0,0,0,0,0,0,0,0,0,0,6.45994832041344e-05,0,0.00484757082839599,0,1.57711293705742e-05,0,0,0,0,0,0,0,0,0,0,4.79156684235745e-08,0,0,1.52671755725191e-06
0,0,0,0,0,2.76571618220538e-05,1.43180731309903e-06,7.29442487107104e-06,0,0,0,0,0,0,0,0,0,0,0,0,0,0,0,0.000234521575984991,0,0,0,0,0,0,0,4.09785682088268e-05,0,0,0,0,0,0,0,0,0,0,0,0.000130616509926855,0,0,0,0,5.51024906325766e-05,0,0,0,0,0.000246609124537608,0,0,0,0,0,0,0,0,0,0,0,3.92279930958732e-05,0,0,0,0,0,0,0,0,0,2.56367528488842e-05,0,0,0,0,0,0,0,0,4.23599579789217e-06,0,0,0,0.00028989708653428,0,0,0,0,0,0,0,0,0,0,0,0,0,0,0,0,0,0,0,0,0,0,0,0,0,2.77029797325e-06,0,0,0,0,0.000185082361650935,0,0,0,0,0,0,0,0,0,0,0,0,0,0,0,0,0,0,0,0,0,0,0,0,0,0,0,0,0,0.0141583639223912,0,0,0,0,8.11095790412848e-05,0,3.05231670838166e-05,0,0,0,0,0,0,0,0,0,2.46889196128777e-05,0,0,0,0,0,0,0,0,0,0,0,0,0,0,0,0,0,0.000103939299449122,0,0.000262881177707676,0,0,0.000164609053497942,0,0,0,3.45227574016792e-06,0,0,0,0,0,0,0,0,0,0,0,0.00185414091470952,0,0,0,0,0,0,0,0,0,8.61400637436472e-05,0,0,0,0,0,0,0,0,0,0,0,0,0,0,0,0,0,0,1.61762564907229e-05,0,0,0,0,0,0,0,0,0,0,0,0,0,0,0,0,0,0,0,0,0,0,1.67446689160339e-05,0,0,0,0,0.000594451432787181,0,0,0,0,0,2.4485752271278e-07,0,0,1.42188248709997e-06,0,0,0,0,0,0,0,6.20628448366816e-06,3.03591487294696e-05,0.000240038406144983,0,0,0,0,0,0,0,0,0,0,0,0,0,0,0,0,0.000142938822184105,0,0,0,0,0,0,0,0,0,0,0,0,0,0,0,0,0,0,0,0,2.17074658487294e-06,0,0,0,0,0,0,0,0,0,0,0,0,0,0,0,0,0.000139765194473285,0,0,0,0,0,0,0,0,0,0,0,0,0,0,0,0,0,0,0,0,0,0,0,0,0,1.67156993848623e-05,0,0,0,0,0,0,0,0.00015271838729383,0,0,0,0,0,0,0,0,0,0,0,0.00025256489893991,0.000113430127041742,0,0,9.90246076149923e-05,0,0,0,0,5.00375281461096e-05,0,0,0,0,0,0,0,0,0,0,0,0,0,0,5.28438815592468e-05,0,0.987535071311667,0,0,0,0,0,0,0,0,0.00467247731152844,0,0,0,2.43593491181916e-05,4.37171847881684e-06,0,0,0,0,0,8.95575855274942e-05,0,0,0.000366676444705192,0,0,0.000216450216450216,0,0,0,0,0,0.000373692077727952,0,0,3.68663594470046e-05,0,0,1.66575050388953e-05,0,8.52514919011083e-05,0.000154942671211652,0,0.0005536178929303,0,0,1.2903891813771e-05,0,0,0.000168852366747341,0,0,0,0,0,0,0,0,0,0,0,0,0,0,0,0.00376931775348662,0,0,0,0,0,0,0,0,0,0,0.000771092595369161,1.76360622200275e-05,0,0,0,0.000162113966118181,0,0,0,0,0,0,0,7.72158182119023e-05,0,0,0,0,0,0,0,0,0,1.66102885788486e-06,0,0,0,0,0,0,0,0,0,0,0,9.12075884713608e-05,0,0,0,0,0,8.94294401717045e-05,0,0,0,0,0.00155400155400155,0,0.000109829763866008,0,0,0,0,0,2.25580870742161e-05,0,0,0,0,0,0,0,0,0,0.000101564086938858,0,0,0,0,0,0,0.0022809351834252,0,0,0,0,0,0,0,0,0,0,0,0,0,0,0,0,0,0,0,0.000805782096986863,0,0,0,0,0,0,0,2.94386924510361e-06,0,0,0,0,0,0,0.000160707111289675,0,0,0,0,0,2.17520240258356e-06,0.000414164423276041,3.29612375846005e-05,0,0,0,0,0,0,0,0,0,0,0,0,0,0,3.19959045242209e-05,0,0,0,0,0,0,7.93704337197351e-06,0,0,0,0,1.98008039126389e-05,0,0,0,0,0,6.23208276205908e-05,0,0,0,0,0,0,7.65081672468536e-06,0,0,1.88331010584203e-05,0,0,0,0,0,9.02527075812274e-08,7.63358778625954e-07
0,0,0,0.000441843440141043,0,2.76571618220538e-05,2.86361462619806e-06,0,0,0,0,0,0,0,0,0,0,0,0,0,0,0,8.20761995436563e-06,0,0,0,0,9.18982502573151e-05,0,0,0,0.000204892841044134,3.72478321761673e-05,0,0,0,0,0,0,0,0,0.000100624646846191,0,0,0,0,0,0,0,0,0,0,0,0.000493218249075216,0,0,0,0,0,0,0,0,0,0,0,0,0,0,0,0,0,0,0,0.000106398246161003,1.30206637934402e-05,0,0,0,0,0,0,0,0,0.000260756192959583,2.11799789894608e-05,7.12377560106857e-05,1.58105266486427e-05,0,0,0,0,0,0,9.22869632359501e-06,1.93440434854098e-05,0,0,2.04294265459969e-05,3.17536929544906e-06,0,0,0,0,0,0,7.17118331695913e-06,0,0,0,0,0,0,0,0,4.155446959875e-06,0,0,1.73949345950459e-05,0.000179671625603533,0,0.000177935943060498,0,0,0,3.92958189248664e-05,0,0,0,0,0,0,0,0,0,0,0,0,0.00012131505519835,0.000203848662752772,0,0,0,0,0,0,0,0,0,0,5.82648721086057e-05,0.000334896182183523,0,0,0,0,0,0,0,0,0,0,3.71774853148933e-05,0,0,3.82160736805901e-05,0,0,0,0,0,0,0,0,0,0,0,0,0,0,0,0,0,0,0,0,0,0,0,3.81058835484199e-05,0,0,0,3.65328832482117e-06,0,0,0,0,0,0,0,0,0,0,0,1.2620950778292e-05,0,2.08685490097873e-05,0,0,0,0,8.55937208446388e-06,0,0,0,0,0,0.000112701453848755,0,0,0,0,0,0,0,0,0,0,0,0,2.80188566905527e-05,0.000124564025909317,0,0,0,0,0,0,0,0,0,0,0,0,0,0,0,0,0,8.19014234467395e-06,0,0,0,0,0,0,0,4.18616722900846e-06,0,5.50751776174478e-05,0,0,2.65380103922849e-06,0,7.45156482861401e-05,0,0,0,3.34638614374132e-06,0,0,5.68752994839988e-06,0,0,0,0,0,0,0.00103268021640591,0,0,0,0,0,0,0,0,0,0,0,0,3.5650623885918e-05,0,0,0,0,0,0,0,0,0,0,0,0,0,0,0,0,0,0,0,0,0,0,0,0,0,0,0,2.17074658487294e-06,0,0,0,0,0,0,2.8048130592096e-05,0,0,0,7.17257208434945e-05,0,4.84439793822424e-05,3.62884203650615e-05,0,0,0,0,8.27417299640901e-06,0,0,6.95629913755803e-06,4.0126800690181e-06,0,4.09123453001943e-05,0,0,0.00235689365551105,0,0,0,0,0,0,0,0,0,0,0,0,0,0,0,0,0,0,0,0,0,0,0,0,0,0,0,0,1.77864206607062e-05,0,0,0,0,0,2.04782350491819e-05,0,0,0,0,0,0,0,0,0,6.69030574697264e-05,0,0,0,0.00472460005759671,0,0,0,0,0,0,0,0,0,8.8073135932078e-06,0,0,0.934872203941902,0,4.76794415783802e-06,0,0,0,0,0,0,0,0,0,0,0,0,0,0,0.00571092723790101,0,0,0,0,0,0,0,0,0,0,0,0,0,0,0,0,0,0,0,0,0,8.52514919011083e-05,0,0,0,0,0,0,0,0,0,0,0,0,0,0,0,0,5.05586733404116e-05,0,0,0,0,0,0,0,0,1.31675971768672e-05,0,0,0,0,5.3984020729864e-05,0,0,0,0,0,1.76360622200275e-05,0,0,0,0,0,0,0,0,0,0.000114281982629139,2.43872698451408e-05,0,0,0,1.5602619991949e-05,0,0,0,0,0,0,0.000216764265953975,0,0,0,0,0,0,0,1.58965452832963e-05,2.24294705299187e-06,4.1262636682484e-05,0,0,0,0,0,0,2.86422157618113e-05,4.47147200858523e-05,3.92623905560863e-05,0,0,0,0,0,3.66099212886692e-05,0,5.3934378042236e-06,0,0,0,0,0,0,0,0,0,2.49421964597046e-06,0,0,0,0,0,0,0,0,0,0,0,0,0,0,1.38468674924015e-05,0,0.000267683865355016,0,0.000161995788109509,0,0,0,0,2.84867821330902e-05,0,0,0,0,0,0,0,0,0,2.35913599003501e-06,0,0,0,0,1.32474116029662e-05,0,0,0,0,0,0,0,0,0,0,1.38513747489438e-05,8.21247310415058e-06,3.62533733763927e-06,0,0,0,0,0,0,0,0,0,0,0,0,0,0,0,5.48787180331467e-05,1.59979522621104e-05,0,0,0,0,0,0,2.38111301159205e-05,0,0,0,0,0,0,0,5.5972237770066e-05,0,0,0,0,0,0,0,0,0,2.29524501740561e-05,0,0,1.88331010584203e-05,0,0,0,1.43747005270724e-07,0,0,0
0,0,0,0,0,0,0,0,0,0.000178890876565295,0,0,0,0,0,0,0,0,0,0,0,0,0,0,0,0,0,0,0,0,0,0,0,0.000389408099688474,0,0,0,0,0,0,0,0,0,0,0,0,0,0,0,0,0,0,0,0,0,0.000135098621994056,0,0,0,0,0,0,0,0,0,0,0.000228623685413809,0,0,0,0,0,0,0,0,0,0.000223964165733483,0,0,0.000741839762611276,0,0.000288001843211797,0,0,4.23599579789217e-06,0,0,0,0,0,0,0,0,0,0,0,0,0,0,0,0,0,0,0,0.000286820593718629,0,0,0,0,0,0,0,0,0,0,0,0,0,0,0,0,0,0,0,0,0,0,0,0,0,0,0,0,0,1.29428057414286e-05,8.10482236930974e-05,0,0.00012131505519835,0,0,0,0,0,0,0,0,0.000241798984444265,0,0,0,0,0,0,0,0,0,0,0,0,0,0,0,0,0,0,0,0,7.24165399377218e-05,0,0.000119583848208235,0,0,0,0,0.00335606798744181,0,0,2.11535003754746e-05,0,0,0,0.000141502759303806,0,0,0,0,0,0,0,0,0,1.01514597799164e-05,0,0,0,0,0,0,0.00078507266486526,0,0,0.000105218855218855,0,0,0,0,0,0,0,0,0,0,0,0,0,0,0,0,0,0,0,0,0,0,0,0,0,0,5.03537349882928e-05,0,0,0,0,0,0,0,0,0,0,0,0,0.000364298724954463,0,2.39097169089518e-05,0,0,0,0,0,4.91408540680437e-05,0,0,0,0,0,0,0,0,0,0,0,0,0,0,0,0,0,0,0,0,0,5.68752994839988e-06,0,2.83136129019471e-06,0,0,0,0,0,0,0,0,0,0,0,0,0.00118694362017804,0,0,0,0,0,0,0,0,0,0,0,0,0,0,0,0,0.000171526586620926,0,0,0,0,0,0,0,0,0,1.20235661897319e-05,0,0,0,0,0,0.00116352016949189,0,0,0,0,0,0,0,0,0,0,0,0,0,0,0,0,0,0,0,3.89574973703689e-05,0,0,0,0,0,0,0,0,0,0,0,0,0,0,7.94817788022096e-06,0,0,0,7.71783591880837e-05,0,3.85104170678168e-05,0,0.000200588392618347,0,0,0,0,0,0,0,0,0,0,0,0,0,0,0,0,0,0,0,0,0,0,0,0,0,0,0,0,0,0,0,0,0.000129567245400363,0,0,0,0,0,0,0,0,0,0,0,0,0,0,0.963969422951431,0,0,0,0,0,0,0,0,0,0,0,0,0.00013953488372093,0,0,0,0,0,0,0,0,0,0,0,0,0,0,0,0,0,0,0,0,0,0,0,0,0,0,0,0,0,0,1.2903891813771e-05,0,0,0,0,0,0,0,0,0,0,0,0,0,0,0.000228258388495777,0,2.47328848436882e-05,0,0,0,0,0,0,0,0,0.000410593307329091,0,0,0,0,0,0,0,0,0,0,0,0,0,0,0,0,0,0,0,0,0,0,0,0,0,0,0,0,0,0,0,0,0,0,0,0,0,0,0,0,0.000165070980521624,0,0,0,0,0,0.000141522785168412,1.44684298859888e-05,0,0,0,0,0,0,0,0,0,0,0,0,0,0,0,0,0,0.000158503724837534,0,0,0,0,0,0,0,0,0,0,0,0,0,0,0,0,0,0,0,0,0,0,0,0,0,8.7123192193762e-05,0,0,0,0,0,0,0,0,0,0,0,0,0,0,0,0,0.000357525920629246,0,0,0,0,0,0,7.25067467527853e-07,0,0,0,0,0,0,0,0,0,0,0,0,0,0,0,0,0,0,0,0,0,0,0,0,0,0,0,0,0,0,0,0,0.000342817963661296,6.45994832041344e-05,0,0,0,0,0,0.000721153846153846,0,0,0,0,0,0,0,0,1.43747005270724e-07,0,0,0
0,0,0,3.89861858947979e-05,0.000261130695913305,0.000193600132754377,0.000143180731309903,0.000182360621776776,0,0,0,0,0.000361532899493854,0,0,0,0.000826023679345475,0,0,5.8990586787794e-05,0.00141886862672125,0,3.28304798174625e-05,0,0,0,0,1.8379650051463e-05,0.00022265764161026,0.000234915094972817,0,0,2.23486993057004e-05,0,0,0,0,0,0,0,0,6.19228595976562e-05,0,0,0.000201511335012594,0,0,0,0,0,0,0,0,0,0,0,0,0,0,0,0.000102451435173854,0,0.000110040197036682,0,0.000106923282544774,0,0,0,0,0,0,0,0,9.89751127079096e-06,0.000117185974140962,0,0,0,0,0,0,0,0,0,4.23599579789217e-06,1.78094390026714e-05,0.000379452639567424,0,4.83161810890467e-05,0,0,5.9130777569725e-05,0,0.000519883226229185,3.86880869708195e-05,0.000100589454201621,0,4.08588530919937e-05,5.0805908727185e-05,0,0,8.16459830176355e-06,0,0,0,0.000136252483022223,0,3.66260117935758e-05,0,0,0,0,0,0,3.7399022638875e-05,0,0,3.47898691900918e-05,2.94008114623964e-05,0,0,0,0,0,0,0.000262064192287921,0,0,0,6.60800229077413e-05,6.74308833445718e-05,0,2.96577495699626e-05,0,0,0,0,0,8.15394651011089e-05,0,0,0,0,4.29000429000429e-05,0,0,0,0,0.000105082489754457,0,6.69792364367046e-05,0,0,0,0,0.0024150478552268,0,0,0,0,0,3.71774853148933e-05,1.33738114025116e-05,0,0,0,0,0,0,0,0,0.000126382306477093,0,7.42603142272153e-05,0,0,0,1.05767501877373e-05,0,0,0,0,0.000172057811424639,0,0.000103939299449122,0.000101791530944625,0.000525762355415352,0,0.000101615689462453,0.000164609053497942,0,5.07572988995818e-06,0.000131518379693562,0.000148447856827221,0,0,0,5.31575590048905e-05,1.82575038340758e-05,0,0,0,0,0,9.25536390408077e-05,2.68716074595582e-05,0,0,0.000119197629669993,4.91827466924603e-05,0,4.27968604223194e-05,0,0.000351473258742897,0,0,0,0,0,0,0,0,0,0,0,1.77550513120983e-05,0.000199642639674982,0,0,0,0.000196131996833869,0,0,0,0,0,0,0,0,0,2.75444153697838e-05,0,0,0,0,0,0.0004004004004004,0.000111994624258036,0,8.19014234467395e-06,0,0,0,0,0,0,0,0,0,0,0,0,1.32690051961424e-05,0,0.00029806259314456,0,0,0,0.000708127955685359,0,6.60472898595394e-05,7.10941243549986e-06,0,2.83136129019471e-06,0,0,6.65690320862735e-05,0,2.74162889311303e-05,0.00872603598403744,0,0,0,0,0.000190124912067228,4.10515772015961e-05,0,6.76223965377333e-05,0,0,0,0,0,0,0,0,0,0,0,0.00012721027859051,0,0,0,0,0,5.29240539825351e-05,0,0,0,0,0,0,0,1.20235661897319e-05,0,0,0,0,0,0,2.5306205081486e-05,0.00014682131845544,0,0,0.000111756817165847,5.62682871933378e-05,5.60962611841921e-05,1.07308802541072e-05,0,0,1.79314302108736e-05,0,4.84439793822424e-06,7.2576840730123e-05,0.000131518379693562,0,1.33109709022176e-05,0,6.61933839712721e-05,0,0,0.0123223882922703,0.000160507202760724,8.84642604387827e-05,0.000122737035900583,5.26731630234396e-05,0,2.58431321876211e-05,0,0,0,0,0,0,0,0.000127253446447508,0,0,0,0,0,0,1.67156993848623e-05,0,0,0,0.000172205958326158,0,2.37665177298222e-05,0,0,0,0,9.72289742343218e-05,0.00012809017548354,3.42125970782442e-05,0.00011264733085114,0,0,0,0,0,1.36521566994546e-05,0,0,0,0,0,0,0,0,5.00375281461096e-05,0,0,2.4404976174642e-05,0,8.34734992508254e-06,0,0,3.38249222026789e-05,0,4.05794749015948e-05,6.40322722652217e-05,0.000137056707212609,0,0,0,0,0,1.66184730946921e-05,0,0.965588555026843,0,0,0,0,0,0,0,0,0,0,0,0,4.75262582576874e-05,0,1.41622498150056e-05,0,0,0,0,0,9.19862710490459e-05,0.000648228176318064,0.000108225108225108,0,0,0,0,0,0,0,0,0,0,0,0,0,8.52514919011083e-05,0,0,0,0,0,0,0,0,0,0.000560119492158327,0,0,0,0,0,0.000228200512183372,0.000151676020021235,0,0,0,0,0,0,0,0,6.58379858843358e-06,0,0.000117144028583143,0,0.000121980970968529,0.000107968041459728,0,0,0,0,0,0.000581990053260908,3.00057010832058e-05,0,0,0,0,0,0,0,0,0.000293867955332071,4.87745396902817e-05,1.10308311731289e-05,0,0,0.000249641919871185,0,0,0,0,0,0.000151469251741896,2.98985194419275e-05,0,0,0,0,0.000147622458296656,8.4772703189573e-05,0,6.75603174540093e-05,9.19608291726666e-05,0,0,0,0,0,0,0,9.30872012258868e-05,0.00040243248077267,1.30874635186954e-05,0,0,0,0.000621600621600622,0,0,0,9.4385161573913e-05,0,0,0,0,0,0,0,0,0,6.48497107952321e-05,0,0,1.70605764200086e-05,0,0,0,0,0,0,0.000124409056979348,0,4.72533963378618e-05,3.60312133253722e-05,0,0.000304631084832834,0,3.3460483169377e-05,0,0,0,0,0,0,0,3.613500036135e-05,0,0,0,0,0,2.44176393026322e-05,0,0,0.0168701814647404,0,0,0,0,4.41580386765541e-05,0,5.38604475803194e-05,0,0.00016597510373444,0,0,0,0,0,0,2.77027494978877e-05,4.10623655207529e-05,0.000169665787401518,0,0.000219741583897337,0,0,0.000629326620516048,0,0,0,0,0,0,0,0,0,0,0,0,0.000328245527654686,3.06767286336585e-05,0,0,2.25275963054742e-05,0,2.38111301159205e-05,0,0,0.000115189679004761,0,0,6.48151148847911e-05,0,0.000111944475540132,0,6.45994832041344e-05,0,0,0,0,0,0,0.000115298695683505,0.000451398186756436,0,0,5.64993031752608e-05,1.64565711088438e-05,0,0,9.5831336847149e-07,1.82260024301337e-07,0,3.81679389312977e-07
0,0,0,0,0,0,0,0,0,0,0,0,0,0,0,0,0,0,0,0,0,0,0,0,0,0,0,0,0,0,0,0,0,0,0,0,0,0,0,0,0,0,0,0,0,0,0,0,0,0,0,0,0,0,0,0,0,0,0,0,0,0,0,0,0,0,0,0.000327611060149391,0,0,0,0,0,0,0,0,0,0,0,0,0,0.00195841253384022,0,0,4.23599579789217e-06,0,0,0,0,0,0,0,0,0,0,0,0,0,0,0.000262592112389424,0,0,0,0,0,0,0,0,0,0,0,0,0,0,0,0,0,0,0,0,0,0,0,0,0,0,0,0,0,0,0,0,0,0,0,5.40321491287316e-05,0,0,0,0,0,0,0,0,0,0,0,0,0,0,0,0,0,0,0,0,0,0,0,0,0,0,0,0,0,0,0,0.0023173292780071,0,0,0,0,0,0,0.00129912309191296,0,0,1.05767501877373e-05,0,0,0,0.000141502759303806,0,0,0,0,0,0,0,0,0,5.07572988995818e-06,0,0,0,0,0,0,0,0,0,0,0,0,0,0,0,0,0,0,0,0,0,0,0,0,0,0,0,0,0,0,0,0,0,0,0,0,0,0,0,0,0.00356066831005204,0,0,0,0,0,0,0,0,0.000182149362477231,0,0,0,0,0,0,0,8.19014234467395e-06,0,0,0,0,0,0,0,0,0,0,0,0,0,0,0,0,0,0,1.63238348475187e-07,0,0,1.42188248709997e-06,0,0,0,0,0,0,0,0,0,0,0,0,0,0,0.00158259149357072,0,0,0,0,0,0,0,0,0,0,0,0,0,0,0,0,0,0,0,0,0,0,0,0,0,0,0,0,0,0,0,0,0.000149781514356233,0,0,0,0,0,0,0,0,0,0,0,0,0,0,0,0,0,0,0,0,0,0,0,0,0,0,0,0,0,0,0,0,0,0,0,0,0,0,0,0,0,0,3.34313987697245e-05,0,0,0,0,0.000136855070480361,0,0,0,0,0,0,0,0,0,0,0,0,0,0,0,0,0,0,0,0,0,0,0,0,0,0,0,0,0,0,0,0,0,0,0,0,0,0,0,0,0,0,0.000139834063577888,0,0.98160251755023,0,0,0,0,0,0,0,0,9.74373964727662e-05,0,0,0,0,3.5405624537514e-06,0,0,0,0,0,0,0,0,0,0,0,0,0,0,0,0,0,9.48586605957124e-05,0,0,0,0,0,0,0,0,0,0,0,0,0,0,0,0,0,0,0,0,0,0,0,0,0.000228258388495777,0,0,0,0,0,0,0,0,0,0,0,0,0,0,0,0,0,0.000640697078421322,0,0,0,0,0,0.000500437883147754,0,0,0,0,0,0,0,0,0,0.000631811720107408,0,0,0,0,0,0,0,0,0,0,0,0,0,0,0,0,0,0,0,0,0,0,0,0,0,0,0,0,0,0,0,0,0,0,0,0,0,0.000175963399612881,0,0,0,0,0.000158503724837534,0,0,0,0,0,0,0,0,0,0,0,0,0,0,0,0,0,0,0,0,0,5.69735642661805e-05,0,0,0,0,0,0,0,0,0,0,0,0,0,0,0,0,0,0,0,0,0,0,0,0,0,0,0,0,0,0,0,0,0,0,0,0,0,0,0,0.00131969646981194,0,0,0,0,0,0,0,0,0,0,0,0,0,0,0,0,0,0,0,0,0.000228545309107531,0,0,0,0,0,0,0,0,0,0,0,0,0,0,0,9.5831336847149e-08,0,0,0
8.21827744904668e-05,0,0,0,0,0,0,0,0,0,0,0,0,0,0,0,0,0,0,0,0,0,0,0,0,0,0,0,0,0,0,0,0,0,0,0,0,0,0,0,0,0,0,0,0,0,0,0,0,0,0,0,0,0,0,0,0,0,0,0,0,0,0,0,0,0,0,0,0,0.000124470998257406,0,0.000284656988329063,0,0,0,0,0,0,0,0,0,0,0,0,0,0,0,0,0,0,0,0,0,0,0,0,0,0,0,0,0,0,0.000209336403600586,0,0,0,0,0,0,0,0,0,0,0,0,0,0,0,0,0,0,0,0,0,0,0,0,0,0,0,0,0,0,0,0,0,0,0,0,0,0,0,0,0,0,0,0,0,0,0,0,0,0,0,0,0,1.52615835419083e-05,0,0,0,0,0,0,0,0,0,0,0,0,0,4.77258626449673e-05,0,0,0,0,0,0,0,0,0,0,0,0,0,0,0,0,0,0,0,0,6.59844885694563e-05,0,0,0,0,0,0,0,0,0,0,0,0,0,0,0,0,0,0,0,0,0,0,0,0,0,0,0,0,0,0,0,0,0,0,0,0,0,0.000349040139616056,0,0,0,0,0.000153674436661868,0,0,0,0,0,0,0,0,0,0,0,0,0,0,0,0,0,0,0,0,0,0,0,0,0,0,0,0,0,0,0,0,0,0,0,0,0,0,0,0,0,0,0,0,0,0,0,0,0,0,0,0,0,3.77643504531722e-05,0,0,0,0,0,0,0,0,0,0,0,0,0,0,0,0,0,0,0,0,0,0,0,0,0,0,0,0,0,0,0,0,0,0,0,0,0,0,0,0,0,0,0,0,0,0,0,0,0,0,0,0,0,0,0,0,0,0,0,0,0,0,0,0,0,0,0,0,0,0,0,3.85104170678168e-05,0,0,0,0,0,0,0,0,0,0,0,0.000191828122002686,0,0,0,0,0,0,0,0,0,0,0,0,0,0,0,0,0,0,0,0,0,0,0,0,0,0,3.38249222026789e-05,0,0,0,0,0,0,0,2.03636956034781e-05,0,0,0,0,0,0.982588814632431,0,0,0,0,0,0,0,0,4.37171847881684e-06,0,0,0,0,0,0,0,0,0,0,0,0,0,0,0,0,0,0,0,0,0,0,0,0,0,0,0,0,0,0,0,0,0,0,0,0,0,0,0,0,8.76501007976159e-05,0,0,0,0,0,0.000228258388495777,0,0,0.000207684319833853,0,0,0,0,0,0,0,0,0,0,0,0,0,0,0,0.00116049669258443,0,0,0,0,0,0,0,0,0,0,0,0,0,0,0,0,0,0,0,0,0,0,0,0,0,0,0,0,0,0,0,0,0.000990425883129746,0,0,0,0,0,0,0,0,0,0,0,0,0,0,0,0,0,0,0,0,0,0,0,0,0,0,0,0.000172711571675302,0,0.000243961941937058,0,0,0,0,0,0,0,0,0,0,0,0,0,0,0,0,0,0,0,0,0,0.000293599530240752,0,0,0,0,0,0,0,0,0,0,0,0,0,0,0,0,0,0,0,0,0,0,0,0,0,0,0,0,0,0,0,0,0,0,0,0,0,0,0,0,0,0,0,0,0,0,0,0,0,0,0,0,0,0,0,0,0,0,0,0,0.000189253552446891,0,0,0,0,0,0,0,0,0,0,0,0,0,0
0,0,0,0,0,0,0,0,0,0,0,0,0,0,0,0,0,0,0,0,0,0,0,0,0,0,0,0,0,0,0,0,0,0,0,0,0,0,0,0,0,0,0,0,0,0,0,0,0,0,0,0,0,0,0,0,0,0,0,0,0,0,0,0,0,0,0,0,0,0,0,0,0,0,0,0,0,0,0,0,0,0,0,0,0,0,0,0,0,0,0,0,0,0,0,0,0,0,0,0,0,0,0,0,0,0,0,0,0,0,0,0,0,0,0,0.000820546483958316,0,0,0,0,0,0,0,0,0,0,0,0,0,0,0,0,0,0,0,0,0,0,0,0,0,0,0,0,0,0,0,0,0,0,0,0,0,0,0,0,0,0,0,0,0,0,0,0,0,0,0,0,0,0,0,0,0,0,0,0,0,0,0,0,0,0,0,0,0,0,0,0,0,0,0,0,0,0,0,0,0,0,0,0,0,0,0,0,0,0,0,0,0,0,0,0,0,0,0,0,0,0,0,0,0,0,0,0,0,0,0,0,0,0,0,0,0,0,0,0,2.12143069285926e-05,0,0,0,0,0,0,0,0,0,0,0,0,0,0,0,0,0,0,0,0,0,0,0,0,0,0,0,0,0,0,0,0,0,0,0,0,0,0,0,0,0,0,0,0,0,0,0,0,0,0,0,0,0,0,0,0,0,0,0,0,0,0,0,0,0,0,0,0,0,0,0,0,0,0,0,0,0,0,0,0,0,0,0,0,0,0,0,0,0,0,0,0,0,0,0,0,0,0,0,0,0,0,0,0,0,0,0,0,0,0,0,0,0,0,0,0,0,0,0,0,0,0,0,0,0,0,0,0,0,0,0,0,0,0,0,0,0,0,0,0,0,0,0,0,0,0,0,0,0,0,0,0,0,0,0,0,0,6.1012440436605e-06,0,0,0,0,0,0,0,0,0,0,0,0,0,0,0,0,0,0,0,0.988581730769231,0,0,0,0,0,0,0,0,0,0,0,0,0,0,0,0,0,0,0,0,0,0,0,0,0,0,0,0,0,0,0,0,0,0,0,0,0,0,0,0,0,0,0,0,0,0,0,0,0,0,0,0,0,0,0,0,0,0,0,0,0,0,0,0,0,0,0,0,0,0,0,0,0,0,0,0,0,0,0,0,0,0,0,0,0,0,0,0,0,0,0,0,0,0,0,0,0,0,0,0,0,0,0,0,0,0,0,0,0,0,0,0,0,0,0,0,0.000237079184447606,0,0,0,0,0,0,0,0,0,0,0,0,0,0,0,0,0,0,0,0,0,0,0,0,0,0,0,0,0,0,0,0,0,0,0,0,0,0,0,0,0,0,0,0,0,0,0,0,0,0,0,0,0,0,0,0,0,0,0,0,0,0,0,0,7.25067467527853e-07,0,0,0,0,0,0,0,0,0,0,0,0,0,0,0,0,0,0,0,0,0,0,0,0,0,0,0,0,0,0,0,0,0,0,0,0,0,0,0,0,0,0,0,0,0,0,0,0,0,0,2.34657039711191e-06,0
0,0,0,0,0,0,0,0,0,0,0.00790037493304767,0,0.00216919739696312,0,0,0,0,0,0.00068670837784221,0,0,0,0,0,0,0,0,0,0,0,0,0,0,0,0,0,0,0,0,0,0,0,0,0,0,0,0.00116225011622501,6.73241996835763e-05,0,0,0,0,0,0,0,0,0,0,0,6.66666666666667e-05,0,0,0,0,0,0,0,0,0,0,0,0,0,0,0,0,0,0,0,0,0,0,0,0,0,0,0,0,0,0,0,0,0,0,0,0,0,0,0,0,0,0,0,0,0,0,0,0,0,0,0,0,6.33834062242505e-05,0,0,0,0,0,0,0,0,0,0,0,0,0,0,0,0,0,0,0,0,0,0,0,0,0,0,0,0,0,0,0,0,0.000318217979315831,0,0,0,0,0,0,0,0,0,0,0,0,0,0,0,0,0,0,0,0,0,0,0,0,0,0,0,0,0,0,0,0,0,2.85160260066157e-05,0,0,0,0,0,0,0,0,0,0,0,0,0,0,0,0,0,0,0,0,0,0,0,0,0,0,0,0,0,0,0,0,0,0,0,0,0,0,0,0,0,0,0,0,0,0,0,0,0,0,0,0,0,0,0,0,0,0,2.09762339269608e-05,0,0,0,0,0,0,0,0,0,0,8.19014234467395e-06,0,0,0,0,0.0084414247477867,0,0,8.37233445801693e-06,0,0,0,0,0,0,0,0,0,0,0,0,0,0,0,0,0,0,0,0,0,0,0,0,0,0,0,0,0,0,0,0.000542914959774937,0.000762592815572948,0,0,0,0,0,0,0,0,0,0,0,0,0,0,0,0.000259201658890617,0,0,0,0.000151165866747288,0,0,0,0,0,0,0,0,2.17074658487294e-06,7.59186152444579e-05,0,0,0,0,0,0,0,0,0,0,0,0,0,0,0,0,0,0,0,0,0,0,0,0,0,0.000244319569997557,0,0,0,0,0,0,0,0,0,0,0,0,0,0,0,0,0,0,0,0,0,0,0,0.00015271838729383,0,0,0,0,0,0,0,0,0,0,0,0,0,0,0,0,0,0,0,0,0,0,0,0,0,0,0,0,0,0,0,0,0,0,0,0,0,0,0,0,0,0,0,0,0.983797725869147,0,0,0,0,0,0,0.000904945725115085,0,0,0,0,0,0,0,0,0,0,0,0,0,0,0,0,0,0,0,0,0,0,0,0,0,0,0,0,0,0,0,0,0,0,0,0,0,0,0,0,0,0,0,0.00267314702308627,0,0,0,0,0,0,0,0,0,0,0,0,0,0,0.000409416581371546,0,0,0,0,0,0,0,0,0,0,0,0,0,0,0,0,0,0,0,0,0,0,0,0,0,0,0,0,0,0.000273837559559669,0,0,0,3.97413632082408e-06,0,0,0,9.12075884713608e-05,0,0,0,0,0,0,0,0,0,0,0,0,0,0,0,0,0,0,0,0,0,0,0,0,0,0,0,0,0,0,0,0,0,0,0,0,0,0,0,0,0,0,0,0,0,0,0,0,0,0,0,0,0,0,0,0,0,0,0,0,0,0,0,0,0,0,0,0,0,0,0,0,0,0,0,0,0,0,0,0,0,0,0,0,0,0,0,0,0,0,4.78973081712808e-05,0,0,0,0,0,0,0,0,0,0,0,0,0,0,0,0,0,0,0,0,0,0,0,0,0,0,0,0,0,0,0,0,0,0,0,0,1.53429602888087e-06,0
0,0.000131674237935348,0,0,0,0,0,0,0,0,0,0,0,0,0,0,0,0,0,0,0,0,0,0,0,0,0,0,0,0,0,0,0,0,0,0,0,0,0,0,0,0,0,0,0,0,0,0,0,0,0,0,0,0,0,0,0,0,0,0,0,0,0,0,0,0,0,0,0,0,0,0,0,0,0,0,0,0,0,0,0,0,0,0,0,0,0,0,0,0,0,0,0,0,0,0,0,0,0,8.2060035121695e-06,0,0,0,0,0,0,0,0,0,0,0,0,0,0,0,0,0,0,0,0,0,0,0,0,0,0,0,0,0,0,0,0,0,0,0,0,0,0,0,0,0,0,0,0,0,0,0,0,0,0,0,0,0,0,0,0,0,0,0,0,0,0,0,0,0,0,0,0,0,0,0,0,0,0,0,0,0,0,0,0,0,0,0,0,0,0,0,0,0,0,0,1.01514597799164e-05,0,0,0,0,0,0,0,0,0,0,0.00132802124833997,0,0,0,0,0,0,0,0,0,0,0,0,0,0,0,0,0,0,0,0,0,0,0,0,0,0,0,0,0,0,0,0,0,0,0,0,0.000992063492063492,0,0,0,0,0,0,0,0,0,0,0,0,0,0,0,0,0,0,0,0,0,0,0,0,0,0,0,0,0,0,0,1.42188248709997e-06,0,0,0,0,0,0,0,0,0,0,0,0,0,0,0,0,0,0,0,0,0,0,0,0,0,0,0,0,0,0,0,0,0,0,0,0,0,0,0,0,0,0,0,0,0,0,0,6.51223975461881e-06,0,0,0,0,0,0,0,0,0,0,0,0,0,0,0,0,0,0,0,0,0,0,0,0,0,0,0,0,0,0,0,0,0,0,0,0,0,0,0,0,0,0,0,0,0,0,0,0,0,0,0,0,0,0,0,0,0,0,0,0,0,0,0,0,0,0,0,0,0,0,0,0,0,0,0,0,0,0,0.000123152709359606,0,0,0,0,0,0,0,0,0,0,0,0,0,0,0.000175870559268378,0,0,0.989392678868552,0,0,0,0,0,0,0,0,0,0,0,0,0,0,0,0,0,0,0,0,0,0,0,0,0,0,0,0,0,0,0,0,0,0,0,0,0,0,0,0,0,0,0.00205690778196778,0,0,0,0,0,0,0,0,0,0,0.000641231163834562,0,0,0,0,0,0,0,0,0,0,0,0,0,0,0,0,0,0,0,0,0,0,0,0,0,0,0,0,0,0,5.83294447036864e-05,0,0,0,0,0,0,0,0,0,0,0,0,0,0,0,0,0,0,0,0,0,0,0,0,0,0,1.44684298859888e-05,0,0,0,0,0,0,0,0,0,0,0,0,0,0,0,0,0,0,0,0,0,0,0,0,0,0,0,0,0,0.00195074372104365,0,0.000118764845605701,0,0,0,0,0,0,0,0,0,0,0,0.000261369576581286,0,0,0,0,0,0,0,0,0,0,0,0,0,0,0,0,0,0,0,9.20047842487809e-05,0,0,0,0,0,0,0,0,0,0,0,0,0,0,0,0,0,0,0,0,0,0,0,0,0,0,0,0,0,0,0,0,0,0,0,0,0,0,0,0,0,0,0,0,0,0,0,0,0,0,0,0,0,0,0,0
0,0,0,0,0,0,0,0,0,0,0,0,0,0,0,0,0,0,0,0,0,0,0,0,0,0,0,0,0,0,0,4.09785682088268e-05,0,0,0,0,0,0,0,0,0,0,0,0,0,0,0,0,0,0,0,0,0,0,0,0,0,0,0,0,0,0,0,0,0,0,0,0,0,0,0,0,0,0,0,0,0,0,0,0,0,0,0,0,0,0,0,0,4.83161810890467e-05,0,0,0,0,0,0,0,0,0,0,0,0,0,0,0,0,0,0,0,0,0,0,0,0,0,0,0,0,0,0,0,0,0,0,0,0,0,0,0,0,0,0,0,0,0,0,0,0,0,0,0,0,0,0,0,0,0,0,0,0,0.000116529744217211,0,0,0,0,0,0,0,0,0,0,0,0,0,0,0,0,0,0,0,0,0,0,0,0,0,0,0,0,0,0,0,0,0,0,0,0,0,0,0,0,0,0,0,0,0,0,0,0,0,0,0,0,0,0,0,2.68716074595582e-05,0,0,0,0,0,0,0,0,0,0,0,0,0,0,0,0,0,0,0,0,0,0,0,0,0,0,0,0,0,0,0,0,0,0,0,0,0,0,0,0,0,0,0,0,0,0,0,0,0,0,0,0,0,0,0,0,1.59228062353709e-05,0,0,0,0,0,0,0,0,0,0,0,0,0,0,0,0,0,0,0,0,0,0,0,0,0,0,0,0,0,0,0,0,0,0,0.000244259892525647,0,0,0,0,0,0,0,0,0,0,0,0,0,0,0,0,0,0,0,0,0,0,0,0,0,0,0,0,0,0,0,0,0,0,0,0,0,0,0,0,0,0,0,0,0,0,0,0,0,0,0,0,0,0,0,0,0,0,0,0,0,0,0,0,0,0,0,0,0,0,0,0,0,0,0,0,0,0,0,0,0,0,0,0,0.000156999802043728,0,0,0,0,0,0,0,0,0,0,0,0,0,0,0,0,0,0,0,0,0,0,0,0,0,0.000803717559036708,0,0,0,0,0,0,0,0,0.980411537424746,0,0,0,0,0,0,0,0,0,0,0,0,0,0,0,0,0,0,0,0,0,0,0,0,0,0,0,0,0,0,0,0.000154942671211652,0,0.000138404473232575,0,0,0,0,0,0,0,0,0,0,0,0,0,0,0,0,0,0,0,0,0,0,0,0,2.92860071457857e-05,0,0,0,0,0,0,0,2.14192387602545e-05,0,0,0,0,0.000121585474588636,0,0,0,0,0,0,0,1.10308311731289e-05,0,0,0,0,0,0,0,0,0,0,0,0,0,0,0,0,0,0,0,0,0,0,0,0,0,0,0,0,0,0,0,0,0.000155400155400155,0,0,0,0,0,0,0,0,0,0,0,0,0,0,0,0,0,0,0,0,0,0,0,0,0.000380155863904201,0,0,0,0,0,0,0,0,0,0,0,0,0,0,0,0,0,0,0,0.00322312838794745,0,0,0,0,0,0,0,1.4719346225518e-06,0,0,0,0,0,0,0,0,0,0,0,8.21247310415058e-06,0,0,0,0,0,0,0,0,0,0,0,0,0,0,0,0.000157306905773163,0,0,0,0,0,0,0,0,0,0,0,0,0,0,0,0,0,0,0,0,0,0,0,0,0,0,0,0,0,1.88331010584203e-05,0,0,0,0,0,0,0
0,0,0,0,0,0,0,0,0,0,0,0,0,0,0,0,0,0,0,0,0,0,0,0,0,0,0,0,0,0,0,0,0,0.000389408099688474,0,0,0,0,0,0,0,0,0,0,0,0,0,0,0,0,0,0.00226830848995463,0,0,0,0,0,0,0,0,0,0,0,0,0,0,0,0,0.00842020850040096,0,0,0,0,0,0,0,0,0,0,0,0,0,0,0,0,0,0,0,0,0,0,0,0,0,0,0,0,0,0,0,0,0,0,0,0,0,0,0,0,0,0,0,0,0,0,0,0,0,0,0,0,0,0,0,0,0,0,0,0,0,0,0,0,0,0,0,0,0,0,0,0,0,0,0,0,0,0,0,0,0,0,0,0.002,0,0,0,0,0,0,0,0,0,0,0,0,0,0,0,0,0,0,0,0,0,0,0,0,2.11535003754746e-05,0,0,0,0,0,0,0,0,0,0,0,0,0,0,0,0,0,0,0,0,0,0,0,0,0,0,0,0,0,0,0,0,0,0,0,0,0,0,0,0,0,0,0,0,0.000513215293815756,0,0,0,0,0,0,0,0,0,0,0,0,0.000216076058772688,0,0.00011877895236964,0,0,0,0,0,0,0,0,0,0,0,0,0,0,0,0,0,0,0,0,0,0,0,0,0,0,0,0,0,0,0,0,0,0,0,0,0,0,0,0,0,0,0,0,0,0,0,0,0,0,0,0,0,0,0,0,0,0,0,0,0,0,0,0,0,0,0,0,0,0,0,0,0,0,0,0,0,0,0,0,0,2.17074658487294e-06,0,0,0,0.000567905240954081,0,0,0,0,0,0,0,0,0,0,0,0,0,0,0,0,0,0,0,0,0,0,0,0,0,0,0,0,0,0,0,0,0,0,0,0,0,0,0,0,0,0.000543478260869565,0,0,0,0,0,0,0,0,0,0,0,0,0,0,0,0,0,0,0,0,0,0,0,0,0,0,0,0,0,0,0,0,0,0,0,0,0,0,0,0,0,6.10910868104344e-05,0,0,0,0,0,0,0,0,0,0,0.969442942130882,0,0,0,0,0,0,0,0,0,0,0,0,0,0,0,0,0,0,0,0,0,0,0,0,0,0,0,0,0,0,0,0,0,0,0,0,0,0,0,0,0,0,0,0,0,0,0,0,0,0,0,0,0,0,0,0,0,0,0,0,0,0,0,0,0,0,0,0,0,0,0,0,0,0,0,0,0,0,0,0,0,0,0,0,0,0,0,0,0,0,0,0,0,0,0,0,0,0,0,0,0,0,0,0,0,0,0,0,0,0.000665547774755484,0,0,0,0,0,0,0,0,0,0,0,0,0,0,0,0,0,0,0,0,0,0,0,0,0,0,0,0,0,0,0,0,0,0,0,0,0,0,0,0,0,0,0.000386063121320336,0,0,0,0,0,0,0,0,0,0,0,0,0,0,0,0,0,0,0,0,9.20047842487809e-05,0,0,0,0,0,0,0,0,0,0,0,0,0,0,0,0,0.000462748727441,0,0,0,0,0,0,0,0,0,0,0,0,0,0,0,0,0,0,0,5.71363272768826e-05,0,0,0.000107723796186578,0,0,0,0,0,0,0,0,0,0,0,0,0,0,0,0
0,0,0,0,0,0,0,0,0,0,0,0,0,0,0,0,0,0,0,0,0,0,0,0,0,0,0,0,0,0,0,0,0,0,0,0,0,0,0,0,0,0,0,0,0,0,0,0,0,0,0,0,0,0,0,0,0,0,0.00232414006817478,0,0,0,0,0,0,0,0.000171467764060357,0.000131044424059756,0,0,0,0,0,0,0,0,0,0,0,0,0,0,0,0,0,0,0,0,0,0,0,0,0,0,0,0,0,0,0,9.8472042146034e-05,0,0,0,0,0,0,0,0,0,0,0,0,0,0,0,0,0,0,0,0,0,0,0,0,0,0,0,0,0,0,0,0,0,0,0,0,0,0,0,0,0.000225988700564972,0,0,0,0,0,8.05996614814218e-05,0,0,0,0,0,0,0,0,0,0,0,0,0,0,0,0,0,0,0,0,0,0,0,0,0,0,0,0,0,0,1.05767501877373e-05,0,0,0,0,0,0,0,0,0,0,0,0,0,0,0,0,0,0,0,0,3.65150076681516e-05,0,0,0,0,0,0,0,0,0,0,0,0,0,0,0,0,0,0,0,0,0,0,0,0,0,0,0,0,0,0,0,0,0,0,0,0,0,0,0,0,0,0,0,0,0,0,0,0,0,0,8.19014234467395e-06,0,0,0,0,0,0,0,0,0,0,0,0,0,0,0,0,0,0,0,0,0,0,0,0,0,0,0,0,0,0,0,0,0,0,0,0,9.89119683481701e-05,0,0,0,0,0,0,0,0,0,0,0,0,0,0,0,0,0.00137221269296741,0,0,0,0,0,0,0,0,0,0,0,0,0,0,0,4.34149316974587e-06,0,0,0,0,0,0,0,0,0,0,0,0,0,0,0,0,0,0,0,0,0,0,0,0,0,0,0,0,0,0,0,0,0,0,0,0,0,0,0,0,0,0,1.67156993848623e-05,0,0,0,0,0,0,0,0,0,0,0,0,0,0,0,0,0,0,0,0,0,0,0,0,0,0,0,0,0,0,0,0,0,0,0,0,0,0,0,0,0,0,0,0,0,0,0,0,0,0,0,0,0,0,0,0,0.977569331158238,0,0,0,0,0,0,0,0,0,0,0,0,0,0,0,0,0,0,0,0,0,0,0,0,0.00123316258774426,0,0,0,0,0,0,0,0,0,0,0,0,0,0,0,0,0,0,0,0,0,0,0,0,0,0,0,0,0,0,0,0,0,0,0,0,0,0,0,0,0,0,0,0,0,0,0,0,0,0,0,0,0,0,0,0,0,0,0,0,0,0,0,0,0,0,0,0,0,0,0,0,0,0,0,0,0,0.000220555800617556,0,0,0,0,0,0,0,0,0,0,0,0,0,0,0,0,0,0,0,0,0,0,0,0,0,0,0,0,0,0,0,0,0,0,0,0,0,0,0,0,0,0,0,0,0,0,0,0,0,0,0,0,0,0,0,0,0,0,0,0,0,0,0,0,0,0,0,0,0,0,0,0,0,0,0,0,0,0,0,0,0,0,0,0,0,0,0,0,0,0,0,0,0,0,0,0,0,0,0,0,0,0,0,0,0,0,0,0.000129198966408269,0,0,0,0,0,0,0,0,0,0,0,0,0,0,0,0,0,0
0,0,0,0,0,0,0,0,0,0,0,0,0,0.00122609122118686,0,0,0,0,0,0,0,0,0,0,0,0,0,0,0,0,0,0,0,0.000389408099688474,0,0,0,0,0,0,0,0,0,0,0,0,0,0,0,0,0,0,0,0,0,0,0,0,0,0,0,0,0,0,0,0,0,0,0.000400962309542903,0,0,0,0,0,0,0,0,0,0,0,0,0,0,0,0,0,0,0,0,0,0,0,0,0,0,0,0,0,0,0,0,0,0,0,0,0,0,0,0,0,0,0,0,0,0,0,0,0,0,0,0,0,0,0,0,0,0,0,0,0,0,0,0,0,0,0,0,0,0,0,0,0,0,0,0,0,0,0,0,0,0,0,0.0015,0,0,0,0,0,0,0,0,0,0,0,0,0,0,0,0,0,0,0,0,0,0,0,0,0,0,0,0,0,0,0,0,0,0,0,0,0,0,5.07572988995818e-06,0,0,0,0,0,0,0,0,0,0,0,0,0,0,0,0,0,0,0,0,0,0,0,0,0,0,0,0,0,0,0,0,0,0,0,0,0,0,0,0,0,0,0,0.000216076058772688,0,0.00023755790473928,0,0,0,0,0,0,0,0,0,0,0,0,0,0,0,0,0,0,0,0,0,0,0,0,0,0,0,0,0,0,0,0,0,0,0,0,0,0,0,0,0,0,0,0,0,0,0,0,0,0,0,0,0,0,0,0,0,0,0,0,0,0,0,0,0,0,0,0,0,0,0,0,0,0,0,0,0,0,0,0,0,2.17074658487294e-06,0,0,0,0,0,0,0,0,0,0,0,0,0,0,0,0,0,0,0,0,0,0,0,0,0,0,0,0,0,0,0,0,0,0,0,0,0,0,0,0,0,0,0,0,0,0.000543478260869565,0,0,0,0,0,0,0,0,0,0,0,0,0,0,0,0,0,0,0,0,0,0,0,0,0,0,0,0,0,0,0,0,0,0,0.00167905972655313,0,0,0,0,0,0,0.000162909564827825,0,0,0,0,0,0,0,0,0,0,0,0,0.969889982628836,0,0,0,0,0,0,0,0,0,0,0,0,0,0,0,0,0,0,0,0,0,0,0,0,0,0,0,0,0,0,0,0,0,0,0,0,0,0,0,0,0,0,0,0,0,0,0,0,0,0,0,0,0,0,0,0,0,0,0,0,0,0,0,0,0,0,0,0,0,0,0,0,0,0,0,0,0,0,0,0,0,0,0,0,0,0,0,0,0,0.00567375886524823,0,0,0,0,0,0,0,0,0,0,0,0,0,0,0,0,0,0.000130215868973899,0,0,0,0,0,0,0,0,0,0,0,0,0,0,0,0,0,0,0,0,0,0,0,0,0,0,0,0,0,0,0,0,0,0,0,0,0,0,0,0,0,0,0.000772126242640672,8.7123192193762e-05,0,0,0,0,0,0,0,0,0,0,0,0,0,0,0,0,0,0,0,0,0,0,0,0,0,0,0,0,0,0,0,0,0,0,0,0,0,0,0,0,0,0,0,0,0,0,0.000317662007623888,0,0,0,0,0,0,0,0,0,0,0,0,0,0,0,0,0,0,0,0,0,0,0,0,0,0,0,0,0
0,0,0,0,0,2.76571618220538e-05,0,0,0,0.000536672629695885,0,0,0,0,0,0,0,0,0,0,0,0,0,0,0,0,0,0,0,0,0,0,0,0,0,0,0,0,0,0,0,0,0,0,0,0,0,0,0,0,0,0,0,0,0,0.000135098621994056,0,0,0,0,0,0,0,0.000858369098712446,0,0,0,0.00301402175337439,0,0,0,0,0,0,0,3.84551292733262e-05,0,0,0,0,0,0,0,0,1.69439831915687e-05,0,0,0,0,0,0,0,0,0,0,0,0,0,0,0.000295416126438102,0,0,0,0,0.000286820593718629,0,0,0,0,1.98027644659194e-05,0,0,0,0,0,0,0,0,3.26675682915515e-06,0,0,0,0,0,0,0,0,0,0,0,0,0,0,0,2.58856114828573e-05,2.70160745643658e-05,0,0,0,0,0,0,0,0,0,0,8.05996614814218e-05,0,0,0,0,0,0,0,0,0,0,0,0,0,0,0,0,0,0,0.000233154581487526,0,0.00159316387862988,0,3.98612827360784e-05,0,0,0,0,0,0,0,1.05767501877373e-05,0,0,0,0,0,0.000208811860513677,0.000103939299449122,0,0,0,0,0,0.000280741156653565,0,0,0,0,0,0,0,5.47725115022274e-05,0,0,0,0,0,0,0,0,0,0,0,0,0,0,0,0,0,0,0,0,0,0,0,0,0,0,0,0,0,0,0,0,0,0,0,0,0,0,0,0,0,0,0.000182149362477231,1.74895499938787e-05,0,0,0,0,0,0,1.63802846893479e-05,0,0,0,0,0,0,0,4.18616722900846e-06,0,0,0,0,7.96140311768546e-06,0,0,0,0,0,2.4485752271278e-07,0,0,4.26564746129991e-06,0,0,0,0,0,0,0,0,0,0,0,0,0,0,0,0,0,0,0,0,0,0,0,0,0,0,0,0,0,0,0,0,0,0,0,0,0,0,0,0,0,6.01178309486594e-05,0,0,0,0,0,7.16346373008069e-05,0,0,0,0,0,0,0,0,0,0,0,0,0,0,0,0,1.33109709022176e-05,0,0,3.89574973703689e-05,0,1.39125982751161e-06,0,0,0,0,0,0,0,0,0,0,0,0,0,0,0,0.000103434009102193,0,0,3.85104170678168e-05,0,1.67156993848623e-05,0,0,0,0,0,0,0,0,0,0,0,0,0,0,0,0,0.00761124121779859,0,0,0,2.83575317604356e-05,0,0,0,0,0,0,0,0,0,0,0,0,0,0,0,0,0,0,0,0,0,0,0,0,0,0,0,0,0.000161381424997983,0,0,0,0,0,0.000270416441319632,0,0,0.991693461950697,4.37171847881684e-06,0,0,0,0,0,0,0,0,7.33352889410384e-05,0,0,0,0,0,0,0,0,0,0,0,0,0,0,0.000116602535272267,0,0,0,0,0,0,0,0,0,0,0.000450272977992908,0,0,0,0,0,8.76501007976159e-05,0,0,0,0,0,0,0,0,0,0,0,0,0,0,0,0,0,0,0,0,0,0,0,0,0,0,0,0,0,0.00337795571124734,0,0,0,0,0.000300120048019208,0,0,0,0,0.00268519981045648,0,0,0,0,0,0,0,0,0,0,0,0,0,0,0,9.12075884713608e-05,0,0,0,0,0,0,0,0,0,0.000255102040816327,0,0,0,0,0,0,0,0,0,0,0,0.000117308933075254,0,0,0,0.000227014755959137,0,0,0,0,0,0,0,0,0,0,0,0,0,0,0,0,0,0,0,0,0,0,2.84867821330902e-05,0,0,0,0,0,0,0,0,0,0,0,0,9.22253988748501e-05,0,0,0,0,0,0,0,0,0,3.04766548823601e-05,0,0,0,0,0,0,0,0,0,0,0,0,0,0,0,0,0.00131969646981194,0,0,0,0,0,0,0,0,0,0,0,7.93704337197351e-06,0,0,0,0,0,0,0,0,5.71363272768826e-05,6.45994832041344e-05,0.00299139972578836,0,0,0,0,0,0,0,0,0,0,0,0,0,0,0,0,0
0,0,0,0,0,0,0,3.64721243553552e-06,0,0,0.00615961435457954,0,0.00506146059291396,0,0,0,0,0,0.011979246146803,0,0,0,0,0,0,0.000645369474023879,0.00031640563202025,0,0,0,0,0,0,0,0,0.000501127536958156,0,0,0,0,0,0,0,0,0,0,0.00116225011622501,0.00131282189382974,0,0,0.000220215811495265,0,0,0,0,0.000135098621994056,0,0,0,2e-04,0,0.00035438372669927,0,0,0,0,0,0,0,0,0,0,0,4.94875563539548e-06,0,1.28183764244421e-05,0,0,0,0,0,0,0,0,0,0,0,0,0,0.000493061914488977,0,0,0,3.076232107865e-06,0,0,0,0,0,8.2060035121695e-06,0,0,0.000628009210801758,0,0,0,0,0,0,0,0,0,0.000253533624897002,0,0,0,0,0,0,0.000370164723301869,0,0,0,0,0,0,0,0,0,0,0,0,0,0,1.29428057414286e-05,0,0,0,0,0,0,0,0,0,0,0.00668257756563246,0,0,0,0,0,0,0,0,0,0,0.0001831390025029,0,0,0,0,0,0,0.000335570469798658,0,0,0,0,0,0,0.00052498448909464,0,0,0,0,0.000669120107059217,0.000467180565288484,2.11535003754746e-05,0,0.000370708338086004,0.000338507664780695,0,0,0,0,0,0,0,1.27019611828066e-05,0,0,7.61359483493726e-05,0,0,0,0,0,0,1.82575038340758e-05,0,0,0,0,0,0,0,0,0,0,0,0,0,0,0,0,0,0,0,0,0,0,0,0,0,0,0,0,0.000746985380428983,0,0,0,0,0,0,2.42643847360844e-05,0,0,0,0.000314643508904411,0,0,0,0,0,0,0,0,0,0,8.19014234467395e-06,0,0,0,0,0.00308832612723904,0,0,5.02340067481016e-05,0,0,0,0,5.30760207845697e-06,0,0,0,0.000822368421052632,0,1.63238348475187e-06,0,0,4.26564746129991e-06,0.00022033606039124,0,0,0,0,0,0,0,0,0.000240038406144983,0,0,0,8.21031544031922e-06,0,0,3.77643504531722e-05,0.0181136172943093,0.0661448926349589,0,0,0,0,1.12731945978851e-05,0,0,0,0,0,0,0,0,0,0,0.000993606359080698,0,0.000636739891754218,0,0.00744491893730396,0,3.49913396434382e-05,0,0.0187229956793087,0,0.00021425510641337,0,0,1.95367192638564e-05,0.0017967405607855,0,0.000271517784414879,0,0,0,0,0,0,0,0,0.000413850186232584,0,0,0,0,0,0,0,0,0.000221092195445501,0,0,0,0,0,0.000977278279990227,0,0,0,0,0,0,0,0,0,0,0,0,0,0,0,1.67156993848623e-05,0,0.000300571085061617,0,0,0,0,0,0,0.000857948277975242,0,0,0,0,0,0,0,0.000292740046838407,0,8.41042893187553e-05,6.8260783497273e-06,0,0,0.00409836065573771,4.95123038074962e-05,0.00269343780607248,0,0.00124434389140271,0,0.000250187640730548,0,0.000662492253114782,0,0,0,0.00243770314192849,0,3.38249222026789e-05,0,0,0,0,3.09386795371574e-05,6.09421658845755e-05,5.28438815592468e-05,0,1.46130465279401e-05,0,0,0,0,0.000175870559268378,0,0.00762887346968431,0,0,0,0,0,2.43593491181916e-05,0.983575453675085,0,0,0,0,0.000723414516517965,0,0,0,7.33352889410384e-05,0,9.82163903512218e-06,0.000108225108225108,0,0,0,0,4.54256382302171e-05,0.00112107623318386,0,0,0,0,0,0,0,0,0,0,0,0,0,2.58077836275421e-05,0,0,0,0,0,0.000512557662737058,0,0,0,1.26778062324095e-05,0,0.0116646415552855,0,0,0,0,2.47328848436882e-05,0,0,0,0.000128982329420869,0,0,0,0,0,0.0163766632548618,8.97021887334051e-05,0,2.14192387602545e-05,0,0,0,0.000116049669258443,0,0,0,0,0,0,0,0,0,0,0,0,0,0.00964320154291225,0,0,0,0,3.32205771576973e-06,0,0,0,0.00213593296456542,2.73374922771584e-06,0,0,3.97413632082408e-06,0,0,0,0.000638453119299526,0,0,0,0,0,8.94294401717045e-05,0,0,0,0,0.000310800310800311,0,0,0,0,0,0.000167224080267559,0,0,0,0,0,0,0,0,0,0,0,0,0,0,0,0,0,0,0,0,0,0,2.30781124873359e-06,0,0,0.000377500943752359,0,0,0,0,0.000273224043715847,0,0,0,0,0,0,0,0,0.000321508948665738,0,0,0.00435594275046671,0,0,0,4.41580386765541e-06,0,0,0,0,0,0,0,0,0,0,0,1.64249462083012e-05,2.17520240258356e-06,0,0,0.0119303268909568,0,0,0,0,0,0,0,0,0,0,0.00368809272918862,0,0,0,0,0,0,0,0,0,7.93704337197351e-06,0.000510725229826353,0.00359550561797753,0,0,0,0,0,0,0,0,0,0,0,3.15422587411485e-05,0,0,0,0,8.05282654211628e-05,0.00018000990054453,0,0,0,0.000175043213793405,0,0,2.34657039711191e-06,1.18320610687023e-05
0,0,0,0,0,0,0,0,0,0,0,0,0,0,0,0,0,0,0,0,0,0,0,0,0,0,0,0,0,0,0,0,0,0,0,0,0,0,0,0,0,0,0,0,0,0,0,0,0,0,0,0,0,0,0,0.000135098621994056,0,0,0,0,0,0,0,0,0,0,5.71559213534522e-05,0,0,0,0,0,0,0,0,0,0,0,0,0.00241097922848665,0,0,0,0,0,0,0,0,0,0,0,0,0,0,0,0,0,0,0,0,0,0,0,0,0,0,0,0,0.000111794298490777,0,0,0,0,0,0,0,0,0,0,0,0,0,0,0,0,0,0,0,0,0,0,0,0,0,0,2.70160745643658e-05,0,0.00376076671114885,0,0,0,0,0,0,0,0,0,0,0,0,0,0,0,0,0,0,0,0,0,0,0,0,0,0,0,0,0,0,0,0.000119583848208235,0,0,0.000167532249958117,0,0.000216520515318826,0,0,0,0,0,0,0.000141502759303806,0,0,0,0,0,0,0,0,0,0,0,0,0,0,0,0,7.30300153363032e-05,0,0,0,0,0,0,0,0,0,0,0,0,0,0,0,0,0,0,0,0,0,0,0,0,0,0,0,0,0,0,0,0,0,0,0,0,0,0,0,0,0,0,0,0,0,0,0,0,0,0,1.63802846893479e-05,0,0,0,0,0,0,0,0,0,0,0,0,0,0,0,0,0,0,0,0,0,0,9.57982871266262e-06,0,0,0,0,0,0,0,0,0,0,0,0,0,0,0,0,0,0,0,0,0,0,0,0,0,0,0,0,0,0,0,0,0,0,0,0,0,0,0,0,0,0,0,0,0,0,0.000371197666013272,0,0,0,0,0,0,0,0,0,0,0,0,0,0,0,0,0,0,0,0,0,0,0,0,0,0,0,0,0,0,0,0,0,0,0,0,0,0,0.00254688585320676,0,0.000385104170678168,0,0.000100294196309174,0,0,0,0,0,0,0,0,0,0.000191828122002686,0,0,0,0,0,0,0,0,0,0,0,0,0,0,0,0,0,0,0,0,0,0,0,0,0,0.000123152709359606,0,0,0,0,0,0,0,8.8073135932078e-06,0,0,0,0,0,0,0,0,0,0,0,0,0,0,2.43593491181916e-05,0,0.978930232558139,0,0,0,0,0,0,0,0,0,0,0,0,0,0,0,0,0,0,0,0,0,0,0,0,0,0,0,0,0,0,0,0,0,0,0,0,0,0,0,0,0,0,0,0,0,0.0139237616982424,0,0,0,0,0,0,0,0,0,0,0.00266885649763909,0,0,0,0,0,0,0,0,0,0,0,0,0,0,0,0,0,0,0,0,0,0,0,0,0,0,0,0.00015976993129893,0,0,0,0,0,0,0,0,0,0,0,0,0,0.000110277900308778,0,0,0,0,0.000707613925842061,0,0,0,0,0,0,0,0,0.000167224080267559,0,0,0,0,0,0.000144320969836917,0,0,0,0,0,0,0,0,0,0,0,0,0,0,0,0,0,0,0,0,0,0,0,0,0,0,0,0,0,8.7123192193762e-05,0,0,0,0,0,0,0,0,0,0,0,0,0,0,0,0,0,0,0,0,0,0,0,0,0,0,0,0,0,0,0,0,0,0,0,0,0,0,0,0,0,0,0,0,0,0,0,7.93704337197351e-06,0,0,0,0,0,0,0,0,5.71363272768826e-05,0,0,0,0,0,0,0.00240384615384615,0,0,0,0,0,0,0,0,1.34163871586009e-06,0,0,0
0,0,0,0,0,0.00384434549326548,4.2954219392971e-06,0,0,0,0,0,0,0,0,0,0,0.000408496732026144,0,0,4.22911662211997e-06,0,0,0,0,0,0,0,3.3398646241539e-05,0.000167796496409155,0,0,0,0,0,0,0,0,0,0,0,0,0,0,0,0,0,0,0,0,0,0,0,0,0,0,0,0,0,0,5.69174639854747e-06,0,0,0,0,0,0,0,0,0,0,0,0,0,0,0,0,0,5.39956803455724e-05,0,0,0,0,0,0,0,0,0,0,0,0,0,0,3.076232107865e-06,0,0,0.000292890092992605,0,0.00354371213372115,0,0,0,0,0,0,0,0,0,0,0,0,0.000243196575792213,0,2.4515812699191e-05,0.000232705029753,0,0,0,3.26675682915515e-06,0,0,0,0,0,0,3.35979733702463e-06,0,0,0,0.000209253405874514,0,0,0,0,0,0,0,0,4.07697325505545e-05,0,0,0,0,0,0,0,0,0,0,0,0,0,0,0,0,0,0,0,0,0,0,0,0,0,0,0,0,0,0,0,0,0,0,0.000594082513817723,0,0,0,0,0,0,0,0,0,0,0.000103939299449122,0.000152687296416938,0,0,0,0,0,5.07572988995818e-06,0,3.45227574016792e-06,0,0,0,0,0,0,0,0,0,0,0,0,0,0,8.51411640499949e-06,3.27884977949735e-05,0,0.000171187441689278,0,0,0,0,0,0,0,0,0,0,0,0,0,0,0,0,0,0,3.50235708631909e-05,0,0,0.00137741046831956,0,0,0,0,2.09762339269608e-05,0,0,0,0,0,0,0,0,0,0.00110314396028682,0,0.000158679784195493,0,0,0,0,0,0,0,0,0,0,0,0,0.00021491510853213,0.00104321907600596,0,0,0,6.85601063595783e-06,0,0,0,0,0,0,0.000561429774492374,0,0,9.13876297704343e-06,6.20628448366816e-06,0,0,0,0.000417691557989511,0,0.000968817221957668,0,0,0,0,0,0,0,0,0,0.000665118481275224,0,0,0,6.36051392952551e-05,0,0,0,0,1.09635899178827e-05,0,0,0,0,0,0,0,0,0,0,0,0,0,0,0,0,0.00323006900601967,0,0,0,0,0,0,0,0,0,0,4.84439793822424e-06,0,0,0,0,0,1.6548345992818e-05,0,0,9.73881879258125e-06,8.02536013803619e-06,0,4.09123453001943e-05,0,0,0,0,0.000750638042335986,0,0,0,0,0,2.12089077412513e-05,0,0,0,0,0,0,0,0,0,0,0,0,0,0.000778513040093422,0,0,0,0,0,0,0,0,0,0,0,0,0,0,0,0,0,0,0,0,0,0,0,0,0,0,0,0,0,0,0,0.000730430548228706,0,0,0,0,0,0,0,0,0,8.34390227621654e-06,0,0,0,0,0,0,0,0,0,0,0,0,0.983443039779478,0,3.5405624537514e-06,0,0,0,0,0,0,9.82163903512218e-06,0,0,0,0,0,0,0,0,0,0,0,0,0,0,0,0,0,0,0,0,0,0,0,0,0.0125093353248693,0,0,0,0,0,0,0.000101117346680823,0,0,0,0,0,0,0,0,0,0,0,0,0.000243961941937058,0,0,0,0,0,0,0,0.000300057010832058,0,0,0,0,0,0,0,0,0,0,0,0,0,3.12052399838981e-06,0,0,0,0,0,0.000302938503483793,3.32205771576973e-06,0,0,0,0,0,0.00801102045141464,0,0,1.34576823179512e-05,0,0,0,0,0,0,0,7.16055394045283e-06,0,0,0,0,0,0,0,0,0,1.07868756084472e-05,0,0,0,0,0,5.83464612871229e-05,0,0,0,0,0,0,5.68685880666955e-06,0,0,0,0,0,0,0,0,0,0,0,4.61562249746718e-06,0.000118764845605701,0,0,0,0,0,0,0,0,0,0,0,0,0,0,0,0,0,4.71827198007002e-06,0,0,0,0,0,0,0,0,0,0,0,0,0,0,0.000259672812256557,2.77027494978877e-05,0,1.45013493505571e-05,0,1.09870791948668e-05,0,0,0.000419551080344032,0,0,0,0,0,0,0,0,0,0,0.000219514872132587,0,0,0,0,0,0,0,0,0,0,0.0010751036707111,0,0,0,0,0.00027986118885033,0,0,0,0,0,0,0,0,0,0,0,0,0,3.29131422176875e-05,0,0,1.91662673694298e-07,1.1543134872418e-06,0,0
0,0,0,0,0,2.76571618220538e-05,0,3.64721243553552e-06,0,0,0,0,0,0,0,0,0,0,0,0,0,0,0,0,0,0,0,0,0,0,0,0,7.44956643523347e-06,0,0,0,0,0,0,0,0.000221695080586162,0,0,0,0,0,0,0,0,0,0,0,0,0,0,0,0,0,0,0,0,0,0,0,0,0,0,0,0,0,0,0,0,0,0,0,0,0,0,0,0,0,0,0,0,1.78094390026714e-05,0,0,0,0,0,9.85512959495417e-06,0,0,9.67202174270488e-06,0,0,0,0,0,0,0,0,0,0,0,0,0,0,0,0,0,0,0,0,0,0,0,3.26675682915515e-06,0,0.000177935943060498,0,0,0,0,0,0,0,0,0,0,0.000115861429730043,0,0,1.29428057414286e-05,0,0,0,8.15394651011089e-05,0,0,0,0,0,0,0,0,0,0,0,0,0,0,0,0,0,0,0,0,0,0.000580046403712297,0,0,0,0.00015286429472236,0,0,0,0,0,0,0,0,0,0,0,0,0,0,0,0,0,0,0,0,0,0,0,0,0,0,0,0,0,0,1.92722787542399e-05,0,0,1.82575038340758e-05,0,0,0,0,0,0,0,0,0,0,0,0.000226073850791258,0,0,0,0,0,0,0,0,0,0,0,0,0,0,0,0,0,2.51768674941464e-05,0,0,0,0,0,0,0,0,0,0,0,0,0,0,2.39097169089518e-05,0,0,0,0,0,8.19014234467395e-06,0,0,0,0,0,0,0,4.18616722900846e-06,0,0,2.91027618520998e-05,0,2.65380103922849e-06,0,0,0,0,0,8.16191742375933e-08,0,0,0.00050476828292049,0,3.39763354823366e-05,0,0,0,0,0,0,0,0,0,0,0,0,0,0,0,0,0,0,0,0,0,0,0,0,0,0,0,0,0,0,0,0,0,0,0,0,0,0,0,0,0,9.26011667747014e-05,0,0,0,0,0,0,0,0,0,0,0,0,0,0.000134553283100108,0,0,4.84439793822424e-06,3.62884203650615e-05,0,0,0,0,0,0,0,0,0,0,0,0,0,5.16862643752423e-06,0,0,0,0,0,0,4.76890672813258e-05,0,0,0,0,0,0,0,0,0,0,0,0,0,0,0,0,0,0,0,0,0,0,0.00148715637674628,0,0.000292740046838407,0,8.41042893187553e-05,0,0,0,0,0,0,0,0,0,0,6.69030574697264e-05,0,0,0,0,0,0,0,0,0,0,0,0,0,0,0,0,0,0,0,0,0,0,0,0,0,0,0,0,0,0,0,0,0.974537872408677,0,0,0,0,0,0,5.74914194056537e-06,0,0,0,0,0,0.000222074172773706,0,0,0,0,0,0,0.000551116009920088,0,0,0,0,0,0,0,0,0,0.000131700250230475,0,0,0,0,0,0,0,0,0,0,0,0.000316555872111428,0,0,0,0,0,0,0,0,0,0,0,0,0,0,0,0,0,0,0,0,0,0,2.27128191151086e-05,0,0,0,0,0,0,0,0.000300120048019208,2.00156121774984e-05,0,0,0,0,0,0,0,1.66102885788486e-06,0,0,0,0,0,0,0.000308947108255067,0,0,0,0,0,0,0,0,0,0,0,1.30874635186954e-05,0,0,0,0,0,0,0,0,0,0,0,0,0,0,0,0,0,0,0,0,0,0,0,0,0,0,0,0,0,0,0,0,0,0,0,0,0,0,0,0,0,0,0,0,0,0,0,0.000255015300918055,0,0,5.29156524499947e-05,0,0,0,0,0,0,0,0,0,0,9.30405656866394e-05,0,0,3.04766548823601e-05,0,0,0,0,0,0,0,0,0,0,0,0,0,0,0,0.000144320969836917,0,0,0,0,0,0.00102386894477507,0,0,0.000112007168458781,0,0,0,3.96852168598675e-06,0,0,0,0,0,0,0,0,0,0,0,0,0,0,0,0,0,0,0,0,1.88331010584203e-05,0,0,0,1.43747005270724e-07,0,0,0
0,0,6.6795805223432e-05,0.0132769621963951,0,2.76571618220538e-05,1.14544585047923e-05,1.82360621776776e-05,0,0,0,0,0,0,0,0,0,0,0,9.26994935236763e-05,4.22911662211997e-06,0,1.64152399087313e-05,0,4.4992351300279e-05,0,0,0.000496250551389501,0,0,0.000145053669857847,4.09785682088268e-05,6.70460979171012e-05,0,0,0,0,0,0,0,0,0.00065019002577539,0,0.000130616509926855,0,0,0,0,0,0,0,0,0.000293642636910879,0,0,0,0,0,0,0,5.69174639854747e-06,0,6.47295276686366e-06,0,0.000267308206361935,0,0,0,0,0,0.000167954316425932,0,0,0.000180629580691935,5.20826551737608e-05,0,0,0,0,0,0,5.76003686423593e-05,0,0,4.23599579789217e-06,3.56188780053428e-05,6.32421065945707e-05,0,0,0,0,7.88410367596334e-05,0,1.230492843146e-05,4.83601087135244e-05,6.03536725209729e-05,0,0,9.52610788634718e-06,0,0,0,0,0,0,1.43423666339183e-05,0,0,0,0,0,0,0,0,4.155446959875e-06,0,0,0.000434873364876148,0.00021560595072424,0,0,0.000110180696342001,0,0,0.000117887456774599,3.35979733702463e-06,0,0,0,7.70933600590315e-05,0,0,0,0,0,0,0,0,0.000203848662752772,0,0,0,0,0.000171600171600172,0,0,0,0,0,0,0.000200937709310114,0,0,0,0,0,0,0,0,0,0,3.71774853148933e-05,6.6869057012558e-05,0,0,0,2.46889196128777e-05,0,0,0,0,0,0,0,0,0,0,1.05767501877373e-05,0,0,0,0,0,0,0,0,0,3.96384969081972e-05,0.000241337262473326,0,0,0,3.65328832482117e-06,1.03568272205038e-05,0,1.92722787542399e-05,0,0,0,0,0,0,0,0,0,0,8.34741960391494e-05,0,0,4.91827466924603e-05,0,8.55937208446388e-06,0,0,0,0,0,0,0,0.000858860578299456,0,0,0,0,0,0,1.99642639674982e-05,0,0,0,2.80188566905527e-05,0.00049825610363727,0,0,0,0,0,0,0,0,0,0,0,0,0,0,0,0,0,0,0,0,0,0,0,0,0,0,0,0.000220300710469791,0,0,2.65380103922849e-06,0,7.45156482861401e-05,0,0,0,1.02023967796992e-05,0,0,8.53129492259983e-06,0,0,0,0,0.000133138064172547,0,0.0139731685918994,0,0,0,0,0,0,0,0,0,0,0,0,0.000106951871657754,0,0,0,1.12731945978851e-05,0,0,0,3.18025696476275e-05,0,0,0,0,1.09635899178827e-05,0,0,0,0,0,0,6.45411126887827e-05,0,3.60706985691956e-05,0,0,0,0,0,0,0,0,0,0,0,0.000225073148773351,0.00028048130592096,7.51161617787507e-05,0.000132520540683806,0,0.000125520011476115,0,7.26659690733636e-05,7.2576840730123e-05,0,0,6.6554854511088e-06,0,7.44675569676811e-05,0,0,4.17377948253482e-06,1.20380402070543e-05,0.000176928520877565,0.000265930244451263,0,0,0.00137485463238144,0,0,0,0,0,0,1.58963557604419e-05,4.24178154825026e-05,0,0,0,2.33399463181235e-05,0,0,0,0,0,0,0,0,7.12995531894667e-05,0,0,0,0,0,0.00012809017548354,0.000171062985391221,1.77864206607062e-05,0,0.000240697058681943,0,0,0,6.8260783497273e-06,0,0,0,9.90246076149923e-05,0,0,0,0,0,0,2.13707178424123e-05,6.1012440436605e-06,0,0.00208266380630809,0,0,0,0,0,1.60080680663054e-05,0,0,0,1.76146271864156e-05,2.03636956034781e-05,0,0.0263402798550869,0,1.07278743551356e-05,0,0,0,0,0,0,0,0,0,0,0,0,1.18815645644218e-05,0,0.95584918620172,0,0,0,0,0,6.89897032867845e-05,9.82163903512218e-06,0,3.28601472134595e-05,0,0,0,0,0,4.71253534401508e-05,0,0,0,0,0,6.52656311186529e-05,0,0,0,0,0,0,0,0,0,0,0.000186706497386109,0,0,0,0,0,1.26778062324095e-05,0,0,0,0,0,0,0,0,0,2.63351943537343e-05,0,5.85720142915715e-05,0,0,0,0,0,0,0,0,0,0,0,0,0,0,0,0,0,1.45169485374174e-05,0.000326519950368968,7.31618095354225e-05,0,0,0,1.87231439903389e-05,0,0,0,0,0,0,0.00352387272200274,0,0,0,0,2.73374922771584e-06,2.11931757973932e-05,0,0.000162939589153787,8.97178821196747e-06,0.000247575820094904,0,0,0,0,0,0,0.000121729416987698,0.000134144160257557,9.16122446308681e-05,0,0,0,0,0,7.32198425773385e-05,3.2916392363397e-05,2.6967189021118e-06,0,0,0,0,0,0,0,0,0,7.48265893791139e-06,0,0,1.13737176133391e-05,0,0,0,0,0,0,0,0,0,0,0,4.61562249746718e-06,0.000118764845605701,0.00369738339021615,0,0.000161995788109509,8.51595321903032e-05,0,0,0,2.84867821330902e-05,1.8067500180675e-05,0,0,0,0,2.83350334353395e-05,2.44176393026322e-05,0,0,1.65139519302451e-05,0,0,0,0,2.06070847157253e-05,0,0,0,0,0,0,0,0,0,0,2.77027494978877e-05,8.21247310415058e-06,1.01509445453899e-05,0,6.5922475169201e-05,0,0,0,0,0,0,0,0,0,0,0,0,0,5.48787180331467e-05,0,0,0,0,0,0,0,4.36537385458543e-05,0,0,1.91982798341269e-05,0,0,0,0,0,0,0,0,0,0,0,0,0,0,3.06032668987414e-05,0,4.50024751361325e-05,3.76662021168406e-05,8.22828555442188e-06,0,0,6.22903689506469e-07,1.21506682867558e-07,9.02527075812274e-08,0
0,0,0,0,0,0,0,0,0,0,0,0,0,0,0,0,0,0,0,0,0,0,0,0,0,6.45369474023879e-05,0,0,0,0,0,0,0,0,0,0,0,0,0,0,0,0,0,0,0,0,0,0,0,0,0,0,0,0,0,0,0,0,0,0,0,0,0,0,0,0,0,0,0,0,0,0,0,0,0,0,0,0,0,0,0,0,0,0,0,0,0,0,0,0.00140874832711136,0,0,0,0,0,0,0,0,0,0,0,0,0,0,0,0,0,0,0,0,0,0,6.33834062242505e-05,0,0,0,0,0,0,0,0,0,0,0,0,0,0,0,0,0,0,0,0,0,0,0,0,0,0,0,0,0,0,0,0,0,0,0,0,0,0,0,0,0,0,0,0,0,0,0,0,0,0,0,0,0,0,0,0,0,0,0,0,0,0,0,0.000233590282644242,0,0,0.00019961218204631,0.0017892547995551,0,0,0,0,0,0,0,0,0,0,0,0,0,0,0,0,0,0,0,0,0,0,0,0,0,0,0,0,0,0,0,0,0,0,0,0,0,0,0,0,0,0,0,0,0,0,0,0,0,0,0,0,0,0,0,0,0,0,0,0,0,0,0,0,0,0,0,0,0,0,0,0,0,0,0,0,0,0,0,0,0,0,0,0,0,0,0,1.63238348475187e-07,0,0,0,0,0,0,0,0,0,0,0,0,0,0,0,0,0,0,0,0,0,8.02729279550472e-05,0,0,0,0,0,0,0,0,0,0,0,0,0,0,0,0,0,0,0,0,0,1.74956698217191e-05,0,0,0,0,0,0,0,0,0,0,0,0,0,0,0,0,0,0,0,0,0,0,0,0,0,0,0,0,0,0,0,0,0,0,0,0,0,0,0,0,0,0,0,0,0,0,0,0,0,0,0,0,0,0,0,0,0,0,0,0,0,0,0,0,0,0,0,0,0,0,0,0,0.00273224043715847,0,0,0,0,0,0,0,0.000384672921163422,0,0,0,0.000270855904658722,0,3.38249222026789e-05,0,0,0,0,0,0,0,0,0,0,0,0,0,0,0,0,0,0,0,0,0,0,3.49737478305347e-05,0,0,0,0,0.985411140583554,0,0,0,0,0,0,0,0,0,0,0,4.54256382302171e-05,0,0,0,0,0,0,0,0,0,0,0,0,0,0,0,0,0,0,0,0,0,0,0,0,0,0,0,0,0,0,0,0,0,0,0,0,0,0,0,0,0,0,0,0,0,0,0,0,0,0,0,0,0,0,0,0,0,0,0,0,0,0,0,0,0,0,0,0,0,0,0,0,0,0,0,0,0,0,0,0,0,0,0,0,0,0,0,0,0,0,0,0,0,0,0,0,0,0,0,0,0,0,0,0,0,0,0,0,0,0,0,0,0,0,0,0,0,0,0,0,0,0,0,0,0,0,0,0.000341530054644809,0,0,0,0,0,0,0,0,0,0,0,0,0,0,0,0,0,0,0,0,0,0,0,0,0,0,0,0,0,0,0,0,0,0,0,0,0,0,0,0,0,0,0,0,0,0,0,0,0,0,0,0,0,0,0,0,0,0,0,0,0,0,0,0,0,0,0,0,0,0,0,0,0,0,0,0,0,0,0,0,0
0,0,0,0,0,0,1.43180731309903e-06,7.29442487107104e-06,0,0,0,0,0,0,0,0,0,0,0,8.42722668397057e-06,0,0,0,0,0,0,0,0,0,0,0,0,0,0,0,0,0,0,0,0,0,0,0,0,0,0,0,0,0,0,0,0,0,0,0,0,0,0,0,0,5.69174639854747e-06,0,0,0,0,0,0,0,0,0,0,0,0,0,0,0,0,0,0,0,0,0,0,0,0,0,0,0,0,0,0,9.85512959495417e-06,0,3.076232107865e-06,0,0,0,0,3.17536929544906e-06,0,0,8.16459830176355e-06,0,0,0,0,0,0,0,0,0,0,0,0,0,0,0,0,0,0,0,0,0,0,0,0,0,0,0,0,0,0,0,0,0,0,0,0,0,0,0,0,0,0,0,0,0,0,0,0,0,0,0,0,0,0,0,0,0,0,0,0,0,0,0,0,0,0,0,0,0,6.31911532385466e-05,0,0,0,0,0,0,0,0,0,0,5.73526038082129e-05,0,0,0.000407166123778502,0,0,0,0,0,5.07572988995818e-06,3.65328832482117e-06,1.38091029606717e-05,0,0,0,0,0,0,0,0,0,0,0,0,0,0,0,0,0,0,0,1.46447191142874e-05,0,0,0,0,0,0,0,0,0,0,0,0.000124285359184688,0,0,0,0,0,0,0,0,0,0,0,0,0,0,0,0,0,0,0,0,0,0,0,0,0,0,0,0,0,0,0,0,0,0,0,0,0,0,0,0,0,0,8.16191742375933e-08,0,0,1.42188248709997e-06,0,0,0,0,0,0,0,0,0,0,0.00167464114832536,0,0,0,0,0,0,0,0,0,0,0,0,0,0,0,0,9.54077089428826e-05,0,0,0,0,0,0,0,0,0,0,0,0,0,0,0,0,0,0,0,0,0,0,0,0,0,0,0,0,0,0,0,0,0,0,0,0,0,0,0,0,0,0,0,0,0,0,0,0,0,0,0,0,0,0,0,0,0,0,0,0,0,0,0,0,0,0,0,0,0,0,0,0,0,0,0.000256180350967081,0,0,0,0,0,0,0,0,0,0,0,0,0,0,0,0,0,0,0,6.1012440436605e-06,0,0,0,0,0,0,0,0,0,0,0,0,0,0,0,0,0,0,0,0,0,0,0,0,0,0,0,0,0,0,0,0,0,0.968744402650905,0,0,0,0,9.82163903512218e-06,0,0,0,0,0,0,0,0,8.825346394846e-05,0,0,0,0,0,0,0,0,0,0,0,0,0,0,0,0,0,0,0,0,0,0,0.000455028060063704,0,0,0,0,0,0,0,0,0,0,0,0,0,0,0,0,0,0,0,0,0,0,0,0,0,0,0,0,0,0,0,0,0,0,0,0,0,0,0,0,0,0,0,0,0,0,0,0,0,0,0,0,0,0,0,0,0,0,2.38685131348428e-06,0,0,0,0,0,0,0,0,0,0,0,0,0,0,0,0,0,0,0,0,0,0,0,0,0,0,0,0,0,0,0,0,0,0,0,0,0,0,0,0,0,0,0,0,0,0,0,0,0,0,0,0,0,0,0,0,0,0,4.41580386765541e-06,0,0,0,0,0,0,0,0,0,0,0,0,0,0,1.09870791948668e-05,0,0,0,0,0,0,0,0,0,0,0,0,0,0,0,0,0,0,0,0,0,0,0,0,0,0,0,0.00563891499497683,0,0.000167916713310198,0,0,0,0,0,0,0,0,0,0,0,0,0,0,0,0,0,0,0,0
0,0,0,0,0,0,0,0,0,0,0,0,0,0,0,0,0,0,0,0,0,0,0,0,0,0,0,0,0,0,0,0,0,0,0,0,0,0,0,0,0,0,0,0,0,0,0,3.36620998417881e-05,0,0,0,0,0,0,0,0,0,0,0,2e-04,0,0,0,0,0,0,0,0,0,0,0,0,0,0,0,0,0,0,0,0,0,0,6.39386189258312e-05,0,0,0,0,0,0,0,0,0,0,0,0,0,0,0,0,0,0,0,0,0,0,0,0,0,0,0,0,0,0,0,0,0,0,0,0,0,0,0,0,0,0,0,0,0,0,0,0,0,0,0,0,0,0,0,0,0,0,0,0,0,0,0,0,0,0,0,0,0,0,0,0,0,0,0,0,0,0,0,0,0,0,0,0,0,0,0,0,0,0,0,0,0,0,0,0,0,0,0,0,0,0,0,0,0,0,0,0,0,0,0,0,0,0,0,0,0,0,0,0,0,0,0,0,0,0,0,0,0,0,0,0,0,0,0,0,0,0,0,0,0,0,0,0,0,0,0,0,0,0,0,0,0,0,0,0,0,0,0,0,0,0,0,0,0,0,0,0,0,0,0,0,0,0,0,0,0,0,0,0,0,0,0,0,0,0,0,0,0,5.74789722759757e-05,0,0,0,0,0,0,0,0,0,0,0,0,0,0,0,0,4.93559054340852e-05,0,0,0,0,0,0,0,0,0,0,0,0,0,0,0,0,0,0,0,0,0,0,0,0,0,0,0.000857020425653478,0,0,0,0,0,0,0,0,0,0,0,0,0,0,0,0,0,0,0,0,0,0,0,0,0,0,0,0,0,0,0,0,0,0,0,0,0,0,0,0,0,0,0,0,0,0,0,0,0,0,0,0,0,0,0,0,0,0,0,0,0,0,0,0,0,0,0,0,0,0,0,0,0,0,0,0,0,0,0,0,0,0,0,0,0,0,0,0,0,0,0,0,0,0,0,0,0,0,0,0,0,0,0,0,0,0,0,0,0,0,0,0,0.967679691268693,0,0,0,0,0,0,0,0,0,0,0.000373692077727952,0,0,0,0,0,0,0,0,0,0,0,0,0,0,0,0,0,0,0,0,0,0,0,0,0,0,0,0,0,0,0,0,0,0,0,0,0,0,0,0,0,0,0,0,0,0,0,0,0,0,0,0.00517297122534756,0,0,0,0,0,0,0,0,0,0,0,0,0,0,0,0,0,0,0,0,0,0,0,0,0,0,0,0,0,0,0,0,0,0,0,0,0,0,0,0,0,0,0,0,0,0,0,0,0,0,0,0,0,0,0,0,0,0,0,0,0,0,0,0,0,0,0,0,0,0,0,0,0,0,0,0,0,0,0,0,0,0,0,0,0,0,0,0,0,0,0,0,0,0,0,0,0,0,0,0,0,0,0,0,0,0,0,0,0,0,0,0,0,0,0,0,0,0,0,0,0,0,0,0,0,0,0,0,0,0,0,0,0,0,0,0,0,0,0,0,0,0,0,0,0,0,0,0,0,0,0,8.75216068967026e-05,0,0,2.70758122743682e-07,0
0,0,0,0,0,0,0,0,0,0,0,0,0,0,0,0,0,0,0,0,0,0,0,0,0,0.000645369474023879,0,0,0,0,0,0,0,0,0,0,0,0,0,0,0,0,0,0,0,0,0,0,0,0,0,0,0,0,0,0,0,0,0,0,0,0,0,0,0,0,0,0,0,0,0,0,0,0,0,0,0,0,0,0,0,0,0,0,0,0,0,0,0,0,0,0,0.000142816338189089,0,0,0,0,0,0,0,0,0,0,0,0,0,0,0,0,0,0,0,0,0,0,0,0,0,0,0,0,0,0,0,0,0,0,0,0,0,0,0,0,0,0,0,0,0,0,0,0,0,0,0,0,0,0,0,0,0,0,0,0,0,0,0,0,0,0,0,0,0,0,0,0,0,0,0,0,0,0,0,0,0,0,0,0.000116795141322121,0,0,0,0,0,0,0,0,0,0,0,0,0,0,0,0,0,0,0,0,0,0,0,0,0,0,0,0,0,0,0,0,0,0,0,0,0,0,0,0,0,0,0,0,0,0,0,0,0,0,0,0,0,0,0,0,0,0,0,0,0,0,0,0,0,0,0,0,0,0,0,0,0,0,0,0,0,0,0,0.00125976316452507,0,0,0,0,0,0,0,0,0,0,0,0,0,0,0,0,0,0,0,0,0,0,0,0,0.00120019203072492,0,0,0,0,0,0,0,0,0,0,0,0,0,0,0,0,0,0,0.00474956822107081,0,0,0,0,0,0,0,0,0,0,0,1.74956698217191e-05,0,0,0,0,0,0,0,0,0,0.00013575889220744,0,0,0,0,0,0,0,0,0,0,0,0,0,0,0,0,0,0,0,0,0,0,0,0,0,0,0,0,0,0,0,0,0,0,0,0,0,0,0,0,0,0,0,0,0,0,0,0,0,0,0,0,0,0,0,0,0,0,0,0,0,0,0,0,0,0,0,0,0,0,0.000170965742739299,0,0,0,0,0,0,0,0,0,0,0,0,0,0,0,0,0,0,0,0,0,0,0,0,0,0,0,0,0,0,0,0,0,0,0,0,0.980047505938242,0,0,0,0,0,0,0,0,0,0,0,0,0,0,0,0,0,0,0,0,0,0,0,0,0,0,0,0,0,0,0,0,0,0,0,0,0,0,0,0,0,0,0,0,0,0,0,0,0,0,0,0,0,0,0,0,0,0,0,0,0,0,0,0,0,0,0,0,0,0,0,0,0,0,0,0,0,0,0,0,0,0,0,0,0,0,0,0,0,0,0,0,0,0,0,0,0,0,0,0,0,0,0,0,0,0,0,0,0,0,0,0,0,0,0,0,0,0,0,0,0,0,0,0,0,0,0,0,0,0,0,0,0,0,0,0,0,0,0,0,0,0,0,0,0,0,0,0,0,0,0,0,0,0,0,0,0,0,0,0,0,0,0,0,0,0,0,0,0,0,0,0,0,0,0,0,0,0,0,0,0,0,0,0,0,0,0,0,0,0,0,0,0,0,0,0,0,0,0,0,0,0,0,0,0,0,0,0,0,0,0,0,0,0,0,0,0,7.63358778625954e-07
0,0,0,0,0,0,0,0,0,0,0,0,0,0,0,0,0,0,0,0,0,0,0,0.00422138836772983,0,0,0,0,0,0,0,0,0,0,0,0,0,0,0,0,0,0,0,0,0,0,0,0,0,0,0,0,0,0,0,0,0,0,0,6.66666666666667e-05,0,0,0,0,0,0,0,0,0,0,0,0,0,2.47437781769774e-06,0,0,0,0,0,0,0,0,0,0,0,0,0,0,4.83161810890467e-05,0,0,0,0,0,0,0,0,0,0,0,0,0,0,0,0,0,0,0,0,0,0,0,0,0,0,0,0,0,0,0.00111049416990561,0,0,0.000417710944026733,0,0,0,0,0,0,0,0,0,0,0,0,0,0,0,0,0,0,0,0,0,0,0,0,0,0,0,0,0,0,0,0,0,1.52615835419083e-05,0,0,0,0,0,0,0,0,0,0,0,0,0,0,0,0,0,0,0,0,0,0.000545553737043099,2.85160260066157e-05,0,0,0,0,0,0,0,0,0,0.000164609053497942,0,0,0,0,0,0,0,0,0,0,0,0,0,0,0,0.00045681732681249,0,0,0,0,0,0,0,0,0,4.30700318718236e-05,0,0,0,0,0,0,0,0,0,0,0,0,0,0,0,0,0,0,0,0,0,0,6.29287017808823e-05,0,2.75444153697838e-05,0,0,0,0,0,0,0,0,0,0,0,0,0,0,0,0,2.09308361450423e-05,0,0,0,0,0.0018072385077146,0,0,0,0,0,0,0.000582750582750583,0,1.42188248709997e-06,0,0,0,0,0,0,0,0,0,0,0,0,0,0,0,0,0,0,0,0,0,0,0,0,6.70106546940964e-05,0,0,0,0,0,0,0,0,0,0,0,0,0,0,0,0,0,0,0,0,0,0,0,0,0,0,0,0,0,0,0,0,0,0,0,0,0,0,0,6.6554854511088e-06,0,0,0,0,0,0,0,0,0,0,5.16862643752423e-06,0,0,0,0,0,0,0,0,0,0,0,0,0,0,0,0,0,0,0,0,0,0,0.00030543677458766,0,0,0,0,0,0,0,0,0,0.000467289719626168,0,1.36521566994546e-05,2.83575317604356e-05,0,0,0,0,0,0,0,0,0,0,0,0,0,0,0,0,0,0,0,0,0,0,8.8073135932078e-06,0,5.84521861117606e-05,0,0,0,0,0,0,0,0,0,0,0,0,0,0,0,0,0,0,0,0,0,0,0.942138457025521,5.74914194056537e-06,0,0.000108225108225108,0,0,0,0,0,0,0,0,7.37327188940092e-05,0,0,1.66575050388953e-05,0,0,0,0,2.7680894646515e-05,0,0,0,0,0,0,0,0,0,0,0,0,0,0,0,0,0,0,0,0,0,0,0,0,0,0,0,0,0,0,0,0,0.000214192387602545,0,0,0,0,0,0,0,0,0,0,0,0,0,0,0,0,0,0,0,0,0,0,0,0,0,0,0,0,0,0,0,0,0,0,0,0,0,0,0,0,0,0,0,0,0,0,0,0,0,0,0,0,0,0,0,0,0,0,0,0,0,0,0,0,0,0,0,0,0,0,0,0,0,0,0,0,0,0,0,0,0,0,0,0,0,0,0,0,0,0,0,0,0,0,0,0,0,0,0,0,0,0,0,0,0,0.00112494977902772,0,0,0,0,0,0,0,3.29612375846005e-05,0,0,0,0,0,0,0,0,0,0,0,0,0,0,0,0,0,0,0,0,0,0,0,0,0,0,0,0,0,0,0,0,0,0,0,0,0,0,0,0,0,0,0,0,0,0,0,0,9.02527075812274e-08,0
0,0,0,3.89861858947979e-05,0,2.76571618220538e-05,4.15224120798719e-05,9.48275233239235e-05,0,0.000178890876565295,0,0,0,0,0,0,0,0,0,0.01088797687569,4.22911662211997e-06,0,2.46228598630969e-05,0,0,0,0,1.8379650051463e-05,1.1132882080513e-05,6.7118598563662e-05,0,8.19571364176536e-05,7.44956643523347e-06,0,0,0,0,0,0,0,0,3.09614297988281e-05,0,0,0.000302267002518892,0,0,0,0.000275512453162883,7.01360639640903e-05,0,0,0,0,0,0,0,0,0,0,5.69174639854747e-06,0,1.9418858300591e-05,0,0,0,0,0,0,0,0,0,0,3.95900450831638e-05,7.81239827606411e-05,0,0,0,0,0,0,0,9.59079283887468e-05,0,4.23599579789217e-06,0,4.7431579945928e-05,0,4.83161810890467e-05,0,0,1.97102591899083e-05,0,6.15246421573001e-06,0,0.00303780151688897,0,0.000163435412367975,0,0,0,0.000840953625081646,0,0,0,6.45406498526322e-05,0,0,0,0,0,0,0,0,6.92574493312501e-06,4.10273241979158e-05,0,3.47898691900918e-05,1.96005409749309e-05,0,0,0.000220361392684002,0,0,0,3.35979733702463e-06,0,0,0,1.10133371512902e-05,1.12384805574286e-05,0,0,0,0,0,0,0,4.07697325505545e-05,0,0,0,3.63993739307684e-05,4.29000429000429e-05,0,0,0,0,3.50274965848191e-05,0,0,0.000297000297000297,0,0,0,3.24167497345879e-05,0,0.000120685493603669,0,3.35502918875394e-05,0,0,0,0,0,0.000233154581487526,7.40667588386332e-05,0,0,0,0,0,0,0,0,0,0,0,0,0,0,0,0,0,0,5.08957654723127e-05,0.000788643533123028,0,6.35098059140331e-05,0.000164609053497942,0,0,2.55730182737482e-05,2.41659301811754e-05,0,0,0,0,0,0,0,0,0,0,5.46907867059318e-05,2.68716074595582e-05,2.08685490097873e-05,0,8.51411640499949e-06,0.000541010213617063,0,1.28390581266958e-05,0,2.92894382285748e-05,0,0,0,0,0,0,0,0,0,9.49036727721363e-05,0,0,0,0,0,0,3.50235708631909e-05,0,0,0,0,0,6.36429207857779e-05,0,2.09762339269608e-05,0,2.75444153697838e-05,0,0,0,0,0,0,0,0,0,0,0,0,0,0,0,0,4.18616722900846e-06,0,0,2.91027618520998e-05,0,1.85766072745994e-05,0,0,0,0,0,2.03231743851607e-05,0,0.000242173396151645,0,1.91596574253252e-05,0,0,0,6.65690320862735e-05,0,5.48325778622606e-05,2.48251379346726e-05,0,0,0,0,5.70374736201685e-05,0,0,0,0,0,0,0,0,0,0,0,0,0,0,0,0,6.07330478880083e-05,0,0,0,0.000370468377877745,0,0,0,0,0,0,0,0,0,0,0,0,0,0,2.5306205081486e-05,0,0,0,0,0.00112536574386676,0,1.07308802541072e-05,0,0,0.00019724573231961,0,1.45331938146727e-05,0,0,0,0,0,3.3096691985636e-05,0,0,9.73881879258125e-06,3.21014405521448e-05,0,6.13685179502915e-05,0,0,2.06745057500969e-05,0,0,0,0,0,0,0,0.00258748674443266,0,0,0,0,0,0,0,0,0,0,0,0,7.12995531894667e-05,0,0,0,0,0.000291686922702966,0.000384270526450621,6.84251941564884e-05,2.37152275476083e-05,0,0,0,0,0,4.09564700983638e-05,0,0,0,0.000148536911422488,0,0,0,1.05983848061555e-05,0.000100075056292219,0,0,0.00011592363682955,0,1.66946998501651e-05,0,0,0,0,0,5.6028238232069e-05,0.000171320884015762,3.09386795371574e-05,0,1.76146271864156e-05,0,1.46130465279401e-05,1.66184730946921e-05,0,1.31118464340546e-05,0,0,0,0,0,0,0,0,0,0,0,0,5.94078228221092e-06,0,4.24867494450168e-05,0,8.95575855274942e-05,0,0,0,0.975974335830377,3.92865561404887e-05,0.000108225108225108,0,0,0,0,0,0,0,0,0,0,0,0,6.52656311186529e-05,8.52514919011083e-05,0,0,0,0,0,0,0,0.000536826283014816,0,0,0,0,0,0,0,6.33890311620477e-05,0,0,0,0,0,0,2.47328848436882e-05,0,0,1.31675971768672e-05,0.000128982329420869,0.000234288057166286,0,0,0,0,0,0,5.82852480037303e-05,0,0,0,0,0,0,2.27128191151086e-05,0,0,0,0,0.000653039900737935,0,3.30924935193867e-05,0,0,3.74462879806777e-05,0,0,0,0,0,0.000151469251741896,7.8898870749531e-05,0,0,0,0,2.46037430494426e-05,0,0,0.00106904267030168,2.24294705299187e-06,0,0,0,0,0,0,0,0.000128889970928151,0.00156501520300483,0,0,0,0,0.00108780108780109,0,0,0,8.0901567063354e-06,0,0,0,0,0,0,0,0,0,2.99306357516456e-05,0,0,1.13737176133391e-05,0.000101564086938858,0,4.82951801410219e-05,0,0,0,0,0.0001900779319521,3.54400472533963e-05,5.14731618933888e-06,0,4.61562249746718e-06,0,5.01907247540654e-05,0,0,0.000141932553650505,0,0,0,0,0.0001445400014454,0,0,0,0,0,2.44176393026322e-05,0.000107169649555246,0,1.1795679950175e-05,0,0,9.22253988748501e-05,0,0.00149106977264498,0,0.000134651118950798,0,0.00033195020746888,0,0,8.03535556448373e-05,0,0,0,1.38513747489438e-05,8.21247310415058e-05,1.37762818830292e-05,0,0.000714160147666344,0,0,0.000104887770086008,0,0,0,0,0,0,0,0,0,0,0.000109757436066293,0,0,0,0,0,0,0,3.96852168598675e-06,0,0,1.91982798341269e-05,0,1.98008039126389e-05,0,0,0,0,0,0,0,0,0,0,0,2.88246739208763e-05,0,0,0,0.00331462578628197,0,0,0,3.35409678965022e-07,0,0,0
0,0,0,4.33179843275533e-06,0,0,7.15903656549516e-06,1.82360621776776e-05,0,0,0,0,0,0,0,0,0,0,0,0,2.11455831105999e-05,0,0,0,0,0,0,0,0,0,0,0,0,0,0,0,0,0,0,0,0,0,0,0,0,0,0,0,0,0,0,0,0,0,0,0,0,0,0,0,0,0,1.9418858300591e-05,0,0,0,0,0,0,0,0,0,0,0,1.30206637934402e-05,0,0,0,0,0,0,0,0,0,0,0,4.7431579945928e-05,0,0,0,0,0,0,0.000953631953438151,0,0,0,0,0,0,0,8.16459830176355e-06,0,0,0,2.15135499508774e-05,0,0,0,0,0,0,0,0,2.77029797325e-06,0,0,0,0,0,0,0,0,0,0,1.34391893480985e-05,0,0,0,0,2.24769611148573e-05,0,0,0,0,0,0,0,0,0,0,0,0,0,0,0,0,0,3.50274965848191e-05,0,0,0,0,0,0,1.62083748672939e-05,0,0,0,0,0,0,0,0,0,0,0,0,0,0,0,0,0,0,0,0,0,0,0,0,0,0,0.00103234686854783,0,0,0.000203583061889251,0,0,0,0,0,0,1.46131532992847e-05,1.03568272205038e-05,0,0,0,0.000106315118009781,0,0,0,0,0,0,4.20698359276399e-06,0,0,0,1.7028232809999e-05,0,0,4.27968604223194e-06,0,0.00345615371097182,0,0,0,0,0,0,0,0,0,0,0,0.00010653030787259,0,0,0,0,0,0,0,0,0,0,0,0,0,0,0,0,0,0,0,0,0,0,0,0,0,0,0,0,0,0,0,4.18616722900846e-06,0,0,0,0,2.65380103922849e-06,0,0,0,0,0,1.76297416353201e-05,0,4.40315265730263e-05,0,9.57982871266262e-06,0,0,9.35716290820623e-05,0,0,0,1.86188534510045e-05,0,0,7.97448165869218e-05,0,0,0,0,0,0,0,0,0,0,0,0,0,0,0,0,6.36051392952551e-05,0,0,0,0,0,0,0,0,0,0,0,0,0,1.20235661897319e-05,0,0,0,0,0,0,0,0,0,0,0,0,0,0,0,0,0,0,0,0,0,0,0,0,0,0,0,2.36514170676973e-05,1.20380402070543e-05,0,0,0,0,0,0,0,0,0,0,0,0,2.12089077412513e-05,0,0,0,0,0,0,0,0,0,0,0,0,0,0,0,0,0,0,0.00012809017548354,0,1.18576137738042e-05,0,0,0,0,0,0,0,0,0,0,0,0,0,0,0,0,0,0,0,1.25210248876238e-05,0,0,0,0,0,8.00403403315271e-06,0,0,0,0,0,0,3.32369461893841e-05,0,6.91351902886513e-05,0,0,0,0,0,0,0,0,0,0,0,0,0,0,0,0,0,0,0,0,0,0.980052251119667,0,0,0,0,0,0,0,0,0.0008825346394846,0,0,0,0,0,0,0,0,0,0,0,0,0,0,0,0,0,0,0,0,0,0,0.000252793366702058,0,0,0,0,0,0,0,0,0,0,0,0,0,0,0,0,0,0,0,0.00723078551021128,0,0,0,0,0,0,0,0,0,3.26519950368968e-05,0,0,0,0,5.61694319710166e-05,0,0,0,0,0,0,0,0,0,0,0,0.000188628696712393,4.23863515947865e-05,0,3.97413632082408e-06,0,0,0,0,0,0,0,0,4.77370262696856e-06,0,0,0,0,0,0,0,0,0,8.0901567063354e-06,0,0,0,0,0,0,0,0,0,4.98843929194093e-06,0,0,1.13737176133391e-05,0,0,0,0,0,0,0,0,0,1.02946323786778e-05,0,0.000133853052426548,0,0,0,0,0,0,0,0,0,0,0,0,0,0,0,0,0,0,4.95418557907352e-05,0,0,0,0,1.4719346225518e-06,0,0,0,0,0,0,0,0,0,0,0,0,8.70080961033424e-06,0,1.09870791948668e-05,0,0,0,0,0,0,0,0,0,0,0,0,0,0,0,0,3.06767286336585e-05,0,0,0,0,0,0,0,0,0,0,6.48151148847911e-05,0,0,0,0,0,0,0,1.57711293705742e-05,0,0,2.88246739208763e-05,0.000145365517769022,0,0,0,0,7.7930174563591e-05,0,0,0,0,0
0,0,0,0,0,0,1.43180731309903e-06,0,0,0,0,0,0,0,0,0,0,0,0,0,0,0,0,0,0,0,0.000158202816010125,0,0,0,0,0,0,0,0,0,0,0,0,0,0,0,0,0,0,0,0,0,0,0,0,0,0,0,0,0,0,0,0,0,5.69174639854747e-06,0,0,0,0,0,0,0,0,0,0,0,0,0,0,0,0,0,0,0,0,0,0,0,0,0,0,0,0.000241580905445234,0,0,0,0,0,0,0,0,0,0,0,0,0,0,0,0,0,0,0,0,0,0,0,0,0,0,0,0,0,0,0,0,0,0,0,0,3.35979733702463e-06,0,0,0,0,0,0,0,0.000209380234505863,0,0,0,0,0,0,0,0,0,0,0,0,0,0,0,0,0,0,0,0,0,0,0,0,0,3.35502918875394e-05,0,0,0,0,0,0,0,0,0,0,0,0,0,0,0,0,0,0,0.000545553737043099,0,0,0,0,0,0,0,0,0,0,0.0103703703703704,0,0,0,0,0,0,0,0,0,0,0,0,0,0,0,0.000214972859676466,0,0,0,0,0,0,0,0,0,0,0,0,0,0,0,0,0,0,0,0,0,0,0,0,0,0,0,0,0,0,0,0,0.000251714807123529,0,0,0,0,0,0,0,0,0,0,0,0,0,0,0,0,0,0,4.18616722900846e-06,0,0,0,0,1.32690051961424e-05,0,0,0,0,0,4.8971504542556e-07,0,0,0,1.91596574253252e-05,0,0,0,0,0,0,0,0,0,0,0,0,8.21031544031922e-06,0,0,0,0,0,0,0,0.000274876305662452,0,0,0,0,0,0,0,0,0,0,0,0,0,0,0,0,0,0,0,0,0,0,0,0,0,0,2.5306205081486e-05,0,0,0,0,0,0,0,0,0,0,4.59833540258426e-05,0,0,0,0,0,0,0,0,0,0,4.0126800690181e-06,0,0,0,0,0,0,0,0,0,0,0,0,0,0,0,0,0,0,0,0,0,0,0,0,0,0,0,0.00015271838729383,0,0,0,0,0,0,0,0,0,0,0,2.73043133989092e-05,2.83575317604356e-05,0,0,0,0,0,0,0,0.00225168876657493,0,0,0,0,0,0,0,0,0,0,0,0,0,0,1.76146271864156e-05,0,2.92260930558803e-05,0,0,1.19198603945951e-06,0,0,0,3.63279689032586e-05,0,0,0,0,0,0,0,0,0,0,0,0,0,0,0,0,5.74914194056537e-06,0,0.972402597402597,0,0,0,0,0,0.000373692077727952,0,0,3.68663594470046e-05,0,0,0,0,0.000255754475703325,0,0,0,0,0.000400641025641026,0,0,0,0,0,0,0,0.000191717791411043,0,0,0,0,0,0,0,0,0,0,0,0.000376931775348662,0,0,0,0,0,0,0,0,0.00017940437746681,0,0,0,0,0,0,0,0,0,0,0,0,0,0,0.000452264078098285,0,0,0,0,0,0,0,0,0,0,0,0,0,0,0,0,0,0,0,0,0,0,0,0,0,0,4.77370262696856e-06,8.94294401717045e-05,0,0,0,0,0.000932400932400932,0,0,0,0,0,0,0,0,0,0,0,0,0,0,0,0,0,0.000609384521633151,0,0,0,0,0,0,0,0,0,0,0,0,0,0,0,0,0,0,0,0,0,0,0,0,0,0,2.44176393026322e-05,0,0,0,0,0,0,0,1.4719346225518e-06,0,0,0,0,0,0,0,0,0,0,0,0,0,0.00020708221163802,2.19741583897337e-05,0,0,0,0,0,0,0,0,0,0,0,0,0,0,0,0,0,0,0.000218150087260035,4.50551926109484e-05,0,0,0,0,0,0,0,0,0,0,0,0,0,0,0,0,0,0,0,1.53016334493707e-05,0,4.50024751361325e-05,3.76662021168406e-05,0,0,0,0,0,1.80505415162455e-07,0
0,0,0,0,0,0,0,0,0,0,0,0,0,0,0,3.03324435816549e-05,0,0,0,0,0,0,0,0,8.99847026005579e-05,0,0,0,0,0,0,0,0,0,0,0,0,0,0,0,0,0,0,0,0,0,0,0,0,0,0,0,0,0,0,0,0,0,0,0,0,0,0,0,0,0,0,0,0,0,0,0,0,0,0,0,0,4.30904468479338e-05,0,0,0,0,0,0,0,1.78094390026714e-05,0,0,0,0,0,0,0,0,0,0,0,0,0,0,0,0,0,0,0,0,0,0,0,0,0,0,0,2.4515812699191e-05,0,0,0,0,0,0,0.0138790035587189,0,0,0,0,0,0,0,0,0,0,0,0,0,0,0,0,0,4.07697325505545e-05,0,0,0,0,0,0,0,0,0,0,0,0,0,0,0,0,0,0,0,0,0,0,0,0,0,0,0,0,0,0,0,0,0,0,0,0,0,0,0,0,0,0,0,0,0,0,0,0,0,0,0,0,0,0,0,0,0.000134905951279679,0,0,1.82575038340758e-05,0,0,0,0,0,0,0,0,0,0,0,0,0,0,0,0,0,0,0,0,0,0,0,0,0,0,0,0,0,2.51768674941464e-05,0,0,0,0,0,0,0,0,0,0,0,0,0,0,0.000430374904361132,0,0,0,0,0,0,0,0,5.97228858098423e-05,0,0,0,0,0,0,0,0,0,0,0,0,0,0,0,1.63238348475187e-07,0,0,1.42188248709997e-05,0,2.54822516117524e-05,0,0,0,0,0,0,0,0,0,0,0,0,0,0,0,0,0,0,0,0,0,0,0,0,0,0,0,0,0,0,0,0,0,0,0,0,0,0,0,0,0,0,0,0,0,0,0,0,0,0,0,0,0,0,0,0,0,0,0,0,0,0,0,0,0,0,0,0,0,0,0,0,0,0,0,0,0,0,0,0,0,0,0,0,0,0,0,0,0,0,0,0,0,0,0,0,0,0,0,0,0,0,0,4.50653447498873e-05,0,0,0,0.000168208578637511,0,0,0,0,0,0,0,0,0,0,0.000133806114939453,0,0,0,0,0,0,0,0,0,0,0,0,0,0,0,0,0,4.66113545259625e-05,0,0,0,0,0,0,0,0,0,0,0,0,0,0,4.00978387264926e-05,3.5405624537514e-06,0,0,0,0,0,0,0,0,0.988663249211357,0,0,0,0,0,0.000188501413760603,0,0,0,0.000826674014880132,0,0,0,0,0,0,0,0,0,0,0,0,0,0,0,0,0,0,0,0,0,0.000316555872111428,0,0,0,0,0,0,0,0,0,0,0,0,0,0,0,0,0,0,0,0,0,0,2.27128191151086e-05,0,0,0,0,0,0,1.10308311731289e-05,0,0,0,0,0,0,0,0,0,0,0,0,0,0,0,0,0,0,0,0,0,0,0,0,0,0,0,0,0,0,0,0,0,0,0,0,2.6967189021118e-06,0.00513278286096853,0,0,0,0,0,0,0,0,0,0,0,0,0,0,0,0,0,0,0,0,0,0,0,0,0,0,0,0,0,0,0,0,0,0,0,0,0,0,0,0,0,0,0,0,0,0,0,0,0,0,0,0,0,0,0,3.04766548823601e-05,0,0,0,0,7.25067467527853e-07,0,0,0,0,0,0,0,0,0,0,0,0,0,0,0,0,0,0,0,0,0,0,0,0,0,0,0,0,0,0,0,0,0,0,0,0,0,0,0,0,0,0,0,0,0,0,0,0,6.42069956875898e-06,0,0,0
0,0,0,0,0,0,0,0,0,0,0,0,0,0,0,0,0,0,0,0,0,0,0,0,0,0,0,0,0,0,0,0,0,0,0,0,0,0,0,0,0,0,0,0,0,0,0,0,0,0,0,0,0,0,0,0,0,0,0,0,0,0,0,0.00171673819742489,0,0.000627647889533971,0,0,0,0,0,0,0,0,0,0,0,0,0,0,0,0,0,0,0,0,0,0,0,0,0,0,0,0,0,0,0,0,0,0,0,0,0,0,0,0,0,0,0,0,0,0,0,0,0,0,0,0,0,0,0,0,0,0,0,0,0,0,0.000512382578992314,0,0,0,0,0,0,0,0,0,0,0,0,0,0,0,0,0,0,0,0,0,0,0,0,0,0,0,0,0,0,0,0,0,0,0,0,0,0,0,0,0,0,0,0,0,0,0,0,0,0,0,0,0,0,0,0.00062363579669473,0,0,0,0,0,0,0,0,0,0,0,0,0,0,0,0,0,0,0,0,0,0,0,0,0,0,0,0,0,0,0,0,0,0,0,0,0,0,0,0,0,0,0,0,0,0,0,0,0,0,0,0,0,0,0,0,0,0,0,0,0,0,0,0,0,0,0,0,0,0,0,0,0,0,0,0,0,1.85766072745994e-05,0,0,0,0,0,0,0,0,0,0,0,0,0,0,0,0,0,0,0,0,0,0,0,0,0,0,0,0,0,0,0,0,0,0,0,0,0,0.000431778929188256,0,0,0,0,0,0,0,0,0,0,0,0,0,0,0,0,0,0,2.17074658487294e-06,0,0,0,0,0,0,0,0,0,0,0,0,0,0,0,0,0,0,0,0,0,0,0,0,0,0,0,0,0,0,0,0,0,0,0,0,0,0,0,0,0,0,0,0,0,0,0,0,0,0,0,0,0,0,0,0,0,0,0,0,0,0,0,0,0,0,0,0,0,0,0,0,0,0,0,0,0,0,0,0,0,0,0,0,0,0,0,0,0,0,0,0,0,0,0,0,0,0,0,0,0,0,0,0,0,0,0,0,0,0,0,0,0,0,0,0,0.992153443766347,0,0,0,0,0,0,0,0,0,1.66575050388953e-05,0,0,0,0,0,0,0,0,0,0,5.62841222491135e-05,0,0,0,0,0,0,0,0,0,0,0,0,0,0,0,0,0,0,0,0,0,0,0,0,0,0,0,0,0,0,0,0,0,0,0,0,0,0,0,0,0,0,0,0,0,0,0,0,0,0,0,0,0,0,0,0,0,0,0,0,0,0,0,0,0,0,0,0,0,0,0,0,0.000155400155400155,0,0,0,0,0,0,0,0,0,0,0,0,0,0,0,0,0,0,0,0,0,0,0,0,0,0,0,0,0,0,0,0,0,0,0,0,0,0,0,0,0,0,0,0,0,0,0,0,0,0,0,0,0,0,0,0,0,0,0,0,0,0,0,0,0,0,0,0,0,0,0,0,0,0,0,0,0,0,0,0,0,0,0,0,0,0,0,2.25275963054742e-05,0,0,0,0,0,0,0,0,0,0,0,0,0,0,0,0,0,0,0,0,0,0,0,0,0,0,0,0,0,0
0,0,0,0,0,2.76571618220538e-05,0,0,0,0,0,0,0,0,0,0,0,0,0,0,0,0,0,0,0,0,0,0,0,0,0,0,0,0,0,0,0,0,0,0,0,0,0,0,0,0,0,0,0,0,0,0,0,0,0,0,0,0,0,0,0,0,0,0,0,0,0,0,0,0,0,0,0,2.47437781769774e-06,0,0,0,4.30904468479338e-05,0,0,0,0,0,0,0,0,0,0,0,0,0,0,0,0,0,0,7.32225232481511e-05,0,0,0,0,0,0,0,0,0,0,0,0,0,0,0,0,0,1.385148986625e-06,0,0,0,3.26675682915515e-06,0,0,0,0,0,0,0,0,0,0,0,0,0,0,0,0,0,0,0,0,0,0,0,0.000181996869653842,0,0,0,0,0,0,0,0,0,0,0,0,0,0,0,0,0,0,0,0,0,0,0,0,0,0,0,0,0,0,0,0,0,0,0,0,0,0,0,0,0,0,0,0,0,0,0,0,0,0,0,0,0,0,0,0,0,0,0,0,0,0,0,0,0,0,0,3.76789751318764e-05,0,0,0,0,0,0.000396353547364249,0,0,0,0,0.000308641975308642,0,0,0,0,0,0,0,0,0,0,0,0,0,0,0,0,0,0,2.75444153697838e-05,0,0,0,0,0,0,0,0,0,0,0,0,0,0,0,0,0,0,0,0,0,0,0,0,0,0,0,0,0,0,0,0,0,0,0,0,0,0,0,0,0,0,0,0,0,0,0,0,0,0,0,0,0,0,0,0,0,0,0,0,0,0,0,0,0,0,0,0,0,0,0,0,0,0,0,0,0,0.000611246943765281,0,0,0,0,0,0,0,0,0,0,0,0,0,0,0,0,0,0,0,0,0,0,0,0,0,0,0.00194890703186726,0,0,0.00180594319487769,0,0,0,0,0,0,0,0,0,0,0.000280079355817482,0,0,0,0,0,0,0,0,0,0,0,0,0,0,0,0,0,0,4.81394117363886e-05,0,0,0,0,0,0,0,0,0,0,0,0,0,0,0,0,0,0,0,0,0,0,0,0,0,0,0,0,0,0,0,0,0,0,0,0,0,0,0,0,0,0,0,0,0,0,0,0,0,0,0,0,0,0,0,0,0,0,0.985286201327831,0,0,0,0,0,0,0,0,0,0,0,0,0,0,0,0,0,0,0,0,0,0,0,0,0,0,0,0,0,0,0,0,0,0,0,0,6.58379858843358e-06,0,0,0,0,0,0,0,0,0,0,0,0,0,0,0,0,0,0,0,1.45169485374174e-05,0,0,0,0,0,0,0,0,0,0,0,0,8.30514428942431e-07,0,0,0,0,0,0,0,0,0,0,0,0,0,0,0,0,0,0,0,0,0,0,0,0,0,3.2916392363397e-05,0,0,0,0,2.25580870742161e-05,0,0,0,0,0,0,0,0,0,0,0,0,0,0,0,0,0,0,0,0,0,0,0,0,0,0,0,0,0,0,0,0.000127534753220253,0,0,0,0,0,0,0,0,0,0,0,0,0,0,0,0,0,0,0,0,0,0,0,0,0,0,0,0,0,0,0,0,0,0,0,0,0,0,0,0,0,0,0,0,0,0,0,0,0,0,0,0,0,0,0,0,0,0,0,0,0,0,0,0,0,0,0,0,0,0,0,0,0,0,2.39578342117873e-06,0,0,0
0,0,0,0,0,0,1.43180731309903e-06,0,0,0,0,0,0,0,0,0,0,0,0,0,0,0,0,0,0,0,0,0,0,0,0,0,4.46973986114008e-05,0,0,0,0,0,0,0,0,0,0,0,0,0,0,0,0,0,0,0,0,0,0,0,5.41477149664284e-05,0,0,0,0,0,0,0,0,0,0,0,0,0,0,0,0,2.47437781769774e-06,0,0,0,0,0,0,0,0,0,0,4.23599579789217e-06,1.78094390026714e-05,0,0,0,0,0,9.85512959495417e-06,0,3.076232107865e-06,0.00110261047866836,0,0,0,0,0,0,0,0,0,0,0,0,0,0,0,0,0,0,0,0,0,0,0,1.96005409749309e-05,0,0.000355871886120996,0,0,0,0,0,0,0,0,0,0,0,5.93154991399253e-05,0,3.88284172242859e-05,0,0,0,4.07697325505545e-05,0,0,0,0,0,0,0,0,0,0,0,0,0,0,0,0,0,0,0,0,0,0,0,0,0,0,0,0,0,0,0,0,0,0,0,0,0,0,0,0,0,0,0,0,0,0,0,0,0,0,0,0,0,0,0,0,0,0,0,0,0,0,0,0,0,0,0,0,0,0,0,0,0,0,0,0,0,0,0,0,0,0,0,0,0,0,0,0,0,0,0,0,0,0,0,0,0,0,0,0,0,8.26332461093513e-05,0,0,2.39097169089518e-05,0,0,0.0004004004004004,0,0,8.19014234467395e-06,0,0,0,0,0,0,0,0,0,0,0,0,0,0,0,0,0,0,2.4485752271278e-07,0,0,9.9531774096998e-06,0,2.83136129019471e-06,0,0,3.32845160431367e-05,0,0,0,0,0,0,0,0,0,0,0,0,0,0,3.5650623885918e-05,0,0,0,0,0,0,0,3.18025696476275e-05,0,0,0,0,0,0,0,0,0,0,0,0,0,0,0,0,0,0,0,0,0,0,0,0,0,0,0,0,0,0,0,0,9.68879587644847e-06,7.2576840730123e-05,0,0,0,0,0,0,0,0,0,0,0,0,0,1.03372528750485e-05,0,0,0,0,0,0,7.94817788022096e-06,0,0,0,0,0,0,0,0,0,0,0,0,0,0,0,0,0,0,0,0,0,0,0,0,0,0,0.000168208578637511,0,0,0,0,0,0,0,0,0,0,0.000133806114939453,0,0,0,0,0,0,0,0,0,0,0,0,0,0,0,0,3.32369461893841e-05,0,0,0,0,0,0,0,0,0,0,0,0,0,0,0,0,0,0,0,0,0,0,0,0,0,3.28601472134595e-05,0,0,0.949145014434821,0,0,4.71253534401508e-05,0,0,0,0,0,0.000261062524474612,0,0,0,0,0,0,1.2903891813771e-05,0,0,0,0,0,0,0,0,0,0,5.05586733404116e-05,0,0,0,0,0,0,0,0,1.31675971768672e-05,0,0,0,0,0,0,0,0,0,0,1.76360622200275e-05,0,0,0,0,2.27128191151086e-05,0,0,0,0,0,0,0,0,2.00156121774984e-05,0,0,0,0,0,0,0,1.66102885788486e-06,0,0,0,0,0,0,0,0,0,0,0,0,0,0,0,0,4.77370262696856e-06,0,0.000628198248897381,0,0,0,0,0,0,0,0,0,0,0,0,0,0,0,0,0,0,0,0,0,0,0,0,0,0,0,0,0,0,0,0,0,0,0,0,0,0,0,0,0,2.84867821330902e-05,0,0,0,0,0,0,0,0,0,0,0,0,0,0,0,0,0,0,0,0,0,0,0,0,0,0,0,0,0,0,0,0,0,0,0,0,0.000179662234998203,0,0,0,0,0,0,0,0,0,0,0,0,0,0,0,0,0,0,0,0,0,0,0,0,0,0,0,0,0,0,0,0,0,0,0,0,0,0,0,0,0,0,0
0,0,0,0,0,0,0,0,0,0,0,0,0,0,0,0,0,0,0,0,0,0,0,0.000234521575984991,0,6.45369474023879e-05,0.000158202816010125,0,0,0,0,0,0,0,0,0,0,0,0,0,0,0,0,0,0,0,0,0,0,0,0,0,0,0,0,0,0,0,0,6.66666666666667e-05,0,7.0876745339854e-05,0,0,0,3.92279930958732e-05,0,0,0,0,0,0,0,0,0,0,0,0,0,0,0,0,3.19693094629156e-05,0,0,0,0,0,0,7.04374163555681e-05,0,0,0,0,0,0,0,0,0,0,0,0,0,0,0,0,0,0,0,0,0,0,0,0,0,0,0,0,0,0,0,0,0,0,0,0,0.00153668843641952,0,0,0,0,0,0,0,0,2.70160745643658e-05,0,0,0,0,0,0,0,0,0,0,0,0,0,0,0,0,0,0,0,0,0.000351016421463891,0,0,0,0,0,0,0,0,0,0,0,0,0,0,0,0,0,0,3.04145503208735e-05,0,0,0,5.70320520132314e-05,4.83582378258136e-05,0,0,0,0,0,0,0,0,0,0,0,0,0,0,0,0,0,0,0,0,0,0,0,0,0,0,0.0100934016269961,0,0,0,0,0,0,0,0,0,0,0,0,0,0,0,0,0,0,0,0,0,0,0,0,0,0,0,0,0,0,0,0,0,0,0,0,0,0,0,0,0,0,0,0,0,0,0,0,0,0.000833047278572684,0,0,0,0,1.59228062353709e-05,0,0,0,0,0.00721412125863392,8.16191742375933e-08,0,0,0,9.57982871266262e-06,0,0,0,0,0,0,0,0,0,0,0,0,0,0,0,0,4.93559054340852e-05,0,0,0,0,0,0,0,0,0,0,0,0,0,0,0,0,0,0,0,0,0,0,0,0,0,0,0,0,0,0,0,0,0,0,0,0,0,0,0,0,0,4.59833540258426e-05,0,0,0,0,0,0,0,0,0,0,0,0,0,0,0,0,0,0,0,0,0,0,0,0,0,0,0,0,0,0,0,0,0,0,0,0,0,0,0.00015271838729383,0,0,0,0,0,0,0,0,0,0,0,0,0,0,0,0,0,0.000520381613183001,2.26244343891403e-05,0,0,0,2.13707178424123e-05,0,0,0,0,0,0,0,0,0,0,0,0,8.8073135932078e-06,0,1.46130465279401e-05,0,0,0,0,0,0,0,0,0,0,0,0,0,4.37171847881684e-06,0,0,0,0,0,0,0,0,0,0,0,0,0,0,0,0,0.981738893431453,0,0,0,0,0,0,0,0,0,0,0,0,0,0,0,0,0,5.62841222491135e-05,0,0,0,0,0,0.000350600403190464,0,0,0,0,0,0,0,0,0,0,0,0,0,0,0,0,0,0,0,0,2.14192387602545e-05,0,0,0,0,0,0,0,0,0,0,0,0,0,0,0,0,0,0,0,0,0.000201409869083585,0,8.30514428942431e-07,0,0,0,0,0,0,0,0,0,0,0,0.000182415176942722,0,0.000165070980521624,0,0,0,0,0,0,0,0,0,0,0,0,0,0,0,0,0,0,0,0,0,0,0,0,0,0,0.000101564086938858,0.000172711571675302,0,0,0,0,0,0,0,0,0,0,0,0,0.000377500943752359,0,0,0,0,0,0,0,0,0,0,0.00411039342337052,0,0,0,0,0,0,0,0.00027667619662455,0,0,0,0,0,0,0,0,8.03535556448373e-05,0,0,0,0,0,0,0,0,0,0,0,0,0,0,0,0,0,0,0,0,0,0,0,0,0,0,0,2.25275963054742e-05,0,0,0,0,0,0,0,0,0,0,0,0,0,0,0,0,0.000839806844425782,0,0,0,0,0,0,0,0,0,0,0,0,3.81679389312977e-07
0,0,0,0,0,0,0,0,0,0,0,0,0,0,0,0,0,0,0,0,0,0,0,0,0,0,0,0,0,0,0,0,0,0,0,0,0,0,0,0,0,0,0,0,0,0,0,0,0,0,0,0,0,0,0,0,0,0,0,0.000933333333333333,0,0,0,0,0,0,0,0,0,0,0,0,0,0,0,0,0,0,0,0,0,0,6.39386189258312e-05,0,0,0,0,0,0,0,0,0,0,0,0,0,0,0,0,0,0,0,0,0,0,0,0,0,0,0,0,0,0,0,0,0,0,0,0,0,0,0,0,0,0,0,0,0,0,0,0,0,0,0,0,0,0,0,0,0,0,0,0,0,0,0,0,0,0,0,0,0,0,0,0,0,0,0,0,0,0,0,0,0,0,0,0,0,0,0,0,0,0,0,0,0,0,0,0,0,0,0,0,0,0,0,0,0,0,0,0,0,0,0,0,0,0,0,0,0,0,0,0,0,0,0,0,0,0,0,0,0,0,0,0,0,0,0,0,0,0,0,0,0,0,0,0,0,0,0,0,0,0,0,0,0,0,0,2.09762339269608e-05,0,0,0,0,0,0,0,0,0,0,0,0,0.000163880694854146,0,0,0,0,0,8.37233445801693e-06,0,0,0,0,0,0,0,0,0,0,0,0,0,0,0.000114957944551951,0,0,0,0,0,0,0,0,0,0,0,0,0,0,0,0,0,4.01364639775236e-05,0,0,0,0,0,0,0,0,0,0,0,0,0,0,0,0,0,0,0,0,0,0,0,0,0,7.14183688044565e-05,0,0,2.17074658487294e-06,0,0,0,0,0,0,0,0,0,0,0,0,0,0,0,0,0,0,0,0,0,0,0,0,0,0,0,0,0,0,0,0,0,0,0,0,0,0,0,0,0,0,0,0,0,0,0,0,0,0,0,0,0,0,0,0,0,0,0,0,0,0,0,0,0,0,0,0,0,0,0,0,0,0,0,0,0,0,0,0,0,0,0,0,0,0,8.8073135932078e-06,0,0,0,0,0,0,0,0,0,0,0,0,0,0,0,0,0,0,0,0,0,0,0.000482392667631452,0,0,0,0,0,0,0,0,0,0,0.970478325859492,0,0,0,0,0,0,0,0,0,0,0,0,0,0,0,0,0,0,0,0,0,0,0,1.26778062324095e-05,0,0,0,0,0,0,0,0,0,0,0,0,0,0,0,0,0,0,0,0,0,0,0,0,0,0,0,0.00420303912059489,0,0,0,0,0,0,0,0,0,0,0,0,0,0,0,0,0,0,0,0,0,0,0,0,0,0,0,0,0,0,0,0,0,0,0,0,0,0,0,0,0,0,0,0,0,0,0,0,0,0,0,0,0,0,0,0,0,0,0,0,0,0,0,0,0,0,0,0,0,0,0,0,0,0,0,0,0,0,0,0,0,0,0,0,0,0,0,0,0,0,0,0,0,0,0,0,0,0,0,0,0,0,0,0,0,0,0,0,0,0,0,0,0,0,0,0,0,0,0,0,0,0,0,0,0,0,0,0,0,0,0,0,0,0,0,0,0,0,0,0,0,0,0,0,0,0,0,4.50024751361325e-05,0,0,0,0,0,0,1.80505415162455e-06,0
0,0,0,0,0,0,0,0,0,0,0,0,0,0,0,6.06648871633099e-05,0,0,0,0,0,0,0,0,0.000269954107801674,0,0,0,0,0,0,0,0,0,0,0,0,0,0,0,2.21695080586162e-05,0,0,0,0,0,0,0,0,0,0,0,0,0,0,0,0,0,0,0,0,0,0,0,0,0,0,0,0,0,0,0,0,0,0,0,0,0,0,0,0,0,0,0,0,1.78094390026714e-05,0,0,0,0,0,0,0,0,1.93440434854098e-05,0,0,0,0,0,0,0,0,0,0,0,0,0,0,0,0,0,0,7.35474380975729e-05,0,0,0,0,0,0,0.00195729537366548,0,0,0,0,0,0,0,0,0,0,0,0,0,0,0,0,0,4.07697325505545e-05,0,0,0,0,0,0,0,0,0,0,0,0,0,0,0,0,0,0,0,0,0,0,0,0,0,0,0,0,0,0.00127172530733362,0,0,0,0,0,0,0,0,0,0,0,0,0,0,0,0,0,0,0,0,0,0,5.07572988995818e-06,0,0,0,0.00237049028677151,0,0,0,0,0,0,0,0,0,0,0,0,0,0,0,4.27968604223194e-06,0.000153869826127096,0,0,0,0,0,0,0,0,0,0,0,0,0,0,0,0,0,0,0,0,0,0,0,0,0,0,0,0,0,0,0.00124330527926549,0,0,0,0,0,0,0,0,0,0,0,0,0,0,0,0,0,0,0,0,0,0,0,0,4.08095871187966e-07,0,0,3.55470621774993e-05,0,5.9458587094089e-05,0,0,0,0,0,0,0,0,0,0,0,0,0,0,0,0,0,0,0,0,0,0,0,0,0,0,0,0,0,0,0,0,0,0,0,0,0,0,0,1.20235661897319e-05,0,0,0,0,0,0,0,0,0,0,0,0,0,0,0,0.000403659849300323,0,0,0,7.2576840730123e-05,0,0,0,0,0,0,0,0,0,0,0,0,0,5.16862643752423e-06,0,0,0,0,0,0,7.94817788022096e-06,0,0,0,0,0,0,0,0,0,0,0,0,0,0,0,0,0,0,0,0,0,0,2.25326723749437e-05,0,0,0,0,0,0,0,0,0,0,0,0,0,0,6.69030574697264e-05,0,0,0,4.17367496254127e-06,0,0,0,0,0,0,0,0,0.000487537327076604,0,0,0,1.66184730946921e-05,0,0,0,0,0,0,0,0,0,0,0,0,0,0,0,4.00978387264926e-05,0,0,0,0,0,0,0,0,0,9.85804416403785e-05,0,0,0.000222074172773706,0,0,0.98426013195099,0,0,0,0,0,0.000195796893355959,0,0,0,0,0,0,0,0,0,0,0,0,0,0,0,0,0,0,0,0,0,0,0,0,0,0,0,0,0,0,0,0,0,0,0,0,0,0,0,0,0,0,0.00015898973380576,0,0,0,0,0,0,0,0,2.00156121774984e-05,0,0,0,0,0,0,0,0,0,0,0,0,0,0,0,0,0,0,0,0,0,0,0,0,2.38685131348428e-06,0,2.61749270373909e-05,0,0,0,0,0,0,0,0,0.00133898683329614,0,0,0,0,0,0,0,0,0,0,0,0,0,0,0,0,0,0,0,0,0,0,0,0,0,0,0,0,0,0,0,0,0,0,0,0,0,0,0,0,0,0,0,0,0,0,0,0,0,0,0,0,0,0,0,3.04766548823601e-05,0,0,0,0,0,0,0,0,0,0,0,0,0,0,0,0,0,0,0,0,0,0,0,0,0.00078405017921147,0,0,0,0,0,0,0,0,0,0,0,0,0,0,0,0,0,0,0,0,0,0,0,0,0,0,0,0,2.87494010541447e-07,0,0,0
0,0,0,0,0,0,2.86361462619806e-06,0,0,0,0,0,0,0,0,0,0,0,0,0,0,0,0,0,0,0,0,0,0,0,0,0,0,0,0,0,0,0,0,0,0,0,0,0,0,0,0,0,0,0,0,0,0,0,0,0,0,0,0,0,5.69174639854747e-06,0,0,0,0,0,0,0,0,0,0,0,0,0,0,0,0,0,0,0,0,0,0,0,0,0,0,0,0,0,0,0,0,3.691478529438e-05,0,0,0,0,0,0,0,0,0,0,0,7.17118331695913e-06,0,0,0,0,0,0,0,0,0,0,0,0,0,0,0,0,0,0,0,0,0,0,0,0,0,0,0,0,0,0,0,0,0,0,0,0,0,0,0,0,0,0,0,0,0,0,0,0,0,0,0,0,0,0,0,0,0,0,0,0,0,0,0,0,0,0.00018957345971564,0,0,0,0,0,0,0,0,0,0,0.00258086717136958,0,0,0.000101791530944625,0,3.96384969081972e-05,0,0,0,0,1.09598649744635e-05,0,0,0,0,0.000106315118009781,0,0,0,0,0,0,0,0,0,0,0,0,0,4.27968604223194e-06,0,0.000512565169000059,0,0,0,0,0,0,0,0,0,0,0,5.32651539362949e-05,0,0,0,0,0,0,0,0,0,0,0,0,0,0,0,0,0,0,0,0,0,0,0,0,0,0,0,0,0,0,0,0,0,0,0,0,0,0,0,0,0,0,5.71334219663153e-07,0,0,0,0,0,0,0,0,0,0,0,0,0,0,0,0,0,0,0,0,0,0,0,0,0,0,0,0,0,0,0.00038163083577153,0,0,0,0,0,0,0,0,0,0,0,6.45411126887827e-05,0,0,0,0,0,0,0,2.17074658487294e-06,0,0,0,0,0,0,0,0,0,0,0,0,0,0,0,0,0,0,0,0,0,1.39125982751161e-06,4.0126800690181e-06,0,4.09123453001943e-05,0,0,0,0,0,0,0,0,0,0,0,0,0,0,0,0,0,0,0,0,0,0,0,0,0,0,0,0,0,0,0,0,0,0,0,0,0,0,0,0,0,0,0,0,0,0,0,0,0,0,0,0,0,0,0,0,0,0,0,0,0,0,0,0,0,0,1.19198603945951e-06,0,0,0,0,0,0,0,0,0,0,0,0,0,0,0,0,0,0,0,0,0,0.000117859668421466,0,0,0,0,0,0,0,0,0.984290883417174,0,0,0,0,0,0,0,0,0,0,0,0,0,0,0,0,0,0,0,0,0,0,0.00121340816016988,0,0,0,0,0,0,0,0,0,0,0,0,0,0,0,0,0,0,0,3.5272124440055e-05,0,0,0,0,0,0,0,0,0,0,0,0,0,0,0,0,0,0,0,0,0,0,0,0,0,0,8.20124768314753e-06,0,0,0,0,0,0,0,0,0,0,0,0,0,0,0,0,0,0,0,0,0,0,0,0,0,0,0,0,0,0,0,0,0,0,0,0,0,0,0,0,0,0,0,0,0,0,6.92343374620077e-06,0,0,0,0,0,0,0,0,0,0,0,0,0,0,0,0,0,0,4.71827198007002e-06,0,0,0,0,0,0,0,0,0,0,0,0,0,0,0,0,0,7.25067467527853e-07,0,0,0,0,0,0,0,0,0,0,0,0,0,0,0,0,0,0,0,0,0,0,0,0,0,0,0,0,0,0,0,5.5972237770066e-05,0,0,0,0,0,0,0,0,0,1.53016334493707e-05,0,0,0,0,7.7930174563591e-05,0,4.79156684235745e-08,6.07533414337789e-08,0,0
0,0,6.6795805223432e-05,0,0,0,0,0,0,0,0,0.000288267512251369,0,0,0,0,0,0,0,0,2.11455831105999e-06,0,0,0,0,0,0,0,0,0,0,0,0,0,0,0,0,0,0.00198587819947043,0,0,0,0,0,0,0,0,0,0,0,0,0,0,0,0,0,0,0,0,0,0,0,0,0,0,0,0,0,0,0,0,0,0,0,0,0,0,0,0,0,0,0,0,0,0,0,0,0.000130446125750065,9.66323621780934e-05,0,0,0,0,0,0,0,0,0,0,0,0,0,0,0,0,0,0,0,0,0,0,0,0,0,0,0,0,0,0,0,0,0,0,0,0,0,0,0,0,0,0,0,0,0,0,0,0,0,0,0,0,0,0,0,0,0,0,0,0,0,0,0,0,0,0,8.10418743364697e-06,1.52615835419083e-05,0,0,0.00060390525397571,0,0,0,0,0,0,0,0,0,0,0,0,0,0,0,0,0,0,0,0,0,0,0,0,0,0,0.000788643533123028,7.92769938163945e-05,0,0.000164609053497942,0,0,0,0,0,0,0,0,0,0,0,0,0,0,0,2.68716074595582e-05,0,0,0,4.91827466924603e-05,0,0,0,0,0,0.002928762167284,0,0,0,0,0,0,0,0,0,0,0,0,0,0,0,0,0,0,0,0,0,0,4.19524678539215e-05,0,0,0,0,0,0,0,0,0,0,0,0,0,0,5.69605832763727e-05,0,0,0,0,0,0,0,0,7.96140311768546e-06,0,0,0,0,0,4.8971504542556e-07,0,0,0,0,0,0,0,0,0,0,0,0,0,0,0,0,0,0,0,0,4.93559054340852e-05,0,0,0,0,0,0,0,0,0,0,0,0,0.000360776390792987,0,0,0,0,0,0,0,0,0,0,0,0,0,0,0,0,0,0,0,0,0,0,0,0,0,0,0,0,0,0,0,0,0,0,0,0,0,0,1.39125982751161e-06,0,0,0,0,0,0,0,0,0,0,0,0,0,0,0.000130327121073895,0,0,0,0,0,0,0,0,0,0,0,2.37665177298222e-05,0,0,0,0,0,0,0,0,0,0,0,0,0,2.73043133989092e-05,0,6.23596906959342e-05,0,0.00282220131702728,0,0,0,0.000105983848061555,0.000300225168876657,0,0,2.4404976174642e-05,0,0,0,0,0,0,0,0,0,0,0,8.8073135932078e-06,0,0,0,0,0,0,0,0,0,0,0,0,0,0,0,0,0,0,0,0,0,0,0,0,0,0,0,0.000324675324675325,0,0,0,0,0,0,0,0,0.986617511520737,0,0,0,0,0,0,0,0,0,0.000801282051282051,1.2903891813771e-05,0,0,0,0,0,0,0,0,0,0,0,0,0,0,0,0,0,0,0,0,0,0,0,0,0,0,0,8.97021887334051e-05,0,0,0,0,0,0,0,0,0,0,0,0,0,0,0.00142297722133363,0,0,0,0,0,0,0.000198032873456994,0,0,8.30514428942431e-07,0,0,0,0,0,0,0,0,0,0,9.99000999000999e-05,0,0,0,0,0,0,4.47147200858523e-05,0,0,0,0,0.000155400155400155,0,0,0,0,0,0,0,0,0,0,0,0,0,0,0,0,0,0,0,0,0,0.000166002656042497,0,0,0.0001900779319521,0,0,0,0,0,1.67302415846885e-05,0,0,0,0.000427259132663961,0,0,0,0,0,0,0,0,0,0,0.000107169649555246,0,0,0,0,0,0,2.94386924510361e-06,0,0,0,0,0,0,0,0,0,0,0,0,0,0,0,0,0,0,0,0,0,0,0,0,0,0,0,0.00361805883278276,0,0,0,0,0,0,0,0,0,0,0,0,0,3.96016078252777e-05,0,0,0,0,0,0,0,0,0,0,0,0,0,0,0,1.88331010584203e-05,0,0,2.18804017241757e-05,0,0,2.70758122743682e-07,0
0,0,0,0,0,0,0,0,0,0,0,0,0,0,0,3.03324435816549e-05,0,0,0,0,0,0,0,0,0,0,0,0,0,0,0,0,0,0,0,0,0.000262766050626259,0,0,0,0,0,0,0,0,0,0,0,0,0,0,0,0,0,0,0,0.000270738574832142,0,0.00185931205453982,0,0,0,0,0,0,0,0.00371513488797439,0,0,0,0,0,0,0,0,0,0,0,0,0,0,0,0,0,0,0,0,0,0,0,0,0,0,0,0,0,0,0,0,7.38540316095255e-05,0,0,0,0,0,0,0,0,0.000111794298490777,0,0,0,0,0,0,0,0,0,0,0,0,0,0,0,0,0,0,0,0,0,0,0,0,0,0,0,0,0,0,0,0,0,0,0,0.000172920629431091,0,8.05996614814218e-05,0,0,0,0,0,0,0,0,0,0,0,0,0,0,0,0,0,0,0,0,0,0,0,0,0,0,0,0,0,0,0,0,0,0,0,0,0,0,0,0,0,0,0,0,0,0,0,0,0,0,0,0.00100416271087417,0,0,0.000736531986531987,0,0,0,0,0,0,0,0,3.76789751318764e-05,0,0,0,0,0,0,0,0,0,0,0,0,0,0,0,0,0,0,0,0,0,0,0,0,0,0,0,0,0,0,0.000182149362477231,0,0,0,0,0,0,0,7.37112811020655e-05,0,0,0,0,0,0,0,0,0,0,0,0,0,0,0,0,0,0,0,0,0,0,0,0,0,0,0,0,0,0,0,0,0,0,0,0,0,0,0,0,0,0,0,0,0,0,0,0,0,0,0,0,0,0.000686106346483705,0,0,0,0,0,0,0,0,0,0,0,0,0,0,0,1.08537329243647e-05,0,0,0,0,0,0,0,0,0,0,0,0,0,0,0,0,0,0,0,0,0,0,0,0,0,0,0,0,0,0,0,0,0,0,0,0,0,0.000103434009102193,0,0,0,0,0,0,0,0,0,0,0,0,0,0,0,0,0,0,0,0,0,0,0,0,0,0,0,0,0,0,0,0,0,0,0,0,0,0,0,0,0,0,0,0,0,0,0,0,0,0,0,0,4.66113545259625e-05,0,0.000161381424997983,0,0,0,0,0,0,0.00367047308319739,0,0,0,0,0,0,0,0,0,0,0,0,0,0,0,0,0,0,0,0,0,0,0,0,0.976949345475242,0,0,0,0,0,0,0,0,0,5.16155672550841e-05,0,0,0,0,0,0,0,0,0,0,0,0,0,0,0,0,0,0,0,0,0,0,0,0,0,0,0,0,0,0,0,0,0,0,0,0,0,0,0.000125109470786939,0,0,0,0,0,0,0,0,0,0,0,0,0,0,0,0,0,0,0,0,0,0,0,0,0,0,0,0,0.000110277900308778,0,0,0,0,0,0,0,0,0,0,0,0,0,0,0,0,0,0,5.86544665376268e-05,0,0,0,0,0,0,0,0,0,0,0,0,0,0,0,0,0,0,0,0,0,0,0,0,0,0,0,0,0,0,0,0,0,0,0,0,0,0,0,0,0,0,0,0,0,0,0,0.000178762960314623,0,3.04766548823601e-05,0,0,0,0,0,0,0,0,0,0,0,0,0,0,0,0,0,0,0,0,0,0,0,0,0,0,0,0,0,0,0,0,0,0,0,0,0,0,0.000129198966408269,0,0,0,0,0,0,0,0,0,0,0,0,0,0,1.43747005270724e-07,0,0,0
0,0,0,0,0,0,0,0,0,0,0,0,0,0,0,0,0,0,0,0,0,0,0,0,4.4992351300279e-05,0,0,0,0,0,0,0,0,0,0,0,0,0,0,0,0,0,0,0,0,0,0,0,0,0,0,0,0,0,0,0,0,0,0,0,0,0,0,0,0,0,0,0,0,0,0,0,0,0,0,0,0,0,0,0,0,0,0,0,0,0,0,0,0,0,0,0,0,0,0,0,0,0,0,0,0,0,0,0,0,0,0,0,0,0,0,0,0,0,0,0,0,0,0,0,0,0,0,0,0,0,0,0,0,0,0,0.000115861429730043,0,0,0,0,0,0,0,0,0,0,0,0,0,0,0,0,0,0,0,0,0,0,0,0,0,0,0,0,0,0,0,0,0,0,0,0,0.000635862653666808,0,0,0,0,0,0,0,0,0,0,0,0,0,0,0,0,0,0,0,0,0,0,0,0,0,0,0,0,0,0,0,0,5.26094276094276e-05,0,0,0,0,0,0,0,0,0,0,0,0,0,0,0,0,0,0,0,0,0,0,0,0,0,0,0,0,0,0,0,0,0,0,0,0,0,0,0,0,0,7.17291507268554e-05,0,0,0,0,0,0,0,0,0.00173196368848543,0,0,0,0,0,0,0,0,0,0,0,0,0,0,0,0,0,0,1.70625898451997e-05,0,0.00010192900644701,0,0,0,0,0,0,0,0,0,0,0,0,0,0,0,0,0,0,0,0,0,0,0,0,0,0,0,0,0,0,0,0,0,0,0,0,0,0,0,0,0,0,0,0,0,0,0,0,0,0,0,0,0,0,0,0,0,0,0,0,0,0,0,0,0,0,0,0,0,0,0,0,0,0,0,0,0,0,0,0,7.94817788022096e-06,0,0,0,0,0,0,0,0,0,0,0,0,0,0,0,0,0,0,0,0,0,0,4.50653447498873e-05,0,0,0,0,0,0,0,0,0,0,0,0,0,0,0,0,0,0,0,0,0,0,0,0,0,0,0,0,0,0,0,0,0,0,0,0,0,0,0,0,0,0,0,0,0,0,0,0,0,0,0,0,0,0,0,0,0,0.000230021030494217,0,0,0,0,0,0,0,0,0,0.968035271424635,0,0,0,0,0,0,0,0,0,0.000131700250230475,0,0,0,0,0,0,0,0,0,0,0,0,0,0,0,0,0,0,0,0,0,0,0,0,0,0,0,0,0,0,0,0,0,0,0,0,0,0,0,0,0,0,0,0,0,0,0,0,0,0,0,0,0,0,0,0,0,0,0,0,0,0,0,0,0,0,0,0,0,0,0,0,0,0,0,0,0,0,0,0,0,0,0,0,0,0,0,0,0,0,0,0,0,0,0,0,0,0,0,0,0,0,0,0,0,0,0,0,0,0,0,0,0,0,0,0,0,0,0,0,0,0,0,0,0,0,0,0,0,0,0,0,0,0,0,0,0,0,0,0,0,0,0,0,0,0,0,0,0,0,0,0,0,0,0,0,0,1.59979522621104e-05,0,0,0,0,0,0,3.96852168598675e-06,0,0,0,0,0,0,0,0,0,0,0,0,0,0,0,0,0,0,0,0,0,0,0,0,8.14566363200767e-07,0,0,0
0,0,0,0,0,0,0,0,0,0,0,0,0,0,0,0,0,0,0,0,0,0,0,0,0,0,0,0,0,0,0,8.19571364176536e-05,0,0,0,0,0,0,0,0,0,0,0,0,0,0,0,0,0,0,0,0,0,0,0,0,0,0,0,6.66666666666667e-05,0,0,0,0,0,0,0,6.55222120298781e-05,0,0,0,0,0,0,0,0,0,0,0,0,0,5.76003686423593e-05,0,0.00417209908735332,6.77759327662747e-05,0,0,0,0,0,0,0,0,0,0,0,0,0,0,8.2060035121695e-06,0,0,0,0.00303103782735209,0,0,2.49345468146116e-05,0,0,1.98027644659194e-05,0,0,0,0,0,0,0,0,9.80027048746545e-06,0,0,0,0,0,0,0,0,0,0.00281810418445773,2.20266743025804e-05,0,0,0,0.000209380234505863,1.29428057414286e-05,0,0,0,0,0,0,0,0,0,0,0,0,0,0,0,0,0,0,0,0.00016221915808257,0,0,0,0,0,0,0,0,0,0,0,2.46889196128777e-05,0,0,0,0,0,0,0,0,0,0,0,0,0,0,0,0,0.000626435581541032,0,0,0,0,0,0,0.000280741156653565,1.01514597799164e-05,0,0,0,0,0,0,1.82575038340758e-05,0,0,0,0,0,0,0,0,0,0,0,0,0,0,0,0,0,0,0,0,0,0,0,0,0,0,0,0,0,0,0,0,0,0,0,0,0,0,0,0,0,0,0,5.2468649981636e-05,0,0,0,0,0,0,0,0,0,0,0,0,0,0,0,0,5.50751776174478e-05,0,0,9.2883036372997e-05,0,0,0,0,0.000153491941673062,3.26476696950373e-07,0,0,4.26564746129991e-06,0,2.83136129019471e-06,0,0,0,0,0,0,0,0,0,0,0,0,0,0,0,0,0,0,0,0,0,0,0.000134021309388193,0,0,0,0,0,0,0,0,0,0,0,0,0,0,0,0,6.01178309486594e-05,0,9.26011667747014e-05,0,0,0,1.30244795092376e-05,0,0,0,0,0,0,0,0,0,0,0,0,0,0,0,0,4.65883981577616e-05,0,0,0,0,0,0,0,0,0,0,1.03372528750485e-05,0,0,0,0,0,0,1.58963557604419e-05,0,0,0,0,0,0,0,0,0,0,0,0,0,0,0,0,0,0,0,0,0,0,0,0,0.000292740046838407,0.0014018691588785,0,0,0.000226860254083485,0,0,0,0,0,0,0,0,0,0,0,0,0,0,0,0,0,0,0,0,3.09386795371574e-05,0,8.8073135932078e-06,0,1.46130465279401e-05,1.66184730946921e-05,0,0,0,0,0,0,0,0,0,0,0,0.000121796745590958,0,0,0,0,3.5405624537514e-06,0,0,0,0,7.33352889410384e-05,0,0,0,0,0,0,0,0,0,0,0,0,0,0,0.992903902853431,0,0,0,0,2.7680894646515e-05,0,0,5.16155672550841e-05,0,5.36826283014816e-05,5.62841222491135e-05,0,0,0,0,0,0,0,0,0,0,0,0,0,2.47328848436882e-05,0,0,0,0,0,0,0,0,0,0,0,0,0,0,0,0,0,4.05284915295453e-05,0,0,0,0,0,0,0,0,0.000150060024009604,0,0,0,0,0,0,0,0,0,0,0,0,0,0,0,0,0,2.24294705299187e-06,0,0,0,0,0,0,0,0,0,0,0,0,0.00199443413729128,0,0,0,0,0,0,0,0,0,0,0,0,0,0,0,0,0,0,0,0,0,0,0,0,0,0,0,0,0,0,0,0,0,0,0,0,0,0,0,0,0,0,0,0,2.83350334353395e-05,0,0,0,0,0,0,0,0,0,0,0,0.00169855176112998,0,0,0,0,0,0,0,0,0,0,0,0,0,0,0,0,0,0,0.000179662234998203,0,0,0,0,0,0,0,0,0,0,0,0,0,0,1.98426084299338e-05,0,0,0,0,0,0,0,0,0,0,0.00149569986289418,0,0,0,0,0,0,0,0,0,0,0,0,0,0,0,0,0
0,0,0,0,0,2.76571618220538e-05,0,3.64721243553552e-06,0,0,0,0,0,0,0,0,0,0,0,0,0,0,0,0,0,0,0,0,0,0,0,0,1.48991328704669e-05,0,0,0,0,0,0,0,0.000110847540293081,0,0,0.000522466039707419,0,0,0,0,0,0,0,0,0,0,0,0,0,0,0,0,0,0,0,0,0,0,0,0,0,0,0,0,0,0,0,0,0,4.30904468479338e-05,0,0,0,0,0,0,4.23599579789217e-06,0.000231522707034728,1.58105266486427e-05,0,0,0,0,0,0,0,4.83601087135244e-05,0,0,0,0,0,0,0,0,0,0,0,9.97381872584466e-05,0,0,0,0,0,0,0,0,0,0,1.73949345950459e-05,1.96005409749309e-05,0,0.00106761565836299,0,0,0,0,0,0,0,0,1.10133371512902e-05,0,0.000115861429730043,2.96577495699626e-05,0,2.58856114828573e-05,0,0,0,0.000285388127853881,0,0,0,0,0,0,0,0,0,0,0,0,0,0,0,0,0,0,0,0,0,0,0,0,0,3.82160736805901e-05,0,0,0,0.000211954217888936,0,0,0,0,0,0,0,0,0,0,0,0,0,0,0,0,0,0,0,0,0,0,0,0,0,0,3.85445575084798e-05,0,0,0,0,0,0,0,0,0,0,0,0,0,0,0.0019216277317257,0,0,0,0,0,0.000396353547364249,0,0,0,0,0,0,0,0,0,0,0,2.51768674941464e-05,0,0,0,0,0,0,0,0,0,0,0,0,0,0,9.56388676358072e-05,0.000409221115809576,0,0,0,0,0,0,0,0,0,0,0,0,0,0,0,5.82055237041995e-05,0,0,0,0,0,0,0,8.16191742375933e-07,0,0,0.000183422840835896,0,1.9819529031363e-05,0,0,0,0,0,0,0,0,0,0,0,0,0,0,0,0,0,0,0,0,0,0,0,0,0,0,0,0,0,0,0,0,0,0,0,0,0,0,0,0,0,0,0,0,0,0,0,0,0,0,0,0,0,0,0,0,0,0,0,0.000326595783285554,0,0.000101337657073368,0,0,8.27417299640901e-06,0,0,0,0,0,0,0,0,1.55058793125727e-05,0,0,0,0,0,0,2.38445336406629e-05,0,0,0,0,0,0,0,0,0,0,0,0,0,0,0,0,0,0,0,0,0,0,9.01306894997747e-05,0,0,0,0.000420521446593776,0,0,0,0,0,0,0,0,0,0,0.00274302535625878,0,0,0,1.25210248876238e-05,0,0,0,0,0,0,0,0,0,0,0,0,3.32369461893841e-05,0,1.19198603945951e-06,0,0,0,0,0,0,0,0,0,0,0,0,0,4.00978387264926e-05,0,0,0,0,0,0,0,0,0,9.85804416403785e-05,0,0,0.000222074172773706,0,0,0.000235626767200754,0,0,0,0,0,0.974220075708132,0,0,0,0,0,0,0,0,0,0,0,0,0,0,0,0,0,0,0,0,0,0,0,0,0,0,6.58379858843358e-06,0,0,0,0,0,0,0,0,0,0,0,0,0,0,0,4.54256382302171e-05,0,0,0,0,0,0,0,0,0,0,0,0,0,0,0,0,3.32205771576973e-06,0,0,0,0,0,0,6.17894216510133e-05,0,0,0,0,0,0,0,0,0,7.16055394045283e-06,0,7.85247811121726e-05,0,0,0,0,0,0,0,0,0,0,0,0,0,0,0,0,0,0,0,0,0,0,0,0,0,0,0,0,0,0,0,0,0,0,0,0,0,0,0,0,0,0,0,0,0,0,0,0.00119007140428426,0,0,0,0,0,0.000355745286374956,0,0,0,0,0,0,0,9.30405656866394e-05,0,0,0,0,0,0,0,0,0,0,0,0,0,0,0,0,0,0,0,0,0,0,0,0,3.19959045242209e-05,0,0,0,0,0,0,0,0,0,1.91982798341269e-05,0,0,0,0,0,0,0,0,0,0,0,0,0,0,0,0,0,0,0,0,0,2.39578342117873e-07,0,0,0
0,0,0,4.33179843275533e-06,0,0,0,3.64721243553552e-06,0,0,0,0,0,0,0,0,0,0,0,8.42722668397057e-06,0,0,0,0,0,0,0,0,0,0,0,0,0,0,0,0,0,0,0,0,0,0,0,0,0.00332493702770781,0,0,0,0.000110204981265153,3.50680319820452e-05,0,0,0,0,0,0,0,0,0,0,0,0,0,0,0,0,0,0,0,0,0,0,0,0,0,1.28183764244421e-05,0,0,0.000161987041036717,0,0,0,0,0,0,0,0,0,0.000531477991979514,0,0,0,0,0,0,0,0,0,0,0,0,0,0,0,0,0,0,0,0,0,0,0,0,0,0,0,0,0,3.26675682915515e-06,0,0,0,0,0,0,0,0,0,8.5397096498719e-05,0,0,0,0,0,0,0,0,0,0,0,0,0,0,0,0,0,0,0,0,0,0,0,0,0,0,0,0,0,0,0,0,0,0,0,0,0,0,0,0,0,0,0,0,0,0,0,0,0,0,0,0,0,0,0,0,0,0.000788643533123028,3.96384969081972e-05,0,0.000164609053497942,0,0,0,0,0,0,0,0,0,0,0,0,0,0,0,0,0,0,0,4.91827466924603e-05,0,0,0,0,0,4.30700318718236e-05,0,0,0,0,0,0,0,0,0,0,0,0,0,0,0,0,0,0,0,0,0,0,0,0,0,0,0,0,0,0,0,0,0,0,0,0,0,0,0,0.000115366866635902,0,4.18616722900846e-06,0,0,0,0,5.30760207845697e-06,0,0,0,0,0,8.97810916613526e-07,0,0,0,9.57982871266262e-06,0,0,0,0,0.000414593698175788,0,0,0,0,0,0,0,0,0,0,0,0,0,0,0,0,0,0,0,0,0,0,0,0,0,0,0,0,0,0,0,0,0,0,0,0,0,0,0,0,0,0,0,0,0,0,0.000391148860080465,0,0,0,0,0,0,0,0,0,0,0,0,0,0,0,0,0,0,0,0,0,0,0,0,0,0,0,0,0,0,2.12089077412513e-05,0,0,0,0,0,0,0,0,0,0,0,0,0,0,0,0,0,0,0,0,0,0,0,0,0,0,0.000218434507191274,0,0,0,0,0,0,0,0,0,0,0,6.1012440436605e-06,0,0,0,0,0,0,0,0,0,0,0,0,0,1.46130465279401e-05,0,0,2.38397207891901e-06,0,0,0,0,0,0,0,0,0,0,0,0,0,0,0,0,0,0,0,0,0,0,0,0,0,0,0,0,0,0,0,0,0,0,0,0,0.980818414322251,0,0,0,0.00148720999405116,0,0,0,0,0,0,0,0,0,0,0,0,0,0,0,0,0,0,0,0,0,0,0,0,0,0,0,0,0,0,0,0,0,0,0,0,4.05284915295453e-05,0,0,0,0,0,0,0,2.20616623462578e-05,0,0,0,0,0,0,0,0,0,1.66102885788486e-06,0,0,0,0,0,0,0,0,0,0,0,0,0,0,0,0,0,0.000223573600429261,0,0,0,0,0.00699300699300699,0,0,0,0,0,0,0,0,0,0,0,0,0,0,0,0,0,0,0,0,0,0,0,0,0,0,0,0,2.30781124873359e-06,0,1.67302415846885e-05,0,0,0,0,0,0,0,0,0,0,0,0,0,2.44176393026322e-05,0,0,2.35913599003501e-06,0,0,0,0,5.88773849020722e-06,0,0,0,0,0,0,0,0,0,0,0,2.46374193124518e-05,7.25067467527853e-07,0,0,0,0,0,0,0,0,0,0,0,0,0,0,0.000157306905773163,0,0,0,0,0,0,0,0,0,0,0,0,0,0,0,0,0,0,0,0,0,0,0,0,0,0,0,0,0,5.64993031752608e-05,0,0,0,0,0,0,0
0,0,0,4.33179843275533e-06,0,0,0,0,0,0,0,0,0,0,0,0,0,0,0,0,0,0,0,0,0,0,0,0,0,0,0,4.09785682088268e-05,0,0,0,0,0,0,0,0,0,0,0,0,0,0,0,0,0,0,0,0,0,0,0,0,5.41477149664284e-05,0,0,0,0,0,0,0,0,0,0,0,0,0,0,0,0,0,0,0,0,0,0,0,0,0,0,0,4.23599579789217e-06,0,0,0,4.83161810890467e-05,0,0,0,0,0,0,0,0,0,0,0,0,0,0,0,0,0,0,0,0,0,0,0,0,0,0,0,0,0,0,0,0,0,0,0,0,0,0,0,0,0,0,0,0,0,0,0,0,0,0,0,0,0,0,0,0,0,0,0,0,5.82648721086057e-05,0,0,0,0,8.11095790412848e-05,0,0,0,0,0,0,0,0,0,0,0,0,0,0,0,0,0,0,0,0,0,0,0,0,0,0,0,0,0,0,0,0,0,0,0,0,0,0,0,0,0,0,0,0,0,0,0,0,0,0,0,0,0,0,0,0,0,0,0,0,0,0,0,0,0,0,0,0,0,0,0,0,0,0,0,0,0,0,0,0,0,0,0,0,0,0,0,0,0,0,0,0,0,0,0,0,0,0,0,0,0,0,0,0,0,2.91027618520998e-05,0,1.59228062353709e-05,0,0,0,0,0,8.16191742375933e-08,0,0,1.42188248709997e-06,0,0,0,0,0,0,0,0,0,0,0,0,0,0,0,0,0,0,0,0,0,0,0,0,0,0,0.000142938822184105,0,0,0,0,0,0,0,0,0,0,0,0,0,0,0,0,0,0,0,0,0,0,0,0,0,0,0,0,0,0,0,1.79314302108736e-05,0,4.84439793822424e-06,0,0,0,0.000618960146953119,0,0,0,0,0,0,0,0,0,0,5.16862643752423e-06,0,0,0,0,0,0,0,0,0,0,0,0,0,0,0,0,0,0,0,0,0,0,0,0,0,0,0,0,0,0,0,0,0,0,2.73043133989092e-05,0,0,0,0,0,0,0,0,0,0,0,0,0,4.17367496254127e-06,0,0,0,0,0,0,0,0,0,0,0,4.38391395838204e-05,0,0,0,0,0,0,0,0,0,0,0,0,0,0,0,0,0,0,0,0,0,0,0,0,0,0,0,0,0,0,0,0,0,0,0,0,0,0,0,0,0.97939262472885,0,0.00102419310192105,0,0,0,0,0,0,0,0,0,0,0,0,0,0,0,0,0,0,0,0,0,0.000376931775348662,0,0,0,0,0,0,0,0,0,0,0.000107096193801272,0,0,0,0,0.000202642457647726,0,0,0,0,0,0,0,0,0,0,0,0,0,0,0,0,0,0,0,0,0,0,0,0,0,0,0,0,0.0004995004995005,0,0,0,0,0,0,4.47147200858523e-05,0,0,0,0,0,0,0.00161083653670145,0,0,0,0,0,0,0,0,0,0,0,0,0,0,0,0,0,0,0,0,0,0,0,0,0,0,0,0,0,0,0.000161995788109509,0,0,0,0,0,0,0,0,0,0,0,0.000146505835815793,0,0,0,0,0,0,0,0,0,0,0,0,0,0,0,0,0,0,0,0,0,0,0,0,0,0,0,5.8173356602676e-05,0.000207339829981339,0,0,0,0,0,0,0,0,0,0,0,0,0,0,0,0,0,0,0,0,0,0,0,0,0,0,6.23208276205908e-05,0,0,0,0,0,0,0,0,0,0,0,0,0,0,0,0,0
0,0,0,0,0,0,0,3.64721243553552e-06,0,0,0,0,0,0,0,0,0,0,0,0,0,0,0,0,0,0,0,0,0,0,0,0,0,0,0,0,0,0,0,0,0,1.54807148994141e-05,0,0,0,0,0,0,0,0,0,0,0,0,0,0,0,0,0,0,0,0,0,0,0,0,0,0,0,0,0,0,0,0,0,0,0,0,0,0,0,0,0,0,0,0,0,0,0,0,0,0,0,0,0,0,0,0,3.17536929544906e-06,0,0,0,0,0,0,0,0,0.000769146247665092,0,0,0,0,0,0,5.54059594650001e-06,0,0,0,0,0,0,0,0,0,7.85916378497328e-05,0,0,0,0,0,0,0,0,0,0,0,0,0,0,0,0,0,0,0,0,0,0,0,0,0,0,0,0,0,0,0,0,0,0,0,0,0,0,0,0,0,0,0,0,0,0,0,0,0,0,0,0,0,0,0,0,0,0,0,0,0,0,0,0,0,0,0,0,0,0,0,0,0,0,0,0,0,0,0,0,0,0,0,0,0,0,0,0,0,0,0,0,0,0,0,0,0,0,0.0010439404004935,0,0,1.99642639674982e-05,0,0,0,0.000105070712589573,0,0,0,0,0,0,0,0,0,0,0,0,0,0,0,0,0,0,0,0,0,0,0,0,0,0,0,0,0,0,0,0,0,0,0,0,0,1.46914513627668e-06,0,0,0,0,0,0,9.35716290820623e-05,0,0,0,0,0,0,0,0,0,0,0,0,0,0,0,0,0,0,0,0,0,0,0,0,0,0,0,0,0,0,0,0,0,0,0,0,0,0,0,0,0,0,0,0,0,0,0,0,0,0,0,0,0,0,0,0,0,0,0,0,0,0,0,0,0,0,0,0,0,0,0,0,0,0,0,0,0,0,0,0,0,0,0,0,0,0,0,0,0,0,0,0,0,0,0,0,0,0,0,0,0.000154148979059454,0,0,0,0,0,0,0,0,0,0,0,0,0,0,0,0,0,0,0,0,0,0,0,0,0,0,0,0,0,0,0,0,0,0,0,0,0,0,0,0,0,0,0,0,0,0,0,0,0,3.5405624537514e-06,0,0,0,0,0,5.74914194056537e-06,0,0,0,0,0,0,0,0,0,0,0,0,0,0,0,0,0,0.989788199697428,0,0,0,0,0,0,0,0,0,0,0,0,0,0,0,0,0,0,0,0,0,0,0,0,0,0,0,0,5.3984020729864e-05,0,0,0,0,0,0,0,0,0,0,0,0,0,0,0,0,0,0,0,0,0,0,0,0,0,0,0,2.49154328682729e-06,0,0,0,0,0,0,0,0,0,0,0,0,0,0,0,0,0,0,0,0,0,0,0,0,0,0,0,0,0,0,0,0,0,0,0,0,0,0,0,5.68685880666955e-06,0,0,0,0,0,0,0,0,1.18133490844654e-05,0,0,0,0,0,0,0,0,0,0,0,0,0,0,0,0,0,0,0,0,0,0,0,0,0,0,1.4719346225518e-06,0,0,0,0,0,0,0,0,0,0,0,0,7.25067467527853e-07,0,0,0,0,0,0,0,0,0,0,0,0,0,0,0,0,0,0,0,0,0,0,0,0,0,0,0,0,0,0,0,0,0,0,0,0,0,0,0,0,0,0,0,0,0,0,0,0,6.70819357930043e-07,0,0,0
0,0,0,0,0,0,0,0,0,0,0,0,0,0,0,0,0,0,0,0,0,0,0,0,0,0,0,0,0,0,0,0.000163914272835307,7.44956643523347e-06,0,0,0,0,0,0,0,0,0,0,0,0.000100755667506297,0,0,0,5.51024906325766e-05,3.50680319820452e-05,0,0,0,0,0,0,0,0,0,0,0,0,0,0,0,0,0,0,0,0,0,0,0,7.42313345309322e-06,0,0,0,0,0,0,0,0,0,0,2.11799789894608e-05,0,0,0,4.83161810890467e-05,0,0,0,0,0,0,0,0,0,0,0,0,0,0,6.06207565470417e-05,0,0,2.49345468146116e-05,0,0,0,0,0,0,0,0,0,0,0,6.5335136583103e-06,0,0,0,0,0,0,0,0,0,0,0,0,0,0,0,0,0,0,0,0,0,0,0,0,0,0,0,0,0,0,0.0010487676979549,0,0,0,0,0.000729986211371563,0,0,0,0,0,0,0,0,0,0,0,0,0,0,0,0,0,0,0,0.000108260257659413,0,0,0,0,0,0,0,0,0,0.000103939299449122,0,0,0,0,0,0,5.07572988995818e-06,0,0,0,0,0,0,1.82575038340758e-05,0,0,0,0,0,0,0.000107486429838233,0,0,0,0,0,0,0,0,0,0,0,0.000112701453848755,0,0,0,0,0,0,0,0,0,0,0,0,0,0,0,0,0,0,0,0,0,0,0,0,1.74895499938787e-05,0,0,0,0,0,0,0,0,0,0,0,0,0,0,1.25585016870254e-05,0,0,0,0,0.000127382449882967,0,0,0,0,0,8.16191742375933e-08,0,0,5.68752994839988e-06,0,0,0,0,0,0,1.82775259540869e-05,6.20628448366816e-06,0,0,0,0,0,0,0,0,0,0,0,0,0,0,0,0,6.70106546940964e-05,0.000244259892525647,0.000142938822184105,0,0,0,0,0,0,0,0,0,0,0,0,0,0,0,0,0,0,0,0,0,0,0,0,0,0,0,0,0,0,0,0,0,9.68879587644847e-06,3.62884203650615e-05,0,0,0.00114474349759071,0,0,0,0,0,0,0,2.04561726500972e-05,0,0,5.16862643752423e-06,0,0,0,0,0,0,0,0,0,0,0,0,0,0,0,0,0,0,0,0,0,0,0.00030543677458766,0,0,0,0,0,0,0,0,0,0,0,8.87390185464549e-05,5.67150635208711e-05,0,0,0,0,0,0,0,0,0,0,1.2202488087321e-05,0,0,0,0,0,0,0,0,0,0,0,0,0,0.000306873977086743,0,0,0,0,0,0,0,0,0.000359421331656034,0,0,0,2.43593491181916e-05,0,0,0,0,0,0,0,0,0,7.33352889410384e-05,0,0,0.000108225108225108,0,0,0,0,0,0,0,0,0,0,0,1.66575050388953e-05,0,0,0.00472575147195538,0,0.97331561756076,0,0,0,0,0,0,0,0,0,0,0,0,0,0,0,0,0,0,0,0,0,0,0,0,0,0,0,0,0,0,0,0,0.000471223252725598,0,0,0,0,0.0206695306800681,0,0,0,0,0,0,0,4.41233246925156e-05,0,0,0,0,0,0,0,0,0,1.66102885788486e-06,0,0,0,0,0,0,0,0,0,4.1262636682484e-05,0,0,0,0,0,0,2.38685131348428e-06,0,0,0,0,2.3191094619666e-05,0.000621600621600622,0,0.000842028189639392,0,0,0,0,0,0,0,0,0,0,0,0,0,0,0,0,0,0,0,0,0,0,0.0001900779319521,0,0,0,0,0,0,0,0.000323991576219018,0,0,0,0,0,0,0,0,0,0,0,0.000854617375592128,0,0,0,0,0,0,0,5.88773849020722e-06,0,0,0,0,0,0,0,0,0,0,0,0,0,0,1.09870791948668e-05,0,0,0,0,5.8173356602676e-05,0,0,0,0,0,0,0,0,0,0,0,0,0,0,0,0,0,0,0,0,0,0,0,0,0,0,0,0,0,0,0,0,0,0,0,0,0,0,0,0,0,0,0,0,0
0,0,0,8.66359686551065e-06,0,0,0,0,0,0,0,0,0,0,0,0,0,0,0,0,0,0,0,0,0,0,0,0,0,0,0,0,0,0,0,0,0,0,0,0,0,0,0,0,0,0,0,0,0,0,0,0,0,0,0,0,0,0,0,0,0,0,0,0,0,0,0,0,0,0,0,0,0,4.20644229008616e-05,0,0,0,0,0,0,0,0,0,0,0,0,0,0,0,0,0,0,0,3.076232107865e-06,0,0,0,0,0,0,0,0,0,0,0,0,0,0,0,0,0,0,0,0,0,0,0,0,0,0,0,0,0,0,0,0,0,0,0,0,0,0,0,0,0,0,0,0,0,0,0,0,0,0,0,0,0,0,0,0,0,0,0,0,0,0,0,0,0,0,0,0,0,0,0,0,0,0,0,0,0,0,0,0,0,0,0,0,0,0,0,0,0,0,0,0,0,0,0,0,0,0,0,0,0,0,0,0,0,0,0,0,0,0,0,0,0,0,0,0,0,0,0,0,0,0,0,0,0,0,0,0,0,0,0,0,0,0,0,0,0,0,0,0,0,0,0,0,0,0,0,0,0,0,0,0,0,0,0,0,0,0,0,0,0,0,0,4.18616722900846e-06,0,0,0,0,0,0,0,0,0,0,0,0,0,0,0,0,0,0,0,0,0,0,0,0,0,0,0,0,0,0,0,0,0,0,0,0,0,0,0,0,0,0,0,0,0,0,0,0,0,0,0,0,0,0,0,0,0,0,0,0,0,0,0,0,0,0,0.000558784085829236,0,2.8048130592096e-05,0,0,0,0,0,0,0,0,0,0,0,0,0,0,0,0,0,0,0,0,0,0,0,0,0,0,0,0,0,0,0,0,0,0,0,0,0,0,0,0,0,0,0,0,0,0,0,0,0,0,0,0,0,0,0,0.000218434507191274,0,0,0,0,0,0,0,0,0,0,0,0,0,0,0,0,0,0,0,0,0,0,0,0,0,1.46130465279401e-05,1.66184730946921e-05,0,1.19198603945951e-06,0,0,0,0,0,0,0,0,0,0,0,0,0,0,3.5405624537514e-06,0,0,0,0,0,5.74914194056537e-06,0,0,0,0,0,0,0,0,0,0,0,0,0,0,0,0.000852514919011083,0,0,0,0.982153480071386,0,0,0,0,0,0,0,0,0,0,0,0,0,0,0,0,0,0,0,0,0,0,0,0,0,0,0,0,0,0,0,0,0,0,0,0,0,0,0,0,0,0,0,0,0,0,0,0,0,0,0,0,0,0,0,0,0,0,0,0,0,0,0,0,0,9.99000999000999e-05,0,0,0,0,0,0,0,0,0,0,0,0.000466200466200466,0,0,0,0,0,0,0,0,0,0,0,0,0,0,0,0,0,0,0,0,0,0,0,0,0,0,0,0,0,0,0,0,0.0017819536692046,0,0,0,0,0,0,0,0,0,0,0,2.44176393026322e-05,0,0,0,0,0,0,0,2.94386924510361e-06,0,0,0,0,0,0,0,0,0,0,0,0,0,0,0,0,0,0,0,0,0,0,0,0,0,0,0,0,0,0,0,0,0,0,0,0,0,0,0,0,0,0,0,0,0,0,0,0,0,0,0,0,0,0,0,0,0,0,0,0,0,0,0,0,0
0,0,0,0,0,0,0,0,0,0,0,0,0,0,0,0,0,0,0,0,0,0,0,0,0,0,0,0,0,0,0,0,0,0,0,0,0,0,0,0,0,0,0,0,0,0,0,0,0,0,0,0,0,0,0,0,0,0,0,0,0,0,0,0,0,0,0,0,0,0,0,0,0,0,0,0,0,0,0,0,0,0,0,0,0,0,0,0,0,0,0,0,0,0,0,0,0,0,0,0,0,0,0,0,0,0,0,0,0,0,0,0,0,0,0,0,0,0,0,0,0,0,0,0,0,0,0,0,0,0,0,0,0,0,0,0,0,0,0,0,0,0,0,0,0,0,0,0,0,0,0,0,0,0,0,0,0,0,0,0.000167751459437697,0,0,0,0,0,0,0,0,0,0,0,0,0,0,0,0,0,0,0,0,0,0,0,0,0,0,0,0,0,0.00148148148148148,0,0,0,0,0,0,0,0,0,0,0,0,0,0,0,0,0,0,0,0,0,0,0,0,0,0,0,0,0,0,0,0,0,0,0,0,0,0,0,0,0,0,0,0,0,0,0,0,0.000188786105342647,0,0,0,0,0,0,0,0,0,0,0,0,0,0,0,0,0,0,0,0,0,0,0,2.65380103922849e-06,0,0,0,0,0,0,0,0,0,0,0,0,0,0,0,0,0,0,0,0,0,0,0,0,0,0,0,0,0,0,0,0,0,0,0,0,0,0,0,7.21552781585973e-05,0,0,0,0,0,0,0,0,0,0,0,0,0,0,0,0,0,0,0,0,0,0,0,0,0,0,0,0,0,0,0,0,0,6.6554854511088e-06,0,0,0,0,0,0,0,0,0,0,0,0,0,0,0,0,0,0,0,0,0,0,0,0,0,0,0,0,0,0,0,0,0,0,0,0,0,0,0,0,0,0,0,0,0,0,0,0,0,0,0,0,0,0,5.00375281461096e-05,0,0,0,0,0,0,0,0,0,0,0,0,0,0,0,0,0,0,0,0,0,0,0,0,0,0,0,0,0,0,0,0,0,0,0,0,0,0,0,0,0,0,0,0,0,0,0,0,0,0,0,0,0,0,0,0,0,0,0,0,0,0.967548076923077,0,0,0,0,0,0,0,0,0,0,0,0,0,0,0,0,0,0,0,0,0,0,0,0,0,0,0,0,0.00107642626480086,0,0,0,0,0,0,0,0,0,0,0,0,0,0,3.30924935193867e-05,0,0,0,0,0,0,0,0,0,0,0,0,0,0,0,0,0,0,0,0,0,0,0,0,0,0,0,0,0,0,0,0,0,0,0,0,0,0,0,0,0,0,0,0,0,0,0,0,0,0,0.00314848669510461,0,0,0,0,0,0,0,0,0,0,0,0,0,0,0,0,0,0,0,0,0,0,0,0,0,0,0,0,0,0,0,0,0,0,0,0,0,0,0,0,0,0,0,0,0,0,0,0,0.00020708221163802,0,0,0,0,0,0,0,0,0,0,0,0,0,0,0,0,0,0,0,0,0,0,0,0,0,0,0,0,0,0,0,0,0,0,0,0,0,0,0,0,0,0,0,0,0,0,0,0,0,9.02527075812274e-08,0
0,0,0,0,0.000130565347956652,0,0,0,0,0,0,0,0,0,0,0.000151662217908275,0,0,0,0,0,0,0,0,0,0,0,0,0,0,0,0,0,0,0,0,0.00210212840501007,0,0,0,0,0,0,0,0,0,0,0,0,0,0,0,0,0,0.00017860332202179,0,0.00140784058912714,0,0.000464828013634955,0,0,0,0,0,0,0,0.000628715134887974,0,0,0,0,0,0,0,1.30206637934402e-05,0,0,0,0,0,0,5.76003686423593e-05,0,0,2.96519705852452e-05,0,0,0,0,0,0,2.95653887848625e-05,0,0,0,0,0,0,0,7.38540316095255e-05,0,0,0,6.06207565470417e-05,0,0,7.48036404438349e-05,0,0,0.000158422115727356,0,0,0,2.4515812699191e-05,0,0,0.00206513105639396,0,6.5335136583103e-06,0,0.000177935943060498,0,0,0,0,0,0,0,0,0,0,0,0,0,0.000414169783725716,0,0,0,0,0,0,0,0,0,0.000172920629431091,0,8.05996614814218e-05,0,0,0,0,0,0,0,0,0,0,0,0,0,0,0,0,0,0,0,9.8755678451511e-05,0,0,0,0,0,0,0,0,0,0,0,0,0,0,0,0,0,0,0,0,0,0,0,0,0,0,0,0,3.85445575084798e-05,0,0,0.00034689257284744,0,0.00010972130787799,0.0045770202020202,0,0,0,0,0,0,0,0,0,0,0,0,0,0,0,0,0,0,0,0,0,0,0,0,0,0,0.00168685012210781,0,0,0,0,0,0,0,0,0,0,0,0,0,8.74477499693933e-05,0,0,0,0,0,0,0.000376746547855002,0,0,0,0,0,0,0,0,0,0,0,0,0,0,0,0,0,0,4.08095871187966e-07,0,0,8.53129492259983e-05,0,8.49408387058414e-06,0,0,0,0,0,0,0,0,0,0,0,0,0,0,0,0,0,0,0,0,0,0,0,0,0,0,0,0,0,0,0,0,0,0,0,0,0,0,0,1.20235661897319e-05,0,0,0,0.0016008537886873,0,3.90734385277128e-05,0,0,0,0,0,0,0,0,0,0,0,0,4.84439793822424e-06,3.62884203650615e-05,0,0.000101337657073368,0,0,0,0,0,0,0,0,0,0,0,1.03372528750485e-05,0,0,0,0,0,0,0.000127170846083535,0,0,0.000103434009102193,0,0,0,0,0,0,0,0,0,0,0,0,0,0,0,0,0,0,0,2.25326723749437e-05,0,0,0,0,0,0,0,0,0,0,0,0,0,0,6.69030574697264e-05,0,0,0,0,0,0,0,0,0,0,0,0,0,0,2.03636956034781e-05,0,0,0,0,0,0,0,0,0,0,0,0,0,2.43593491181916e-05,0,0,0,0,0,0,0,0,0,0,5.74914194056537e-06,0,0,0,0,0,0,0,0,0,0,0,0.000474293302978562,0,0,0.000130531262237306,0,0,0,0,0,0,0.991212449674822,0,0,0,0,0,0,0,0,0,0,0,0,0,0,0,0,0,0,0,0,0,0,0,0,0,0,0,0,0,0,0,0,0,0,0,2.27128191151086e-05,0,0,0,0,1.63259975184484e-05,0,0,0.000300120048019208,6.00468365324953e-05,3.12052399838981e-06,0,0,0,0,0,0,8.30514428942431e-07,0,0,0,0,0,0,0.000123578843302027,0,0,0,0,0,0,0,0,0,4.77370262696856e-06,0,0,0,0,2.3191094619666e-05,0.000155400155400155,0,0,0,0,0,0,0,0,0,0,0,0.00129888872853226,0,0,0.000681044267877412,0,0,0,0,0,0,0,0,0,0,0,0,0,0,0,0,0,0,0,0,0,0,0,0,0,0,8.7123192193762e-05,0,2.83350334353395e-05,0,0,0.00269869827494973,0,0,0.0064034151547492,0,0,0,0,0,0,0,0,8.93814801573114e-05,0,3.04766548823601e-05,0,0,0,0,0,0,0,0,0,0,7.5648687495272e-05,0,0,0.00485088034495149,0,0,0,0,0,0,0,3.19959045242209e-05,0,0,0,0,0,0,1.98426084299338e-05,0,0,0,0,0,0,0,5.5972237770066e-05,5.71363272768826e-05,6.45994832041344e-05,0,0,0,0,0,0,0,0,0,0,0,0,0,0,1.91662673694298e-07,0,0,0
0,0,0,0,0,0,0,0,0,0,0,0,0,0,0,0,0,0,0,0,0,0,0,0,0,0,0,0,0,0,0,0,0,0,0,0,0,0,0,0,0,0,0,0,0,0,0,0,0,0,0,0,0,0,0,0,0,0,0,0,0,0,0,0,0,0,0,0,0,0,0,0,0,0,0,0,0,0,0,0,0,0,0,0,0,0,0,0,0,0,0,0,0,0,0,0,0,0,3.17536929544906e-06,0,0,0,0,0,0,0,0,0,0,0,0,0,0,0,0,0,0,0,0,0,0,0,0,0,0,0,0,0,0,0,0,0.000115861429730043,0,0,0,0,0,0,4.07697325505545e-05,0,0,0,0,0,0,0,0,0,0,0,0,0,0,0,0,0,0,0,0,0,0,0,0,0,0,0,0,0,0,0,0,0,0,0,0,0,0,0,0,0,0,0,0,0,0,0,0,0,0,0,0,0,0,0,0,0,0,0,1.82575038340758e-05,0,0,0,0,0,0,0,0,0,0,0,0,0,0,0,0,0,0,0,0,0,0,0,0,0,0,0,0,0,0,0,0,0,0,0,0,0,0,0,0,0,0,0,0,0,0,0,0,0,0,0,0,0,0,0,0,0,0,0,0,0,0,0,0,0,0,0,0,0,8.16191742375933e-08,0,0,7.10941243549986e-06,0,0.000379402412886092,0,0,0,0,0,0,0,0,0,0,0,0,0,0,0,0,0,0,0,0,0,0,0,0,0,0,0,0,0,0,0,0,0,0,0,0,0,0,0,0,0,0,0,0,0,0,0,0,0,0,0,0,0,0,0,0,0,0,0,0,0,0,0,0,0,0,0,0,0,0,0,0,0,0,0,0,0,6.81663258350375e-05,0,0,0,0,0,0,0,0,0,0,0,0,0,0,0,0,0,0,0,0,0,0,0,0,0,0,0,0,0,8.41042893187553e-05,0,0,0,0,0,0,0,0,0,0,0,0,0,0,0,0,0,0,0,0,0,0,0,0,0,0,0,0,0,0,0,0,0,0,0,0,0,0,0,0,0,0,0,8.01956774529853e-05,0,0,0,0,0,0,0,0,0,0,0,0,0,0,0,0,0,0,0,0,0,0,0,0,0,0,0,0,1.2903891813771e-05,0.974713551955749,0,0,0,0,0,0,0,0,0,0,0,0,0,0,0,0,0,0,0,0.000128982329420869,0,0,0,0,0,0,0,0,0,0,0,0,0,0,0,0,0,0,0,0,0,0,0,0,0,0,0,0,0,0,0,8.30514428942431e-07,0,0,0,0,0,0,6.17894216510133e-05,0,0,0,0,0,0,0,0,0,0,0,0,0,0,0,0,0,0,0,0,0,0,0,0,0,0,0,0,0,0,0,0,0,0,0,0,0,0,0,0,0,0,0,0,0,0,0,0,0,0,0,0,0,0,0,0,0,0,0,0,0,0,0,0,0,0,0,0,0,0,0,0,0,0,0,0,0,0,0,0,0,0,0,0,0,0,0,0,0,0,0,0,0,0,0,0,0,0,0.000175977474883215,0,0,0.000112007168458781,0,0,0,0,0,0,0,0,0,0,0,0,0,0,0,0,0,0,0,0,0,0,0,0,0,0,0,0,9.5831336847149e-08,0,0,0
0,0,0,0,0.000261130695913305,2.76571618220538e-05,1.43180731309903e-06,1.09416373066066e-05,0,0,0,0,0,0,0,0,0,0,0,8.42722668397057e-06,0,0,0,0,0,0,0,0,0,0,0,0,0,0,0,0,0,0,0,0,0,0,0,0,0,0,0,0,0,0,0,0,0,0,0,0,0,0,0,0,0,0,0,0,0,0,0,0,0,0,0,0,0,0,0,0,0,0,0,0,0,0,0,0,0,0,0,0,0,0,0,0,0,0,0,0,0,0,0,0,0,0.000424559111691705,0,0,0,7.17118331695913e-06,0,0,0,0,0,0,0,0,0,0,0,0,0,0,0,0,0,0,0,0,0,0,0,0,0,0,0,0,0,0,0,0,0,0,0,0,0,0,0,0,0,0,0,0,0,0,0,0,0,0,0,0,0,0,0,0,0,0,0,0,0,0,0,0,0,0,0,0,0,0,0,0,0,0,0,0,0,0,0,0,0,0,0,0,0,0,0,0,0,0,0,0,1.82575038340758e-05,0,0,0,0,0,8.41396718552798e-06,0,0,0,0,3.27884977949735e-05,0,0,0,0,0,0,0,0,0,0,0,0,0,0,0,0,9.98213198374909e-06,0,0,0,0,0,0,0,0,0,0,0,0,0,0,0,0,0,0,0,0,0,0,0,0,0,0,0,0,0,0,0,0,0,0,0,0,0,0,0,0,0,1.2242876135639e-06,0,2.20157632865131e-05,0,0,0,0,0,3.32845160431367e-05,0,0,0,0,0,0,0,3.80249824134456e-05,0,0,0,0,0,0,0,0,0,0,0,0,0,0,0,0,0,0,0,0,0,0,0,0,0,0,0,0,0,0,0,0,0,0,0,0,0,0,0,0,5.62682871933378e-05,0,0,0,0,0,0,0,0,0,0,0,0,0,0,0,0,1.60507202760724e-05,0,0,0,0,0,0,0,0,0,0,0,0,0.00515376458112407,0,0,0,0,0,0,0,0,0,0,0,0,0,0,0,0,0,0,0.00012809017548354,0,0,0,0,0,0,0,0,0,0,0,0,0,0,0,0,0,0,0,6.1012440436605e-06,0,0,0,0,0,0,0,0,6.85283536063046e-05,0,0,0,0,0,0,0,0,0,0,0,0,0,0,0,0,0,0,0,0,0,0,0,0,0,0,0,0,4.5993135524523e-05,0,0,0,0,0,0,0,0,0,0,0,0,0,0,0,0,0,0,0,0,0,0,0,0.963710543268198,0,0,0,0,0,0,0,7.60668373944573e-05,0,0,0,0,0,0,0,0,0,0,0,0.000117144028583143,0,0,0,0,0,0,0,0,0,0,0,0,0,0,0,0,0,0,0,0,0,0,0,3.12052399838981e-06,0,0,0,0,0,0,2.49154328682729e-06,0,0,0,0,0,0,0,0,0,0,0,0,0,0,0,0,0,0.000357717760686818,0,0,0,0,0.000155400155400155,0,0,0,0,0,0,0,0,0,0,0,0,0,0,0,0,0,0,0,0,0,0,0,0,0,0,0,0,0,0,0,0,0,0,0,0,0,0,0,0,0,0,0,0,2.44176393026322e-05,0,0,0,0,0,0,0,0.000366511721015399,0,0,0,0.00016597510373444,0,0,0,0,0,0,0,8.21247310415058e-06,1.45013493505571e-06,0,0.00113166915707128,0,0,0,0,0,0,0,0,0,0,0,0,0,0,0,0,0,0,0,0,0,0,0,0,0,0,0,0,0,5.5972237770066e-05,0,0,0,0,0,0,0,0,0,0,0,0,5.64993031752608e-05,0,0,0,0,0,9.02527075812274e-08,0
0.000493096646942801,0,0,0,0,0,0,0,0,0.00035778175313059,0,0,0,0,0,0,0,0,0,0,0,0,0,0,0,0,0,0,0,0,0,0,0,0,0,0,0,0,0,0,0,0,0,0,0,0,0,0,0,0,0,0,0,0,0,0,0,0,0,0,0,0,0,0,0,0.000627647889533971,0,0,0,0,0,0,0,0,0,0.00110238037250202,0,0,0,0,0,0,0,0,0,0,0,0,0,0,0,0,0,0,0,0,0,0,0,0,0,0,0,0,0,0,0,0,0,0,0,0,0,0,0,0,0,0,0,0,0,0,0,0,0,0,0,0,8.5397096498719e-05,0,0,0,0,0.000418760469011725,0,0,0,0,0,0,0,0,0,0,0,0,0,0,0,5.82648721086057e-05,0,0,0,0,0,0,1.52615835419083e-05,0,0.000219796322074877,0,0,0,0,0,0,0,0,0,0,0,0,0,0,0,0,0,0,0,0,0,0,0,0,0,0.000103939299449122,0,0,0,0,0,0,5.07572988995818e-06,0,0,0,0,0,0,0,0,0,0,0,0,0,0,0,0,0,0,0,0,0,0,0,0,0,0,0,0,0,0,0,0,0,0,0,0,0,0,0,0,0,0,1.61762564907229e-05,0,0,0,0,0,0,0,0,0,0,0,0,0,0,0,0,0,0,0,0,0,0,1.67446689160339e-05,0,0,0,0,3.44994135099703e-05,0,0,0,0,0,8.16191742375933e-08,0,0,0,9.57982871266262e-06,0,0,0,0,0,0,0,0,0,0,0,0,0,0,0,0,0,0,0,0,0,0,0,0,0.000488519785051295,0,0,0,0,0,0,0,0,0,0,0,0,0,0,1.74956698217191e-05,0,0,0,0,0,0,2.17074658487294e-06,0,0,0,0,0,0,0,0,0,0,0,0,0,0,0,0,0,0,0,0,0,0,0,0,0,0,0,0,0,0,0,0,0,0,0,0,0,0,0,0,0,0,0,0,0,0,0,0,0,0,0,0,0,0,0,0,0,0,0,0.00146370023419204,0,0,6.8260783497273e-06,0,6.23596906959342e-05,0,0,0,0.001040763226366,0,0,0,0,0,0,0,0,0,0,0,0,0,0,0,0,0,0,0,0,0,0,0,0,0.000175870559268378,0,0,0,0,0,0,0,0.000267952840300107,0,4.65116279069767e-05,0,0,0,0.000120569086086327,0,0,0,0,5.74914194056537e-06,0,0,0,0,0,0,0,0,0,0,0,0,0,1.66575050388953e-05,0,0,0,0,0,0,0,0,0,0,0.986885799515957,0,0,0,0,0,8.76501007976159e-05,0,0,0,0,0,0,0,9.89315393747527e-05,0.000207684319833853,0,0,0,0,0,0,0,0,0,0,0,0,0,0,0,0,0,0,0,0,0,0,0,0,0,0.00810324129651861,0,0,0,0,0,0,0,0,0,0,0,0,0,0,0,0,0,0,0,0,0,0,0.000165070980521624,0,0,0,0,0,0,0,0,0.000155400155400155,0,0,0,0,0,0,0,0,0,0,0,0,0,0,0,0,0,0,0,0,0,0,0,0,0,0,0,0,0,0,0,0,0,0,0,0,0,0,0,0,0,0,0,0,2.44176393026322e-05,0,0,0,0,0,0,0,1.4719346225518e-06,0,0,0,0,0,0,0,0,0,0,0,0,0,0,0,0,0,0,0,0,0,0,0,0,0,0,0,0,0,0,0,0,0,0,4.50551926109484e-05,0,0,0,0,0,0,0,0,0,0,0,0,0.000124641655241182,0,0,1.57711293705742e-05,0,0,0,0,0,0,0,0,0,0,0,0,0,0
0,0,0,0,0,0.00373371684597727,2.86361462619806e-06,3.64721243553552e-06,0,0,0,0,0,0,0,0,0,0,0,0,2.11455831105999e-06,0,0,0,0,0,0,0,1.1132882080513e-05,6.7118598563662e-05,0,0,0,0,0,0,0,0,0,0,0,0,0,0,0,0,0,0,0,0,0,0,0,0,0,0,0,0,0,0,5.69174639854747e-06,0,0,0,0,0,0,0,0,0,0,0,0,2.47437781769774e-06,0,0,0,0,0,0,0,0,0,0,0,0,1.58105266486427e-05,0,0,0,0,0,0,3.076232107865e-06,0,0,0.000146445046496302,0,0.00010161181745437,0,0,8.16459830176355e-06,0,0,0,0,0,0,0,0,0,8.51188015272745e-05,0,0,3.601387365225e-05,0,0,0,3.26675682915515e-06,0,0,0,0,0,0,3.35979733702463e-06,0,0,0,6.60800229077413e-05,0,0,0,0,0,0,0,0,0,0,0,0,0,0,0,0,0,0,0,0,6.69792364367046e-05,0,0,9.13659205116492e-05,0,0,0,0,0,0,0,0,0,0,0,0,0,0,0,0,0,0,0,0.000137912012136257,0,0,0,0,0,0,0,0,0,0,0,0,0,0,0,0,0,0,7.30657664964234e-06,0,0,0,0,0,0,0,0,0,0,0,8.41396718552798e-06,0,0,0,0,3.27884977949735e-05,0,3.42374883378555e-05,0,0,0,0,0,0,0,0,0,0,0,0,0,3.55101026241966e-05,0,0,0,0,7.00471417263819e-06,0,0,0.000413223140495868,0,0,0,0,0,0,0,0,0,0,0,0,0,0,0,0,0,0,0,0,0,0,0,0,0,0,0,0,0,0,0.000819672131147541,0,0,0,3.99933953764207e-06,0,0,0,0,0,0,0,0,0,0,6.20628448366816e-06,0,0,0,4.64101731099457e-05,0,0.000648614919785218,0,0,0,0,0,0,0,0,0,0.000214190697359818,0,0,0,6.36051392952551e-05,0,0,0,0,0,0,0,0,0,0,0,0,0,1.20235661897319e-05,0,0,0,0,0,0,0,0.00014682131845544,0,0,0,0,0,0,0,0,0,0,0,0,0,0,0,0,0,0,0,1.39125982751161e-06,0,0,0,0,0,5.16862643752423e-06,0,0,0,0,0,0,0,0,0,0,0,0,0,0,0,0,0,0,0,0,0,0.000389256520046711,0.00015271838729383,0,0,0,0,0,0,0,0,0,0,0,0,0,0,0,0,0,0,0,0,0,0,0,6.1012440436605e-06,0,0,0,0,0,0,0.000689851073327111,0,0,0,0,0,0,0,0,0,2.38397207891901e-06,0,0,0,0,0,0,0,0,0,0,0,0,0.000843591084073951,0,3.5405624537514e-06,0,0,0,0,0,0,0,0,0,0,0,0,0,0,0,0,0,0,0,0,0,0,0,0,0,0,0,0,0,0,0,0.936799850634802,0,0,0,0,0,0,5.05586733404116e-05,0,0,0,0,0,0,0,0,0,0,0,0,3.48517059910083e-05,0,0,0,0,0,0,0,0.000210039907582441,0,0,0,0,0,0,0,0,0,0,0,0,0,0,0,0,0,0,0,0,0,0,0,0,0,0,4.23863515947865e-05,0,0,4.48589410598373e-06,0,0,0,0,0,0,0,9.54740525393711e-06,4.47147200858523e-05,0,0,0,0,0,0,0,0,8.0901567063354e-06,0,0,0,0,0,0,0,0,0,0,0,0,0,0,0,0,0,0,0,0,0,0,0,0,4.61562249746718e-06,0,0,0,0,0,0,0,0,0,0,0,0,0,0,0,0,0,0,2.35913599003501e-06,0,0,0,0,1.4719346225518e-06,0,0,0,0,0,0,0,0,0,0,0,0,7.97574214280639e-06,0,0,0,0,0,0,0,0,0,0,0,0,0,0,0,5.48787180331467e-05,0,0,0,0,0,0,0,3.96852168598675e-06,0,0,5.75948395023806e-05,0,0,0,0,5.5972237770066e-05,0,0,0,0,0,0,0,0,0,0,0,0,0,8.22828555442188e-06,0,0,9.5831336847149e-08,6.68286755771567e-07,0,0
0,6.5837118967674e-05,0,0,0,0,0,0,0,0,0,0,0,0,0,0,0,0,0,0,0,0,0,0,0,0,0,0,0,0,0,0,0,0,0,0,0,0,0,0,0,0,0,0,0,0,0,0,0,0,0,0,0,0,0,0,0,0.000379722802354281,0,0,0,0,0,0,0,0,0,0,0,0,0,0.00512382578992314,0,0,0,0,0,0,0,0,0,0,0,0,0,0,0,0,0,0,0,0,0,0,0,0,0,0,0,0,0,0,0,0,0,0,0,0,0,0,0,0,0,0,0,0,0,0,0,0,0,0,0,0,0,0,0,0,0,0,0,0,0,0,0,0,0,0,0,0,0,0,0,0,0,0,0,0,0,0,0,0,0,0,0,0,0,0,0,0,0,0,0,0,0,0,0,0,0,3.98612827360784e-05,0,0,0,0,0,0,0,6.34605011264239e-05,0,0,0,0,0,0,0,0,0,0,0,0,0,1.52271896698745e-05,0,0,0,0,0,0,0,0,0,0,0.000442673749446658,0.0015785319652723,0,0,0,0,0,0,0,0,0,0,0,0,0,0,0.000120148984741079,0,0,0,0,0,0,0,0,0,0,0,0,0,0,0,0,0,0,0,0,0,0,0,0,0,0,0,0,0,0,0,0,0,0,0,0,0,0,0,0,0,0,0,0,0,0,0,0,0,0,0,0,0,0,0,0,0,0,0,0,0,0,0,0,0,0,0,0,0,0,0,0,0,0,0,0,0,0,0,0,0,0,0,0,0,0,0,0,0,0,0,0,0,8.74783491085956e-05,0,0,0,0,0,0,1.08537329243647e-05,0,0,0,0,0,0,0,0,0,0,0,0,0,0,0,0,0,0,0,0,0,0,0,0,0,0,0,0,0,0,0,0,0,0,0,0,0,0,0,0,0,0,3.34313987697245e-05,0,0,0,0,0,0,0,0,0,0,0,0,0,0,0,0,0,0,0,0,0,0,0,0,0,0,2.26244343891403e-05,0,0,0,0,0,0,0,0,0.000492610837438424,0,0,0,0,0,3.09386795371574e-05,0,0,0,0,0,0,0,0,0,0,0,0.00145590682196339,0,0,0,0,0,0,0,0,0,0,0,0,0,0,0,0,0,0,0,0,0,0,0,0,0,0,0,0,0,0,0,0,0,0,0,0,0,0,0,0,0,0,0.966403839561193,0,0,0,0,0,0,0,0,0,0,0.00192369349150369,0,0,0,0,0,0,0.000542299349240781,0,0,0,0,0,0,0,0,0,0,0,0,0,0,0,0,0,0,0,0,0,0,0,5.83294447036864e-05,0,0,0,0,0,0,0,0,0,0,0,0,0,0,0,0,0,0,0,0,0,0,0,0,0,0,1.44684298859888e-05,0,0,0,0,0,0,0,0,0,0,0,0,0,0,0.000222915737851092,0,0,0,0,0,0,0,0,0,0,0,0,0,0,0.000243842965130456,0,0,0,0,0,0,0,0,0,0,0,0,0,0.00235232618923157,0,0,0,0,0,0,0,0,0,0,0,0,0,0,0,0,0,0,0,0.000276014352746343,0,0,0,0,0,0,0,7.5041272699985e-05,0,0,0,0,0,0,0,0,0,0,0,0,0,0,0,0,0,0,0,0,0,0,0,0,0,0,0,0,0,0,0,0,0,0,0,0,0,0,0,0,0,0,0,0,0,0,0,7.63358778625954e-07
0,0,0,0,0,0,0,0,0,0,0,0,0,0,0,0,0,0,0,0,0,0,0,0,0,0,0,0,0,0,0,0,0,0,0,0,0,0,0,0,0,0,0,0,0,0,0,0,0,0,0,0,0,0,0,0,0,0,0,0,0,0,0,0,0,0,0,0,0,0,0,0,0,0,0,0,0,0,0,0,0,0,0,0,0,0,0,0,0,0,0,0,0,0,0,0,0,0,0,0,0,0,0,0,0,0,0,0,0,0,0,0,0,0,0,0,0,0,0,0,0,0,0,0,0,0,0,0,0,0,0,0,0,0,0,0,0,0,0,0,0,0,0,0,0,0,0,0,0,0,0,0,0,0,0,0,0,0,0,0,0,0,0,0,0,0,0,0,0,0,0,0,0,0,0,0,0,0,0,0,0,0,0,0,0,0,0,0,0,0,0,0,0,0,0,0,0,0,0,0,0,0,0,0,0,0,0,0,0,0,0,0,0,0,0,0,0,0,0,0,0,0,0,0,0,0,0,0,0,0,0,0,0,0,0,0,0,0,0,0,0,0,0,0,0,0,0,0,0,0,0,0,0,0,0,0,0,0,0,0,0,0,0,0,0,0,0,0,0,0,0,0,0,0,0,0,0,0,0,0,0,0,0,0,0,0,0,0,0,0,0,0,0,0,0,0,0,0,0,0,0,0,0,0,0,0,4.32002764817695e-05,0,0,0,0,0,0,0,0,0,0,0,0,0,0.000328980666059318,0,0,0,0,0,0,0,0,0,0,0,0,0,0,0,0,0,0,0,0,0,0,0,0,0,0,0,0,0,0,0,0,0,0,0,0,0,0,0,0,0,0,8.34724540901503e-05,0,0,0,0,0,0,0,0,0,0,0,0,0,0,0,0,0,0,0,0,0,0,0,0,0,0,0,0,0,0,0,0,0,0.000270855904658722,0,0,0,0,0,0,0,0,0,0,0,0,0,0,0,0,0,0,0,0,0,0,0,0,0,0,0,0,0,0,0,0,0,0,0,0,0,0,0,0,0,0,0,0,0,0,0,0,0,0,0,0,0,0,0,0,0,0,0,0,0,0,0.992653340167435,0,0,0,0,0,0,0,0,0,0,0,0,0,0,0,0,0,0,0,0,0,0,0,0,0,0,0,0,0,0,0,0,0,0,0,0,0,0,0,0,0,0,0,0,0,0,0,0,0,0,0.000657210142943206,0,0,0,0,0,0,0,0,0,0,0,0,0,0,0,0,0,0,0,0,0,0,0,0,0,0,0,0,0,0,0,0,0,0,0,0,0,0,0,0,0,0,0,0,0,0,0,0,0,0,0,0,0,0,0,0,0,0,0,0,0,0,0,0,0,0,0,0,0,0,0,0,0,0,0,0,0,0,0,0,0,0,0,0,0,0,0,0,0,0,0,0,0,0,0,0,0,0,9.57946163425616e-05,0,0,0,0,0,0,0,0,0,0,0.000170241743275451,0.000449438202247191,0,0,0,0,0,0,0,0,0,0,0,0,0,0,0,0,0,0,0,0,0,0,0,0,0,0
0,0,0.000601162247010888,0,0,0,0,0,0,0,0,0,0,0,0,0,0,0,0,0,0,0,0,0,0,0,0,0,0,0,0,0,0,0,0,0,0,0,0,0,0,0,0,0,0,0,0,0,0,0,0.000440431622990531,0,0,0,0,0,0,0,0,0,0,0,0,0,0,0,0,0,0,0,0,0,0,0,0,0,0,0,0,0,0,0,0,0,0,0,0,0,0,0,0,0,0,0,0,0,0,0,0,0,0,0,0,0,0,0,0,0,0,0,0,0,0,0,0,0,0,0,0,0,0,0,0,0,0,0,0,0,0,0,0,0,0,0,0,0,0,0,0,0,0,0,0,0,0,0,0,0,0,0,0,0,0,0,0,0,0,0,0,6.71005837750788e-05,0,0,0,0,0,0,0,0,0,0,0,0,0,0,0,0,0,0,0,0,0,0,0,0,0,0,0,0,0,0,0,0,0,0,0,0,0,0,0,0,0,0,0,0,0,0,0,0,0,0,0,0,0,0,0,0,0,0,0,0,0,0,0,0,0,0,0,0,0,0,0,0,0,0,0,0,0,0,6.29287017808823e-05,0,0,0,0,0,0,0,0,0,0,0,0,0,0,0,0,0,0,0,0,0,0,0,0,0,0,0,0,0,0,0,0,0,9.57982871266262e-06,0,0,0,0,0,0,0,3.03591487294696e-05,0,0,0,0,0,0,0,0,0,0,0,0,0,0,0,0,0,0,0,0,0,0,0,0,0,0,0,0,0,0,0,0,0,0,0,0,0,0,0,0,0,0,0,0,0,0,0,0,0,0,0,0,0,0,0,0,0,0,0,0,0,0,0,0,0,0,0,0,0,0,0,0,0,0,0,0,0,0,0,0,0,0,0,0,0,0,0,0,0,0,0,0,0,0,0,0,0,0,0,0,0,0,0,0,0,0,0,0,0,0,0,0,0,0,0,0,0,0,0,0,0,0,0,0,0,0.00121540927586268,0,0,0,0,0,0,0,0,0,0,0,0,0,0,0,0,0,0,0,0,0,0,0,0,0,0,0,0,0,0,0,0,0,0,0,0,0,0,0,0,0,0,0,0,0,0,0,0,0,0,0,0,0,0,0.971050613496933,0,0,0,0,0,0,0,0,0,0,0,0,0,0,0,0,0,0,0,0,0,0,0,0,0,0,0,0,0,0,0,0,0,0,0,0,0,0,0,0,0,0,0,0,0,0,0,0,0,0,0,0,0,0,0,0,0,0,0,0,0,0,0,0,0,0,0,0,0,0,0,0,0,0,0,0,0,0,0,0,0,0,0,0,0,0,0.000101564086938858,0,0,0,0,0,0,0,0,0,0,0,0,0,0,0,0,0,0,0,0,0,0,0,0,0,0,0,0,0,0,0,0,0,0,0,0,0,0,0,0,0,0,0,0,0,0,0,0,0,0,0,0,0,0,0,0,0,0,0,0,0,0,0,0,0,0,0,0,0,0,0,0,0,0,0,0,0,0,0,0,0,0,0,0,0,0,0,0,0,0,0.00161056530842326,0,0,0,0,0,0,0,6.31768953068592e-07,0
0,0,6.6795805223432e-05,0,0,0,0,0,0,0,0,0,0,0,0,0,0,0,0,0,0,0,0,0,0,0,0,0,0,0,0,0,0,0,0,0,0,0,0,0,0,0,0,0,0,0,0,0,0,0,0,0,0,0,0,0,0,0,0,0,0,0,0,0,0,0,0,0,0,0,0,0,0,2.47437781769774e-06,0,0,0,0,0,0,0,0,0,0,0,0,0,0,0,0,0,0,0,0,0,0,0,0,0,0,0,0,0,0,0,0,0,0,0,0,0,0,0,0,0,4.10273241979158e-05,0,0,0,0,0,0,0,0,0,0,0,0,0,0,0,0,0,0,0,0,0,0,0,0,0,0,0,0,0,0,0,0,0,0,0,0,0,0,0,0,0,0,0,3.35502918875394e-05,0,0,0,0,0,0,0,0,0,0,0,0,0,0,0,0,0,0,0,0,0,0,0,0,0,0,0,0.000356746472173775,0,0,0,0,0,0,0,0,0,0,0,0,0,0,0,0,0,0,0,0,0,1.63942488974868e-05,0,0,0,0,0,0,0,0,0,0,0,0,0,0,0.00273410799726589,0,0,0,0,0,0,0,0,0,0,0,0.000551571980143409,0,0,0,0,0,0,0,0,0,0,0,0,0,0,0,0,0.000113921166552745,0,0,0,0,0,0,0,0,0,0,0,0,0,0,8.16191742375933e-08,0,0,0,0,0,0,0,0,0,0,0,0,0,0,0,0,0,0,0,0,0,0,0,0,0,0,0,0,0,0,0,0,3.03665239440041e-05,0,0,0,0,0,0,0,0,0,0,0,0,0,0,0,0,0,0,0,0,0,0,0,0,0,0,0,0,0,0,0,0,0,0,0,0,0,0,0,0,0,0,0,0,0,0,0,0,0,0,0,0,0,0,0,0,0,0,0,0,0,0,0,0,0,0,0,0,0,0,0,0,0,0,0,0,0,0,0,0,0,0,0,0,0.000297073822844977,0,0,0,0.000339148313796977,0,0,0,0.00012202488087321,0,0,0,0,0,0,0,0,0,0,0,0,0,0,0,0,0,0,0,0,0,0,0,0,0,0,0,0,0,0,0,0,0,0,0,0,0,5.74914194056537e-06,0,0,0,0,0,0,0,0,0,0,3.68663594470046e-05,0,0,0,0,0,0,0,0,0,0,0,0,0,0,0,0,0,0,0.99340979977865,0,0,0,0,0,0,0,0,0,0,0,0,0,0,0,0,0,0,0,0,0,0,0,0,0,0,0,0,0,0,0,0,0,0,0,0,0,0,0,0,0,0,0,0,8.30514428942431e-07,0,0,0,0,0,0,0,0,0,0,0,0,0,0,0,0,0,0,0,0,0,0,0,0,0,0,0,0,0,0,0,0,0,0,0,0,0,0,0,0,0,0,0,0,0.00365205843293493,0,0,0,0,0,0,0,0,0,0,0,0,0,0,0,0,0,0,0,0,0,0,0,0,0,0,0,0,0,0,4.41580386765541e-06,0,0,0,0,0,0,0,0,0,0,0,8.21247310415058e-06,0,0,0,0,0,0,0,0,0,0,0,0,0,0,0,0,0,0,0,0,0,0,0,0,0,0,0,0,0,1.98008039126389e-05,0,0,0,0,0,0,0,0,0,0,0,0,0,0,0,0,0,0,0,0,0,9.02527075812274e-08,0
0.000739644970414201,0,0,0,0,0,0,0,0,0,0,0,0,0,0,0,0,0,0,0,0,0,0,0,0,0,0,0,0,0,0,0,0,0,0,0,0,0,0,0,0,0,0,0,0,0,0,0,0,0,0,0,0,0,0,0,0,0,0,0,0,0,0,0,0,0.00011768397928762,0,0,0,0,0,0,0,0,0,0.000589645315524336,0,0,0,0,0,0,0,0,0,0,0,0,0,0,0,0,0,0,0,0,0,0,0,0,0,0,0,0,0,0,0,0,0,0,0,0,0,0,0,0,0,0,0,0,0,0,0,0,0,0,0,0,0,0,0,0,0,0.000209380234505863,0,0,0,0,0,0,0,0,0,0,0,0,0,0,0,0,0,0,0,0,0,0,7.63079177095415e-05,0,7.32654406916258e-05,0,0,0,0,0,0,0,0,0,0,0,0,0,0,0,0,0,0,0,0,0,0,0,0,0,0,0,0,0,0,0,0,1.52271896698745e-05,0,0,0,0,0,0,0,0,0,0,0,0,0,0,0,0.000150647785477553,0,0,0,0,0,0,0,0,0,0,0,0,0,0,0,0,0,0,0,0,0,0,0,0,0,0,0,0,0,0,0,0,0,0,0,0,0,0,0,0,0,0,0,0.000163880694854146,0,0,0,0,0,6.69786756641354e-05,0,0,0,0,2.65380103922849e-06,0,0,0,0,0.000153491941673062,8.16191742375933e-08,0,0,0,0,0,0,0,0,0,0,0,0,0,0,0,0,0,0,0,0,0,0,0,0,0,0,0,0,0,0,0,0,0,0,0,0,0,0,0,0,0,0,0,0,0,0,0,0,0,0,2.17074658487294e-06,0,0,0,0,0,0,0,0,0,0,0,0,0,0,0,0,0,0,0,0,0,0,0,0,0,0,0,0,0,0,0,0,0,0,0,0,0,0,0,0,0,0,0,0,0,0,0,0,0,0,0,0,0,0,0,0,0,0,0,0,0,0,0,0,0,0,0,0,0.001561144839549,0,0,0,0,0,0,0,0,0,0,0,0,0,0,0,0,0,0,0,0,0,0,0,0,0.000175870559268378,0,0,0,0,0,0,0,0,0,0,0,0,0,0,0,0,0,0,0,0,0,0,0,0,0,0,0,0,0,0,0,0,0,0,0,0,0,0,0,0,0,0,0,0,0,0,0,0,0,0.987641335787536,0,0,0,0,0,0,0,0.000420459042342699,0,0,0,0,0,0,0,0,0,0,0,0,0,0,0,0,0.000116049669258443,0,0,0,0,0,0,0,0,0,0,0,0,0,0,0,0,0,0,0,0,0,0,0,0,0,0,0,0,0,0,0,0,0,0,0,0,0,0,0,0,0,0,0,0,0,0,0,0,0,0,0,0,0,0,0,0,0,0,0,0,0,0,0.000731885825811174,0,0,0,0,0,0,0,0,0,0,0,0,0,0,0,0,0,1.8067500180675e-05,0,0,0,0.00117439812096301,0,0,0,0,0,0,0,0,0,0,0,0,0,0,0,0,8.03535556448373e-05,0,0,0,0,0,0,0,0,0,0,0,0,0,0,0,0,0,0,0,0,0,0,0,0,0,0,0,0,0,0,0,0,0,0,0,0,0,0,0,0,0,0,0,3.15422587411485e-05,0,0,0,0,0,0,0,0,0,0,0,0,0,0
0,0,0,0,0.000391696043869957,2.76571618220538e-05,5.87040998370603e-05,6.20026114041038e-05,0,0,0,0,0,0,0,0,0,0,0,1.68544533679411e-05,2.11455831105999e-06,0,0,0,0,0,0,0,0,0,0,0,0,0,0,0,0,0,0,0,0,7.74035744970703e-06,0,0,0,0,0,0,0,0,0,0,0,0,0,0,0,0,0,0,1.70752391956424e-05,0,1.29459055337273e-05,0,0,0,0,0,0,0,0,0,0,2.47437781769774e-06,0,0,0,0,0,0,0,0,0,0,0,0,0,0,0,0,0,0,0,3.076232107865e-06,0,0,0,2.04294265459969e-05,0,0,0,0.000285760940561724,0,0,0,1.43423666339183e-05,0,0,0,0,0,0,0,0,0,4.10273241979158e-05,0,0,3.26675682915515e-06,0,0,0,0,0,0,0,0,0,0,0,0,0,0,0,0,0,0,0,0,0,0,0,0,0,0,0,0,0,0,0,0,0,0,0,0,0,0,0,0,0,0,0,0,0,0,0,0,0,0,0,0,0.000252764612954186,0,0,0,0,0,0,0,0,0,0,0,0,0,0,0,0,0,0,0,0,4.38394598978541e-05,4.1427308882015e-05,0,0,0,5.31575590048905e-05,0,0,0,0,0,0,7.15187210769878e-05,0,0,0,0,1.63942488974868e-05,0,8.55937208446388e-06,0,1.46447191142874e-05,0,0,0,0,0,0,0,0,0,0,0,0,0,0,0,0,0,0,0,0,0,0,0,0,0,0,0,0,0,0,0,0,0,0,0,0,0,0,0,0,0,0,0,0,0,0,0,0,0,0,0,0,0,0,1.27325911810645e-05,0,8.80630531460526e-05,0,0,0,0,0,0,0,0,6.20628448366816e-06,0,0,0,0,0.00201532406791262,0,0,0,0,0,0,0,0,0,0,0,0,0,0,0.000445235975066785,0,0,0,0,0,0,0,0,0,0,0,0,0,0,0,0,0,0,0,0,0,0,0,0,0,5.62682871933378e-05,0,0,0,0,3.58628604217472e-05,0,0,0,0,0,0,0,0,0,0,9.73881879258125e-06,0.00128004494201677,0,0,0,0,0,0,0,0,0,0,0,0,0.00129374337221633,0,0,0,0,0,0,0,0,0,0,0,0,0,0,0,0,0,0,0.000640450877417702,0,0,0,0,0,0,0,0,0,0,0,0,0,0,0,0,0,0,0,6.1012440436605e-06,0,0,0,0,0,0,0,7.20363062983744e-05,3.42641768031523e-05,0,0,0,0,0,0,0,1.07278743551356e-05,0,0,0,0,0,0,0,0,0,0,0,0,0,0,7.08112490750281e-06,0,0.000358230342109977,0,0,0,5.74914194056537e-06,0,0,0,0,0,0,0,0,0,0,0,0,0,0,0,0,0,0,0,0,0,0,0,0.00064419153961778,0,0,0,0,0,0,0,0.979195719972616,0,0,0,0,0,0,0,0,0,0,0,2.92860071457857e-05,0,0,0,0,0,0,0,0,1.76360622200275e-05,0,0,0,0,0,0,0,0,0,1.63259975184484e-05,0,0,0,0,3.12052399838981e-06,0,0,0,0,0,0,8.30514428942431e-07,0,0,0,0,0,0,0,3.97413632082408e-06,0,0,0,0,0,0,0,0,2.38685131348428e-06,8.94294401717045e-05,0,0,0,0,0.000155400155400155,0,0,0,5.3934378042236e-06,0,0,0,0,0,0,0,0,0,8.72976876089662e-05,0,0,0,0,0,0,0,0,0,0,0,0,0,0,0,0,0,0,0,0,0,0,0,0,0.002890800028908,0,0,0,0,0,0,0,0,2.12322239103151e-05,0,0,0,0,0.000125114442916903,0,2.69302237901597e-05,0,0,0,0,0,0,0,0,0,8.21247310415058e-06,5.07547227269497e-06,0,0.00284565351147051,0,0,0,0,0,0,0,0,0,0,0,0,0,0,0,0,0,0,0,0,0,0,0,0,0,0,0,6.48151148847911e-05,0,0,0,0,0,0,0,0,0,0,1.44123369604381e-05,0,0,0,1.88331010584203e-05,0,0,0,9.5831336847149e-08,0,0,0
0,0,0,0,0.00195848021934978,2.76571618220538e-05,1.43180731309903e-05,7.29442487107104e-06,0,0,0,0,0,0,0,0,0,0,0,0,2.11455831105999e-06,0,0,0,0,0,0,1.8379650051463e-05,0,3.3559299281831e-05,0,0,0,0,0,0,0,0,0,0,0,7.74035744970703e-06,0,0,0,0,0,0,0,0,0,0,0,0,0,0,0,0,0,0,0.000119526674369497,0,1.9418858300591e-05,0,0,0,0,0,0,0,0,0,0,2.47437781769774e-06,1.30206637934402e-05,0,0,0,0,0,0,0,0,0,0,0,0,0,0,0,0,9.85512959495417e-06,0,2.1533624755055e-05,0,0,0,0,1.58768464772453e-05,0,0,0,0,0,0,7.17118331695913e-06,0,0,0,0,0,0,0,0,1.385148986625e-06,0,0,0,0,0,0,0,0,0,0,0,0,0,0,0,0,0,0,0,0,0,0,0,0,0,0,0,0,0,0,0,0,0,0.000700549931696382,0,0,0,0,0,0,8.10418743364697e-06,0,0,0,0,0,0,0,0,0,0,0,0,0,0,0,0.000695102685624013,0,1.06086163181736e-05,0,0,0,0,0,0,0,0,0.00040146822665749,0,0,0.00193403908794788,0.000262881177707676,0,0,0,0,0,5.11460365474964e-05,1.72613787008396e-05,0,0,0,0.00244524771422496,0,0,0,0,0,0,1.2620950778292e-05,0,0,0,8.51411640499949e-06,1.63942488974868e-05,0,4.27968604223194e-06,0,0.000248960224942886,0,0,0,0,0,0,0,0,0,0,0,0.000585916693299244,0,0,0,0,7.00471417263819e-06,0,0,0,0,0,0,0,0,0,0,0,0,0,0,0,0,0,0,0,0,0,0,0,0,0,0,0,0,0,0,0,0,0,0.00029806259314456,0,0,0,6.36629559053227e-06,0,0,0,0,0,0,0,0,0,0,0,0,0,0.000318979266347687,0,1.90124912067228e-05,0,0,0,0,0,0,0,0,0,0,1.12731945978851e-05,0,0,0,0.000890471950133571,0,0,0,0,0,0,0,0,0,0,0,0.000258164450755131,0,0,0,0,0,0,0,0,0,0,0,0,0,0,0,0,0,0,0,0,4.84439793822424e-06,3.62884203650615e-05,0,0,0,0,8.27417299640901e-06,0,0,9.73881879258125e-06,2.80887604831267e-05,0,0,0,0,0,0,0,0,0,0,0,0,0,0,0,0,0,0,0,0,0,0,0,0,0,0,0,0,0,0,0,0.000256180350967081,0,5.92880688690208e-06,0,0,0,0,0,0,0,0,0,0,0,0,0,0,0,0,0,0,0,4.17367496254127e-06,0,0,0,0,0,0,0,0,0,0,0,0,3.32369461893841e-05,0,4.76794415783802e-06,0,0,0,0,0,0,0,0,0,0,0,0,1.18815645644218e-05,0,7.08112490750281e-06,0,0.00134336378291241,0,0,0,1.72474258216961e-05,5.89298342107331e-05,0,0,0,0,0,0,0,0,0.00202982967081458,0,0,0,0,6.52656311186529e-05,0,0,0,0,0,0,0,0,0,0,9.33532486930545e-05,0,0,0,0,0,5.07112249296382e-05,0.972091612316093,0,0,0,0,0,0,0,0,0,0,0,0,1.74258529955041e-05,0,0,0,0,0,0,0,0,0,0,0,0,0,0,0,0,0,0,0,0,0,1.87231439903389e-05,0,0,0,0,0,0,1.66102885788486e-06,0,0,0,0,1.64024953662951e-05,0,0,3.97413632082408e-06,0,0,0,0,0,0,0,0,1.67079591943899e-05,0,1.30874635186954e-05,0,0,0,0.000155400155400155,0,0,0,5.3934378042236e-06,0,0,0,0,0,0,0,0,0,4.98843929194093e-06,0,0,0,0,0,0,0,0,0,0,0,1.18133490844654e-05,0,0,1.84624899898687e-05,0,1.67302415846885e-05,0,0,0,0,0,0,0,0,0,0,0,0,0,0,0,0,4.71827198007002e-06,0,0,0,0,0,0,0,0,0,0,0,0,0,0,0,0,0,5.07547227269497e-06,0,2.19741583897337e-05,0,0,0,0,0,0,0,0,0,0,0,0,0,0,1.59979522621104e-05,0,0,0,0,0,0,3.96852168598675e-06,0,0,0,0,0,0.000745373821175098,0,0.00151125041979178,0,0,0,0,0,0,0,0,0,3.82540836234268e-05,0,0,0,0,0.000311720698254364,0,2.39578342117873e-07,1.21506682867558e-07,0,0
0,0,0,0,0,0,0,0,0,0,0.000535618639528656,0,0.000361532899493854,0,0,0,0,0,0,0,0,0,0,0,0,0,0,0,0,0,0,0,0,0,0,0,0,0,0,0,0,0,0,0,0,0,0,0,0,0,0,0,0,0,0,0,0,0,0,0,0,0,0,0,0,0,0,0,0,0,0,0,0,0,0,0,0,0,0,0,0,0,0,0,0,0,0,0,0,0,0,0,0,0,0,0,0,0,0,0,0,0,0,0,0,0,0,0,0,0,0,0,0,0,0,0,0,0,0,0,0,0,0,0,0,0,0,0,0,0,0,0,0,0,0,0,0,0,0,0,0,0,0,0,0,0.000477326968973747,0,0,0,0,0,0,0,0,0,0,0,0,0,0,0,0,0,0,0,0,0,0,0,0,0,0,0,0,0,0,0,0,0,0,0,0,0,0,0,0,0,0,0,0,0,0,0,0,0,0,0,0,0,0,0,0,0,0,0,0,0,0,0,0,0,0,0,0,0,0,0,0,0,0,0,0,0,0,0,0,0,0,0,0,0,0,0,0,0,0,0,0,0,0,0,0,0,0,0,0,0,0,0,0,0,0,0,0,0.00164710726786082,0,0,0,0,0,0,0,0,0,0,0,0,0,8.16191742375933e-08,0,0,0,0,0,0,0,0,0,0,0,0,0,0,0,0,0,0,0,0,0.00207294802823158,0.000200682319887618,0,0,0,0,0,0,0,0,0,0,0,0,0,0,0,0,0,0,0,7.55829333736442e-05,0,0,0,0,0,0,0,0,0,0,0,0,0,0,0,0,0,0,0,0,0,0,0,0,0,0,0,0,0,0,0,0,0,0,0,0,0,0,0,0,0,0,0,0,0,0,0,0,0,0,0,0,0,0,0,0,0,0,0,0,0,0,0,0,0,0,0,0,0,0,0,0,0,0,0,0,0,0,0,0,0,0,0,0,0,0,0,0,0,0,0,0,0,0,0,0,0,0,0,0,0,0,0,0,0.000435935626839103,0,0,0,0,0,0,0.000201099050025575,0,0,0,0,0,0,0,0,0,0,0,0,0,0,0,0,0,0,0,0,0,0,0,0,0,0,0,0,0,0,0,0,0,0,0,0,0,0,0,0,0,0,0,0.9681652490887,0,0,0,0,0,0,0,0,0,0,0,0,0,0,0.000204708290685773,0,0,0,0,0,0,0,0,0,0,0,0,0,0,0,0,0,0,0,0,0,0,0,0,0,0,0,0,0,0,0,0,0,0,0,0,0,0,0,0,0,0,0,0,0,0,0,0,0,0,0,0,0,0,0,0,0,0,0,0,0,0,0,0,0,0,0,0,0,0,0,0,0,0,0,0,0,0,0,0,0,0,0,0,0,0,0,0,0,0,0,0,0,0,0,0,0,0,0,0,0,0,0,0,0,0,0,0,0,0,0,0,0,0,0,0,0,0,0,0,0,0,0,0,0,0,0,0,0,0,0,0,0,0,0,0,0,0,0,0,0,0,0,0,0,0,0,0,0,0,0,0,0,0,0,0,0,0,0,0,0,0,0,0,0,9.02527075812274e-08,0
0,0,0,0,0,0,0,0,0,0,0,0,0,0,0,0,0,0,0,0,0,0,0,0,0,0,0,0,0,0,0,0,0,0,0,0,0,0,0,0,0,0,0,0,0,0,0,0,0,0,0,0,0,0,0,0,0,0,0,0,0,0,0,0,0,0,0,0,0,0,0,0,0,0,0,0,0,0,0,0,0,0,0,0,0,0,0,0,0,0,0,0,0,0,0,0,0,0,0,0,0,0,0,0,0,0,0,0,0,0,0,0,0,0,0,0,0,0,0,0,0,0,0,0,0,0,0,0,0,0,0,0.000463445718920171,0,0,0,0,0,0,0,0,0,0,0,0,0,0,0,0,0,0,0,0,0,0,0,0,0,0,0,0,0,0,0,0,0,0,0,0,0.000635862653666808,0,0,0,0,0,0,0,0,0,0,0,0,0,0,0,0,0,0,0,0,0,0,0,0,0,0,1.92722787542399e-05,0,0,0,0,0,0,0,0,0,0,0,0,0,0,0,0,0,0,0,0,0,0,0,0,0,0,0,0,0,0,0,0,0,0,0,0,0,0,0,0,0,0,0,0,0,0,0,0.00026300688599847,0,0,0,0,0,0,0,0,0.000716674629718108,0,0,0,0,0,0,0,0,0,0,0,0,0,0,0,0,0,0,1.42188248709997e-06,0,5.09645032235048e-05,0,0,0,0,0,0,0,0,0,0,0,0,0,0,0,0,0,0,0,0,0,0,0,0,0,0,0,0,0,0,0,0,0,0,0,0,0,0,0,0,0,0,0,0,0,0,0,0,0,0,0,0,0,0,0,0,0,0,0,0,0,0,0,0,0,0,0,0,0,0,0,0,0,0,0,0,0,0,0,0,0,0,0,0,0,0,0,0,0,0,0,0,0,0,0,0,0,0,0,0,0,0,0,0,0,0,0,0,0,0,0,0,0,0,0,0,0,0,0,0,0,0,0,0,0,0,0,0,0,0,0,0,0,0,0,0,0,0,0,0,0,0,0,0,0,0,0,0,0,0,0,0,0,0,0,0,0,0,0,0,0,3.28601472134595e-05,0,0,0,0,0,0,0,0,0,0.000275558004960044,0,0,0,0,0,0,0,0,0,0,0,0,0,0,0,0,0,0,0,0,0,0.977207977207977,0,0,0,0,0,0,0,0,0,0,0,0,0,0,0,0,0,0,0,0,0,0,0,0,0,0,0,0,0,0,0,0,0,0,0,0,0,0,0,0,0,0,0,0,0,0,0,0,0,0,0,0,0,0,0,0,0,0,0,0,0,0,0,0,0,0,0,0.000892657888864093,0,0,0,0,0,0,0,0,0,0,0,0,0,0,0,0,0,0,0,0,0,0,0,0,0,0,0,0,0,0,0,0,0,0,0,0,0,0,0,0,0,0,0,0,0,0,0,0,0,0,0,0,0,0,0,0,0,0,0,0,0,0,0,0,0,0,0,0,0,0,0,0,0,0,0,0,0,0,0,0,0,0,0,0,0,0,0,0,0,0,0,0,0,0,0,0,0,0,0,0,0,0,0,0,0,0,0,0,0,4.79156684235745e-08,0,0,0
0,0,0,0,0,0,0,0,0,0,0,0,0,0,0,0,0,0,0,0,0,0,0,0,0,0,0,0,0,0,0,0,0,0,0,0,0,0,0,0,0,0,0,0,0,0,0,0,0,0,0,0,0,0,0,0,0,0,0,0,0,0,0,0,0,0,0,0,0,0,0,0.00085397096498719,0,0,0,0,0,0,0,0,0,0,0,0,0,0,0,0,0,0,0,0,0,0,0,0,0,0,0,0,0,0,0,0,0,0,0,0,0,0,0,0,0,0,0,0,0,0,0,0,0,0,0,0,0,0,0,0,0,0,0,0,0,0,0,0,0,0,0,0,0,0,0,0,0,0,0,0,0,0,0,0,0,0,0,0,0,0,0,0,0,0,0,0,0,0,0,0,0,0,0,0,0,0,0,0,0,0,0,0,0,0,0,0,0,0,0,0,0,0,0,1.01514597799164e-05,0,0,0,0,0,0,0,0,0,0,0,0,0,0,0,0,0,0,0,0,0,0,0,0,0,0,0,0,0,0,0,0,0,0,0,0,0,0,0,0,0,0,5.66168977175302e-05,0,0,0,0,0.000992063492063492,0,0,0,0,0,0,0,0,0,0,0,0,0,0,0,0,0,0,0,0,0,0,0,0,0,0,0,0,0,0,0,0,0,0,3.74728321966574e-05,0,0,0,0,0,0,0,0,0,0,0,0,0,0,0,0,0,0,0,0,0,0,0,0,0,0,0,0,0,0,0,0,0,0,0,0,0,0,0,0,0,0,0,0,4.34149316974587e-06,0,0,0,0,0,0,0,0,0,0,0,0,0,0,0,0,0,0,0,0,0,0,0,0,0,0,0,0,0,0,0,0,0,0,0,0,0,0,0,0,0,0,0,0,0,0,0,0,0,0,0,0,0,0,0,0,0,0,0,0,0,0,0,0,0,0,0,0,0,0,0,0,0,0,0,0,0,0,0,0,0,0,0,0,0,0,0,0,0,0,0,0,0,0,0,0,0.000207986688851913,0,0,0,0,0,0,0,0,0,0,0,0,0,0,0,0,0,0,0,0,0,0,0,0,0,0,0,0,0,0,0,0,0,0,0,0,0,0,0,0,0,0,0,0,0,0,0,0,0,0,0,0.986456968108344,0,0,0,0,0,0,0,0,0,0,0,0,0,0,0,0,0,0,0,0,0,0,0,0,0,0,0,0,0,0,0,0,0.000583294447036864,0,0,0,0,0,0,0,0,0,0,0,0,0,0,0,0,0,0,0,0,0,0,0,0,0,0,0,0,0,0,0,0,0,0,0,0,0,0,0,0,0,0,0,0,0,0,0,0,0,0,0,0,0,0,0,0,0.00121921482565228,0,0,0,0,0,0,0,0,0,0,0,0,0,0,0,0,0,0,0,0,0,0,0,0,0,0,0,0,0,0,0,0,0,0,0,0,0,0,0,0,0,0,0,0,0,0,0,0,0,0,0,0,0,0,0,0,0,0,0,0,0,0,0,0,0,0,0,0,0,0,0,0,0,0,0,0,0,0,0,0,0,0,0,0,0,0,0,0,0,0
8.21827744904668e-05,0,0,0,0,0,0,0,0,0,0,0,0,0,0,0,0,0,0,8.42722668397057e-06,0,0,0,0,0,0,0,0,0,0,0,0,0,0,0,0,0,0,0,0,0,0,0,0,0,0,0,0,0,0,0,0,0,0,0,0,0,0,0,0,0,0,0,0,0,0,0,0,0,0,0,0,0,0,0,0,0,0,0,0.0038946587537092,0,0,0,0,0,0,0,0,0,0,0,0,4.76054460630296e-05,0,0,0,0,0,0,0,0,0,0,0,0,0,0,0,0,0,0,0,0,0,0,0,0,0,0,0,0,0,0,0,0,0,0,0,0,0,0,0,0,0,0,0,0,0.00036394516559505,0,0,0,0,0,0,0,0,0,0,0,0,0,0,0,0,0,0,0,0,0,0,0,0,0,0,0,0,0,0,0,0,0,0,0,0,0.000108260257659413,0,0,0,0,0,0,0.000141502759303806,0,0,0,0,0,0,0,0,0,0,0,0,0,0,0,0,3.65150076681516e-05,0,0,0,0,0,0,0,0,0,0,0,0,0,0,0,0,0,0,0,0,0,0,0,0,0,0,0,0,0,0,0,0,0,0,0,0,0,0,0,0,0,0,0,0,0,0,0,0,0,0,8.19014234467395e-06,0,0,0,0,0,0,0,0,0,0,0,0,0,0,0,0,0,0,0,0,0,0,0,2.83136129019471e-06,0,0,0,0,0,0,0,0,0,0,0,0,9.89119683481701e-05,0,0,0,0,0,0,0,0,0,0,0,0,0,0,0,0,0,0,0,0,0,0,0,0,0,0,0,0,0,0,0,0,0.000182342713129327,0,0,0,0,0,0,0,0,0,0,0,0,0,0,0,0,0,0,0,0,0,0,0,0,0,0,0,0,0,0,0,0,0,0,0,0,0,0,7.71783591880837e-05,0,7.70208341356337e-05,0,3.34313987697245e-05,0,0,0,0,0,0,0,0,0,0,0,0,0,0,0,0,0,0,0,0,0,0,0,0,0,0,0,0,0,0,0,0,0,0,0,0,0,0,0,0,0,0,0,8.8073135932078e-06,0,0,0,0.000233056772629813,0,8.06907124989914e-05,0,0,0,0,0,0,0,0,2.43593491181916e-05,0,0.00209302325581395,0,0,0,0,0,0,0,0,0,0,0,0,0,0,0,0,0,0,0,0,0,0,0,0,0,0,0,0,0,0,0,0,0,0,0,0,0,0,0,0,0,0,0,0,0,0.944533211595526,0,0,0,0,0,0,0,0,0,0,0.000410593307329091,0,0,0,0,0,0,0,0,0,0,0,0,0,0,0,0,0,0,0,0,0,0,0,0,0,0,0,0,0,0,0,0,0,0,0,0,0,0,0,0,0,0.000110277900308778,0,0,0,0,0,0,0,0,0,0,0,0,0,0,0,0,0,0,0,0,0,0,0,0,0,0,0,0,0,0,0,0,0,0,0,0,2.30781124873359e-06,0,0,0,0,0,0,0,0,0,0,0,0,0,0,0,0,0,0,0,0,0,0,0,0,0,0,0,0,0,0.000268144440471934,0,0,0,0,0,0,0,0,0,0,0,0,0,0,0,0,0,0,0,0,0,0,0,0,0,0,0,0,0,0,3.96852168598675e-06,0,0,0,0,0,0,0,0,0,0,0,0,0,0,0,0.00240384615384615,0,0,0,0,0,0,0,0,3.83325347388596e-07,0,9.02527075812274e-08,0
0,0.000263348475870696,0,0,0,0,0,0,0,0,0,0,0,0,0,0,0,0,0,0,0,0,0,0,0,0,0,0,0,0,0,0,0,0.000389408099688474,0,0,0,0,0,0,0,0,0,0,0,0,0,0,0,0,0,0,0,0,0,0,0,0,0,0,0,0,0,0,0,0,0,0,0,0,0,0.00142328494164532,0,0,0,0,0,0,0,0,0,0,0,0,0,0,0,0,0,0,0,0,0,0,0,0,0,0,0,0,0,0,0,0,0,0,0,0,0,0,0.000476644423260248,0,0,0,0,0,0,0,0,0,0,0,0,0,0,0,0,0,0,0,0,0,0,0,0,0,0,0,0,0,0,0,0,0,0,0,0,0,0,0,0,0,0,0,0,0,0,0,0,0,0,0,0,0,0,0,0,0,0,7.97225654721569e-05,0,0,0,0,0,0,0,6.34605011264239e-05,0,0,0,0,0,0,0,0,0,0,0,0,0,5.07572988995818e-06,0,0,0,0,0,0,0,0.000521376433785193,0,0,0,0,0,0,0,0,0,0,0,0,0,0,0,0,0,0,0,0,0,0,0,0,0,0,0,0,0,0,0,0,0,0,8.08812824536146e-06,0.000216076058772688,0,0.00011877895236964,0,0,0,0,0,0,0,0,0,0,0,0,0,0,0,0,0,0,0,0,0,0,0,0,0,0,0,0,0,0,8.16191742375933e-08,0,0,0,0,0,0,0,0,0,0,0,0,0,0,0,0,0,0,0,0,0,0,0,0,0,0,0,0,0,0,0,0,0,0,0,0,0,0,0,0,0,0,0,0,0,0,0,0,0,0,6.51223975461881e-06,0,0,0,0,0,0,0,0,0,0,0,0,0,0,0,0,0,0,0,7.79149947407379e-05,0,0,0,0,0,0,0,0,0,0,0,0,0,0,0,0,0,0,0,0,3.85104170678168e-05,0,3.34313987697245e-05,0,0,0,0,0,0,0,0,0,0,0,0,0,0,0,0,0,0,0,0,0,0,0,0,0,0,0,0,0,0,0,0,0,0,0,0,0,0,0,0,0,0,0,0,0,0,0,0,0,0,0,0,0,0,0,0,0,0,0,0,0,0,0,0,0,0,0,0,0,0,0,0,0,0,0,0,0,0,0,0,0,0,0,0,0,0,0,0,0,0,0,0,0,0,0,0,0.00239972574562907,0,0,0,0,0,0,0,0,0,0,0.975633215774287,0,0,0,0,0,0,0,0,0,0,0,0,0,0,0,0,0,0,0,0,0,0,0,0,0,0,0,0,0,0,0,0,0,0,0,0,0,0,0,0,0,0,0,0,0,0,0,0,0,0,0,0,0,0,0,0,0,0,0,0,0,0,0,0,0,0,0,0,0,0,0,0,0,0,0,0,0,0,0,0,0,0,0,0,0,0,0,0.000243842965130456,0,0.000118764845605701,0,0,0,0,0,0.000520291363163372,0,0,0,0,0,0.00087123192193762,0,0,0,0,0,0,0,0,0,0,0,0,0,0,0,0,0,0,0,0.0014720765479805,0,0,0,0,0,0,0,7.5041272699985e-05,0,0,0,0,0,0,0,0,0,0,0,0,0,0,0,0,0,0,0,3.96852168598675e-06,0,0,0,0,0,0,0,0,0,0,0,0,0,0,0,0,0,0,0,0,0,0,0,0,0,0,0,0
0.00484878369493754,0,0,0,0,0,0,0,0,0.00196779964221825,0,0,0,0,0,0,0,0,0,0,0,0,0,0,0,0,0,0,0,0,0,0,0,0,0,0,0,0,0.000220653133274493,0,0,0,0,0,0,0,0,0,0,0,0,0,0,0,0,0.000540394487976223,0,0,0,0,0,0,0,0,0,3.92279930958732e-05,0,0,0,0,0,0,0,0,0,0.001217745760322,0,0,0,0,0,0,0,0,0,0,0,0,0,7.04374163555681e-05,0,0,4.76054460630296e-05,0,0,0,0,0,0,0,0,0,0.000418672807201172,0,0,0,0,0,0,0,0,0,0,0,0,0,0,0,0,0,0,0,0,0,0,0,0,0,0,0,0,0,0,0,0,0.00032419289477239,0,0,0,0,0,0,0,0,0,0,0,0,0,0,0,0,0,0,0,0,0,0,0.00424939556011429,0,0,0,0,0,0,0.000233154581487526,0,0,0,0,0,0,0,0,0,0,0,0,0,0,0,0,0,0,0,0,0,0,0,0,0.00308815272318922,4.06058391196654e-05,0,0,0,0,0,0,1.82575038340758e-05,0,0,0,0,0,0,0,0,0,0,0,0,0,0,0,0,0,0,0,0.000240297969482158,0,0,0,0,0,0,0,0,0,0,0,0,0,0,0,5.66168977175302e-05,0,0,0,0,0,0,0,0,0,0,0,0,0,0,0,0,0,0,0,0,0,0,2.09308361450423e-05,0,0,0,0,1.85766072745994e-05,0,0,0.000190949016612564,0,0,8.16191742375933e-08,0,0,1.42188248709997e-06,9.57982871266262e-06,0,0,0,0,0,0,0,0,0,0,0,0,0,0,0,0,0,0,0,0,0,0,0,0,0.000244259892525647,0,0,0,0,0,0,0,0,0,0,0,0,0,0,3.49913396434382e-05,0,0,0,0,0,0,2.82197056033482e-05,0,0,0,0,0,0,0,0,0,0,0,0,0,0,0,0,0,0,0,0,0,1.39125982751161e-06,0,0,0,0,0,0,0,0,0,0,0,0,0,0,0,0,0,0,0,0,1.67156993848623e-05,0,0,0,0,0,0,0,0,0,0,0,0,0,0,0,0,0,0,0,0,0,0,0,0,0,0.000520381613183001,0,0,0,0,0,0,0.000129567245400363,0,0,0,0,0,0,0,0,0,0,8.8073135932078e-06,0,0,0,4.66113545259625e-05,0,0,0,0,0,0,0,0,0,0,4.87186982363831e-05,0,4.65116279069767e-05,0,0,0,0,0,0,0,0,0,0,0,0,0,0,0,0,0.000373692077727952,0,0,0,0,0,0,0,0,0,0,0,0,0,0,0,0,0.000225136488996454,0,0,0,0,0,0.000701200806380927,0,0,0,0,0,0.000456516776991554,0,0.989513256826276,0,0,0,0,0,0,0,0,0,0,0,0,0,0,0,0,0,0,0,0,0,0.000125109470786939,0,1.63259975184484e-05,0,0,0.000600240096038415,0,0,5.83294447036864e-05,0,0.000315905860053704,0,0,0,0,0,0,0,0,0,0,0,0,0,0,0,0,0,0,0,0,0,0,0,0,0,0,0.000155400155400155,0,0,0,0,0,0,0,0,0,0,0,0,0,0,0,0.00253605959740054,0,0.000101564086938858,0.000172711571675302,0,0,0,0,0,0,0,0,0,0,0,0,0,0,0,0,0,0,0,0,0,0,0,0.000293599530240752,0,2.44176393026322e-05,0,0,0,0,0,9.22253988748501e-05,0,0,0,0,0,0,0,0,0,0,0,0,0,0,0,0,0,0,0,0,0,0,0,0,0,0,0,0,0,0,0,0,0,0,0,0,4.50551926109484e-05,0,0,0,0,0,0,0,0,0,0,5.71363272768826e-05,0,0,0,0,0.000678158562934692,0,0,0,0,0,0,0,0,0,0,0,0,0,3.81679389312977e-07
0,0,0,0,0,0,0,3.64721243553552e-06,0,0,0,0,0,0,0,0,0,0,0,0,0,0,0,0,0,0,0,0,0,0,0,0,0,0,0,0,0,0,0,0,0,0,0,0,0,0,0,0,0,0,0,0,0,0,0,0,0,0,0,0,0,0,0,0,0,0,0,0,0,0.000248941996514812,0,0,0,0,0,0,0,0,0,0,0,0,0,0,0,0,0,0,0,0,0,0,0,0,0,0,0,0,0,0,0,0,0,0,0,0,0,0,0,0,0,0,0,2.4515812699191e-05,0,0,0,0,0,0,0,0,0,0,0,0,0,0,0,0,0,0,0,0,0,0,0,0,0,0,0,0,0,0,0,0,0,0,0,0,0,0,0,0,0,0,0,0,7.32654406916258e-05,0,0,0,0,0,0,0,0,0,0,0,0,0,0,0,0,0,0,0,0,0,0,0,0,0,0,0,0,0,0,0,0,8.12116782393308e-05,0,0,0,0,0,0,0,0,0,0,0,0,0,0,0,0,0,0,0,0,0,0,0,0,0,0,0,0,0,0,0,0,0,0,0,0,0,0.00488656195462478,0,0,0,0,0.000404406412268073,0,0,0,0,0,0,0,0,0,0,0,0,0,0,0,0,0,0,0,0,0,0,4.18616722900846e-06,0,0,0,0,0,0,0,0,0,0,8.16191742375933e-08,0,0,0,0,0,0,0,0,0,0,0,0,0,0,0,0,0,0,0,0,0,0,0,0,0,0,0,0,0,0,0,0,0,0,0,0,0,0,0,0,0,0,0,1.74956698217191e-05,0,0,0,0,0,0,0,0,0,0,0,0,0,0,0,0,0,0,0,0,0,0,0,6.6554854511088e-06,0,0,0,0,0,0,0,0,0,0,0,0,0,0,0,0,0,0,0,0,0,0,0,0,0,0,0,0,0,0,0,0,0,0,0,0,0,0,0,0,0,0,0,0,0,0,0,0,0,0,0,0,0,0,0,0,0,0,0,0,0,0,0,0,0,0,0,0,0,0,0,0,0,0,0,0,0.000703482237073514,0,0,0,0,0,0,0,0,0,0,0,0,0,0,0,0,0,0,0,0,0,0,0,0,0,0,0,0,0,0,0,0,0,0,0,0,0,0,0,0,0,0,0,5.62841222491135e-05,0,0,0,0,0,0,0,0,0,0,0,0,0,0,0.964693665628245,0,0,0,0,0,0,0,0,0,0,0,0,0,0,0,0,0,0,0,0,0,0,0,0,0,0,0,0,0.000699953336444237,0,0,0,0,0,0,0,0,0,0,0,0,0,0,0,0,0,0,0,0.00115549686365137,0,0,0,0,0,0,0,0,0,0,0,0,0,0,0,0,0,0,0,0,0,0,0,0,0,0,0,0,0,0.000243961941937058,0,0,0,0,0,0,0,0,0,0,0,0,0,0,0,0,0,0,0,0,0,0,0,0,0,0,0,0,0,0,0,0,0,0,0,0,0,0,0,0,0,0,0,0,0,0,0,0,0,0,0,0,0,0,0,0,0,0,0,0,0,0,0,0,0,0,0,0,0,0,0,0,0,0,0,0,0,0,0,0,0,0,0.000757014209787563,0,0,0,0,0,0,0,0,0,0,0,0,0,3.81679389312977e-07
0,0,0,0,0,0,0,0,0,0,0,0,0,0,0,0,0,0,0,0,0,0,0,0,0,0,0,0,0,0,0,0,0,0,0,0,0,0,0,0,0,0,0,0,0,0,0,0,0,0,0,0,0,0,0,0,0,0,0,0,0,0,0,0,0,0,0,0,0,0,0,0,0,0,0,0,0,0,0,0,0,0,0,0,0,0,0,0,0,0,0,0,0,0,0,0,0,0,0,0,0,0,0,0,0,0,0,0,0,0,0,0,0,0,0,0,0,0,0,0,0,0,0,0,0,0,0,0,0,0,0,0,0,0,0,0,0,0,0,0,0,0,0,0,0,0,0,0,0,5.82648721086057e-05,0,0,0,0,0,0,0,0,0,0,0,0,0,0,0,0,0,0,0,0,0,0,0,0,0,0,0,0,0.000545553737043099,0,0,0,0,0,0,0,0,0,0,0.000164609053497942,0,0,0,0,0,0,0,0,0,0,0,0,0,0,0,0.00107486429838233,0,0,0,0,0,0,0,0,0,0,0,0,0,0,0,0,0,0,0,0,0,0,0,0,0,0,0,0,0,0,0,0,2.09762339269608e-05,0,0,0,0,0,0,0,0,0,0,0,0,0,0,0,0,0,0,0,0,0,0,0,4.51146176668843e-05,0,0,0,0,0,8.16191742375933e-08,0,0,0,0,0,0,0,0,0,0,0,0,0,0,0,0,0,0,0,0,0,0,0,0,0,0,0,0,0,0,0,0,0,0,0,0,0,0,0,0,0,0,0,0,0,0,0,0,0,0,0,0,0,0,0,0,0,0,0,0,0,0,0,0,0,0,0,0,0,0,0,0,0,0,0,0,0,0,0,0,0,0,0,0,0,0,0,0,0,0,0,0,0,0,0,0,0,0,0,0,0,0,0,0,0,0,0,0,0,0,0,0,0,0,0,0,0,0,0,0,0,0,0,0,0,0,0,0,0,0,0,0,0,0,0,0,0,0,0,0.000263034837502923,0,0,0,0,0,0,0,0,0,0,0,0,0,0,0,0,0,0,0,0,0,0,7.33352889410384e-05,0,0,0.000216450216450216,0,0,0,0,0,0,0,0,0,0,0,0,0,0,0,0,0,0,0,0,0,0,0,0,0,0,0,0,0,0,0,0,0,0,0,0,0,0,0.972483980399548,0,0,0,0,0,0,0,0,0,0,0.000107096193801272,0,0,0,0,0,0,0,0,0,0,0,0,0,0,0,0,0,0,0,0,0,0,0,0,0,0,0,0,0,0,0,0,0,0,0,0,0,0,0,0,0,0,0,0,0,0,0,0,0,0,0,0,0,0,0,0,0,0,0,2.49421964597046e-06,0,0,0,0,0,0,0,0,0,0,0,0,0,0,0,0,0,0,0,0,0,0,0,0,0,0,0,0,0,0,4.88352786052644e-05,0,0,0,0,0,0,0,0,0,0,0,0,0,0,0,0,0,0,0,0,0,0,0,0,0,0,0,0,0,0,0,0,0,0,0,0,0,0,0,0,0,0,0,0,0,0,0,0,0,0,0,0,0,0,0,0,0,0,0,0,0,0,0,0,0,0,0,0,0,0,0,0,0
0,0,0,3.03225890292873e-05,0,2.76571618220538e-05,0,0,0,0,0,0,0,0,0,0,0,0,0,1.68544533679411e-05,0,0.00037593984962406,0,0,0,0,0,0.000220555800617556,0,0,0,4.09785682088268e-05,0.000119193062963736,0,0,0,0,0,0,0,0,3.87017872485351e-05,0,0,0,0,0,0,0,0,0,0,7.34106592277199e-05,0,0,0,0,0,0,0,0,0,6.47295276686366e-06,0,0.000213846565089548,0,0,0,0,0,0.000671817265703729,0,0,1.97950225415819e-05,0,0,0,0,0,0,0,0,0,0,4.23599579789217e-06,3.56188780053428e-05,0,0,0,0,0,3.94205183798167e-05,0,0,2.90160652281146e-05,2.01178908403243e-05,0,0,0,0,0,0,0,0,0,0,0,3.66260117935758e-05,0,0,0,1.21598287896106e-05,0,0,2.77029797325e-06,0,0,0.00111327581408294,6.5335136583103e-05,0,0,0,0,0,7.85916378497328e-05,3.35979733702463e-06,0,0,0,3.30400114538706e-05,0,0,0,0,0,0,0,0,4.07697325505545e-05,0,0,0,1.81996869653842e-05,0.00102960102960103,0,0,0,0,0,0,0.00113864701942398,0,0,0,0,8.10418743364697e-06,0,0,0,0,0,0,0.00183221216214409,0,3.82160736805901e-05,0,0,0,0,0,0,0,0,0,0,0,0,0,0,0,0,0,0,0,0,0,0,0,2.54039223656132e-05,0,0,0,0,0,0,0,0,0,1.82575038340758e-05,0,0,5.26094276094276e-05,0,0,0,0,0.000146079843068511,0,0,0,7.53579502637528e-05,4.27968604223194e-06,0,0,0.000174703004891684,0,0,0,0,0,0,7.71604938271605e-05,0,0,0,0,9.98213198374909e-06,0,0,0,3.50235708631909e-05,2.7680894646515e-05,0,0,0,0,0,0,0,0,0.00110177661479135,0,0,4.78194338179036e-05,0,0,0,0,0,8.19014234467395e-06,0,0,0,0,0,0,0,0,0,0,2.91027618520998e-05,0,0,0,0,0,0,0,3.01990944679095e-06,0,0,9.9531774096998e-06,0,1.13254451607789e-05,0,0,9.98535481294102e-05,0,3.65550519081737e-05,0,0,0,0,0,0,0,0,0,0,4.93559054340852e-05,0,0.00381461675579323,0,0,0,0,6.70106546940964e-05,0,0,0,0,0,0,0,0.000416616416879543,5.29240539825351e-05,0,0,0,0,0,0,0,0,0,9.26011667747014e-05,0,0,0.000855745721271394,2.17074658487294e-06,0,0,0,0,0,0,8.41443917762881e-05,0.0185000375580809,0,0,0,0,1.45331938146727e-05,3.62884203650615e-05,0,0,0,0,1.6548345992818e-05,0,0,1.39125982751161e-06,4.0126800690181e-06,0.0260969568294409,4.09123453001943e-05,5.26731630234396e-05,0,1.55058793125727e-05,0,0,0,0,0,0,0,0,0,0,0,0.000116699731590617,0,0,0,0,0,0,0,0,0,0,0,0,0,0,0,0.000239488179547709,2.37152275476083e-05,0,0.000818369999518606,0,0,0,0,0,0,0,0,0,0,0,0,0,6.69030574697264e-05,0,0,0,4.59104245879539e-05,0,0,0,0,0,0,0,0,0,0,0,0,1.66184730946921e-05,0,1.19198603945951e-06,0,0,0,0,0,0,0,0,0,0,0,0,0,0,2.47839371762598e-05,0,0,0,0,0,5.74914194056537e-06,0,0,0,0,8.97182845863987e-05,0.000222074172773706,0,0,0,0,0,0,0,0,0,0,0,0,0,0,0,0,0,0,0,0,0,0,0,0,0,0,5.05586733404116e-05,0,0,0,0,0,0,0,0,0.978760665753713,0,0,0,0,0,0,0,0,0,2.14192387602545e-05,0,0,0,0,0,0,0,0,0,1.45169485374174e-05,3.26519950368968e-05,4.87745396902817e-05,0,0,0,3.12052399838981e-06,0,0,0,0,0,0,8.30514428942431e-05,0,0,0,0,0,0,0,7.94827264164815e-06,2.24294705299187e-06,0,0,0,0,0,0,0,1.43211078809057e-05,0,9.16122446308681e-05,0,0,0,0,0,0,0.000230414746543779,0,0,0,0,0.0018272050530115,0,0,0,0,0,0,0,0,0,0,0,0,0,0,0,0,0,1.18133490844654e-05,0,0,0,0,0,0,0,2.83865107301011e-05,0,0,0,0,0,0.000382604259660758,0,0,0,0,0,0,0,0,0,0,0,0,5.88773849020722e-06,0,0,0,0,0,0,0,0,0,0,9.69596232426068e-05,8.21247310415058e-06,2.17520240258356e-06,0,1.09870791948668e-05,0,0,0,0,0,0,0,0,0.000432962909510752,0,0,0,0,0,0,0,0,0,0,0,0,7.93704337197351e-06,0,0,0,0,0,0,0,0,0,0,0,0,0,0,0,0,1.44123369604381e-05,7.65081672468536e-06,0,0,0,0,0,0,3.92908481073311e-06,0,0,0
0,0,0,0,0,0,0,0,0,0,0,0,0,0,0,0,0,0,0,0,0,0,0,0,0,0,0,0,0,0,0,0,0,0,0.000310366232153942,0,0,0,0,0,0,0,0,0,0,0,0,0,0,0,0.00220215811495265,0,0,0,0,0,0,0,0,0,0,0,0,0,5.34616412723871e-05,0,0,0,0,0,0,0,0,0,0,0,0,0,0,0,0,0,9.59079283887468e-05,0,0,0,0,0.00026089225150013,0,0,0,0,0,0,0,0,0,0,0,0,0,0,0,0,0,0,0,0,0,0,0,0,0,0,0,0,0,0,0,0,0,0,0,0,0,0,0,0,0,0,0,0,0,0,0,0,0,0,0,0,0,0,0,0,0,0,0,0,0,0,0,0,0,0,0,0,0,0,0,0,0,0,0,0,0,0,0,0,0,0,0,0,0,0,0,0,0,0,0,0,0,0,0,0,0,0,0,0,0,0,0,0,0,0,0,0,0,0,0,0,0,0,0,0,0,0,0,0,0,0,0,0,0,0,0,0,0,0,0,0,0,0,0,0,0,0,0,0,0,0,0,0,0,0,0,0,0,0,0,0,0,0,0,0,0,0,0,0,0,0,0,0.000163880694854146,0,0,0,0,0,0,0,0,0,0,0,0,0,0,0,0,0,0,0,0,5.74789722759757e-05,0,0,0,0,0,0,0,0,0,0,0,0,0,0,0,0,0,0,0,0,0,0,0,0,0,0,0,0,0,0,0,0,0,0,0,0,0,0,0,0,0,0,0,0,0,0,0,0,0,0,0,0,0,0,0,0,0,0,0,0,0,0,0,0,0,0,0,0,0,0,0,0,0,0,0,0,0,0,0,0,0,0,0,0,0,0,0,0,0,0,0,0,0,0,0,0,0,0,0,0,0,0,0,0,0,0,0,0,0,0,0,0,0,0,0,0,0,0,0,0,0,6.1012440436605e-06,0,0,0,0,0,0,0,0,0,0,0,0.000193760899050572,0,0,0,0,0,0,0,0,0,0,0,0,0,0,0,4.37171847881684e-06,0,0,0,0,0,0,0,0,0,0,0,0,0,0,0,0,0,0,0,0,0,0,0,0,0,0,0,0,0,0,0,0,0,0,0,0,0,0,0,0,0,0,0,0,0,0,0,0,0,0,0,0,0.985940926093125,0,0,0,0,0,0,0,0,0,0,0,0,0,0,0,0,0.000323310701584222,0,0,0,0,0,0,0,0,0,0,0,0,0.00161127895266868,0,0,0,0.000376222723852521,0,0,0,0,0,0,0,0,0,0,0,0,0,0,0,0,0,0,0,0,0.000155400155400155,0,0,0,0,0,0,0,0,0,0,0,0,0,0,0,0,0,0,0,0,0,0,0,0,0,0,0,0,0,0,0,0,0,0,0,0,0,0,0,0,0,0,0,0,0,0.00107169649555246,0,0,0,0,0,0,0,0,0,0,0,0,0,0,0,0,0,0,0,7.25067467527853e-07,0,0,0,0,0,0,0,0,0,0,0,0,0,0,0,0,0,0,0,0,0,0,0,0,0,0,0,0,0,0,0,0,0,0,0,0,0,0,0,0,0,0,8.05282654211628e-05,0.00121506682867558,1.88331010584203e-05,0,0,0,0,0,5.41516245487365e-07,0
0,0,0,0,0,8.29714854661615e-05,7.15903656549516e-06,1.09416373066066e-05,0,0,0,0,0,0,0,0,0,0,0,1.68544533679411e-05,0,0,0,0,0,0,0,0,2.2265764161026e-05,3.3559299281831e-05,0,0,0,0,0,0,0,0,0,0,0,0,0,0,0,0,0,0,0,0,0,0,0,0,0,0,0,0,0,0,0,0,0,0,0,0,0,0,0,0,0,0,0,0,0,0,0,0,0,0,0,0,0,0,0,0,0,0,0,0,0,0,0,0,0,0,0,0,0,0,0,0.00142064010450686,0,0,0,0,0,0,0,0,0,0,0,0,0,0,0,0,0,0,0,0.000110180696342001,0,0,3.92958189248664e-05,0,0,0,0,1.10133371512902e-05,0,0,0,0,0,0,0,0,0,0,0,0,0,0,0,0,0,0,0,0,0,0,0,0,0,0,0,0,0,3.35502918875394e-05,0,0,0,0,0,0,0,0,0,0,0,0,0,0,0,0,0,0,0,0,0,0,0,0,0,0,0,0.000198192484540986,0,0,0,0,3.65328832482117e-06,3.45227574016792e-06,0,0,0,0,0,0,0,0,0,0,4.20698359276399e-06,0,0,0,0,6.5576995589947e-05,0,0,0,0,0,0,0,0,0,0,0,0,0,0,0.000170881749829118,0,0,0,0,0,0,0,0,0,0,0,8.48572277143706e-05,0,0,0,0,0,0,0,0,0,0,0,0,0,0,0,0,0,0,0,0,0,0,0,0,0,2.65380103922849e-06,0,0,0,0,0,2.4485752271278e-06,0,0.00343445907269605,0,0,0,0,0,0,0,9.13876297704343e-06,0,0,0,0,0,1.90124912067228e-05,8.21031544031922e-06,0,0,0,0,4.01364639775236e-05,0,0,0,0,0,0,0,0,0,0,6.07330478880083e-05,0,0,0,0,0,0,0,0,0,0,0,0,0,0,0,0,0,0,0,0,0,0,0,0,0,0,0,0,0,0,0,0,0,0,1.99664563533264e-05,0,0,0,0,4.17377948253482e-06,8.02536013803619e-06,0,0,5.26731630234396e-05,0,0,0,0,0,0,0,0,0,6.3626723223754e-05,0,0,0,0,0,0,0,0,0,0,0,0,0,0,0,0,0,0.00593096742829363,0.000384270526450621,0,5.92880688690208e-06,0,0,0,0,0,6.8260783497273e-06,0,0,0,4.95123038074962e-05,0,0,0,0,0,0,0,0.00011592363682955,0,4.17367496254127e-06,0,0,0,0,0,0,0.000308377591228371,0,0,0,0,0,0,0,2.38397207891901e-06,0,0,0,0,0,0,0,0,0,0,0,0,0,0,0,0,8.95575855274942e-05,0,0,0,3.44948516433922e-05,0,0,0,0,0,0,0,0,0,0,0,0,0,1.66575050388953e-05,0,0,0,0,2.7680894646515e-05,0,0,0,0,0.000161047884904445,0,0,0,0,0,5.03068719187041e-05,0,2.53556124648191e-05,0,0,0,0,0,0,0,0,0,0,0,0.94148655772272,0,1.74258529955041e-05,0,0,0,0,5.82852480037303e-05,2.14192387602545e-05,0,0,0,0,0,0,0,0,0,0,0,0,0,0,0,0,0,0,0,0,0,0,8.30514428942431e-06,0,0,0,0,0,0,0,1.19224089624722e-05,0,0,0,0,0,0,0,0,4.77370262696856e-06,8.94294401717045e-05,0,0,0,0,0,0,0,0,0,0,0,0,0,0,0,0,0,0,2.49421964597046e-06,0,0,0,0,0,0.00651984931903796,0,0.000166002656042497,0,0,0,0,0,0,2.30781124873359e-06,0,0,0,0,0,0,0,0,0,0.0002890800028908,0,0,0,0,2.83350334353395e-05,0,0,0,0,0,0,0,0,0.00158527358848829,0,0.00258530148385533,0,0.00282157676348548,0,0,0,0,0,0,0,8.21247310415058e-05,7.25067467527853e-07,0,5.49353959743342e-05,0,0,0,0,0,0,0,0,0,0,0,0,0,0,0,0,0,0,0,0,0,0,0,0,0,0,3.96016078252777e-05,0,0,0,0,0,0,0,0,0,0,0,0,0,0,4.50024751361325e-05,9.41655052921014e-05,0,0,0,0,0,9.02527075812274e-08,0
0,0,0,0,0,0,0,0,0,0,0,0,0,0,0,0,0,0,0,0,0,0,0,0,0,0,0,0,0,0,0,0,0,0,0,0,0,0,0,0,0,0,0,0,0,0,0,0,0,0,0,0,0,0,0,0.000135098621994056,0,0,0,0,0,0,0,0,0,0,0,0,0,0,0,0.000569313976658127,0,0,0,1.28183764244421e-05,0,0,0,0,0,0,0,0,0,0,0,0,0,0,0,0,0,0,0,0,0,0,0,0,0,0,0,0,0,0,0,0,0,0,0,0,0,0,0,0,0,0,0,0,0,0,0,0,0,0,0,0,0,0,0,0,0,0,0,8.10482236930974e-05,0,0,0,0,0,0,0,0,0,0,0,0,0,0,0,0,0,0,0,0,0,0,0,0,0,0,0,0,0,0,0,0,0,0.000279028979152549,0,0,0,0,0,0,0,0,0,0,0,0.000141502759303806,0,0,0,0,0,0,0,0,0,0,0,0,0,0,0,0,0,0,0,0,0,0,0,0,0,0,0,0,0,0,0,0,0,0,0,0,0,0,0,0,0,0,0,0,0,0,0,0,0,0,0,0,0,0,0,0,0,0,0,0,0,0,0,0,0,0,0,0,0,0,0,0,0,0,0,0,0,0,0,0,0,0,0,0.000572847049837693,0,0,0,0,0,0,0,0,0,0,0,0,0,0,0,0,0,0,0,0,0,0,0,0,0,0,0,0,0,0,0,0,0,0,0,0,0,0,0,0,0,0,0,0,0,0,0,0,0,0,0,0,0,6.51223975461881e-06,0,0,0,0,0,0,0,0,0,0,0,0,0,0,0,0,0,0,0,0,0,0,0,0,0,0,0,0,0,0,0,0,0,0,0,0,0,0,0,0,0,0,0,0,0,0,0,0,0,0,0,0,0.00115096873201611,0,0,0,0,0,0,0,0,0,0,0,0,0,0,0,0,0,0,0,0,0,0,0,0,0,0.00123152709359606,0,0,0,0,0,0,0,0,0,0,0,0,0,0,0,0,0,0,0,0,0,0,0,0,0,0,0,0,0,0,0,0,0,0,0,0,0,0,0,0,0,0,0,0,0,0,0,0,0,0,0,0,0,0,0,0,0,0,0,0,0,0,0,0,0,0,0,0,0,0,0,0,0,0,0,0,0,0,0.97939262472885,0,0,0,0,0,0,0,0,0,0,0,0,0,0,0,0,0,0,0,0,0,0,0,0,0,0,0,0,0,0,0,0,0,0,0,0,0,0,0,0,0,0,0,0,0,0,0,0,0,0,0,0,0,0,0,0,0,0,0,0,0,0,0,0,0,0,0,0,0,0,0,0,0,0,0,0,0,0,0,0,0,0,0,0,0,0,0,0,0,0,0,0,0,0,0,0,0,0,0,0,0,0,0,0,0,0,0.00115530615613137,0,0,0,0,0,0,0,0,0,0,0,0,0,0,0,0,0,0,0,0,0,0,0,0,0,0,0,0,0,0,0,0,0,2.25275963054742e-05,0,0,0,0,0,0,0,0,0,0,0,0,0,0,0,0,0,0,0,0,0,0,0,0,0,0,0,0,0,0
0,0,0,0,0,0.000248914456398484,1.28862658178913e-05,1.45888497421421e-05,0,0,0,0,0,0,0,0,0,0,0,0,0,0,0,0,0,0,0,0,0.0036849839686498,0.00657762265923888,0,0,0,0,0,0,0,0,0,0,0,0,0,0,0.000100755667506297,0,0,0,0,0,0,0,0,0,0,0,0,0,0,0,1.70752391956424e-05,0,1.29459055337273e-05,0,0,0,0,0,0,0,0,0,0,0,0,0,0,0,0,0,0,0,0,0,0,0,3.16210532972853e-05,0,0,0,0,0,0,1.230492843146e-05,0,0,7.32225232481511e-05,0,3.49290622499397e-05,0,0,0,0,0,0,2.15135499508774e-05,0,0,0,0,0,0,0,0,5.95614064248751e-05,0,0,0,3.26675682915515e-06,0,0,0,0,0,3.92958189248664e-05,8.39949334256158e-05,0,0,0,0,0,0,0,0,0,0,0,0,0,0,0,0,0,0,0,0,0,0,0.000105082489754457,0,0,0,0,0,0,8.10418743364697e-06,0,0,0,0,0,0,0,0,0,0,0,0,0,0,0,0,0,6.36516979090417e-05,0,0,0,0,0,0,0,0,0,0,0,0.000508957654723127,0.000262881177707676,3.96384969081972e-05,1.27019611828066e-05,0,0,0,7.30657664964234e-06,3.45227574016792e-06,0,0,0,0,0,0,0,0,0,0,0,0,0,0,9.36552804549944e-05,6.5576995589947e-05,0,0.000385171743800875,0,0,0,0,0,0,0,0,0,0,0,0,0,0,2.99463959512473e-05,0,0,0,2.10141425179146e-05,1.38404473232575e-05,0,0,0,0,0,0,2.09762339269608e-05,0,0,0,0,0,0,0,0,0,0,0,0,0,0,0,0,0,0,0,0,0,0,0,0,0,0.00014903129657228,0,0,0,2.46489906197532e-05,0,0,0,0,0,0,0,0,0,0,1.24125689673363e-05,0,0,0,0,0,2.46309463209577e-05,0,0.000135244793075467,0,0,0,0,0,0,0,2.25463891957703e-05,0,0,0,9.54077089428826e-05,0,0,0,0,0,0,0,0,0,0,0,0,0,0,0,0,0,0,0,0,0,0,0,0,0,0,0,0,0,0,0,0,0,0,0,0,0,0,0,0,0,5.56503931004643e-06,4.0126800690181e-06,0,0,0,0,0,0,0,0,0,0,0,0,0,0,0,0,0,0,0,0,0,0,0,0,0,0,0,0,0,0,0,0,0,0,0,0,0,0,0,0,0,0,0,4.95123038074962e-05,0,0,0,0,0,0,0,1.83037321309815e-05,0,0,0,0,0,0,0,0,0,0,0,1.76146271864156e-05,0,0,1.66184730946921e-05,0,1.19198603945951e-05,0,0,0,0,0,0,0,0,0,0,0,0,0.000100993298797586,0,0,0,0,0,0,0,1.72474258216961e-05,0,0,0,0,0,0,0,0,0,0,0,0,0,0,0,0,0,7.5642965204236e-05,0,0,0,0,0,5.36826283014816e-05,0,0.000186706497386109,0,0,0,0,0,0,0.000151676020021235,0,0,0,0,0,0,0,0,0,0,0,0,0.969435053845886,0.000485856186568776,0,0,0,0,0,0,0,0,0,0,0,0,0,0,0,1.63259975184484e-05,0,0,0,0,3.12052399838981e-06,0,0,0,0,0,0.000151469251741896,3.32205771576973e-06,0,0,0,0,2.73374922771584e-06,0,0,3.97413632082408e-06,0.000284854275729967,0,0,0,0,0,0,0,0,4.47147200858523e-05,0,0,0,0,0,0,0,0,0.000242704701190062,0,0,0,0,0,0,0,0,0,2.49421964597046e-06,0,0,0,0,0,0,0,0.000166002656042497,0,0,0,0,3.08838971360333e-05,0,0,0,0,0,0,0,0,0,0,0,0,0,0,0,0,0,0,0,0,7.07740797010503e-06,0,0,0,0,4.41580386765541e-06,0,0,0,0,0,0,0,0,0,0.000519345624513113,0,8.21247310415058e-06,0.000140663088700404,0,4.39483167794673e-05,0,0,0.00912523599748269,0,0,0,0,0,0,0,0,0,0,5.48787180331467e-05,0,0,0,0,0,0,0,0,0,0,1.91982798341269e-05,0,0,0,0,0.000167916713310198,0,0,0,0,0,0,0,0,0,0,0,0,0,2.46848566632656e-05,0,0,4.79156684235745e-08,6.07533414337789e-08,0,0
0,0,0,0,0,2.76571618220538e-05,2.86361462619806e-06,0,0,0,0,0,0,0,0,0,0,0,0,0,0,0,1.64152399087313e-05,0,0,0,0,1.8379650051463e-05,1.1132882080513e-05,6.7118598563662e-05,0,0,0,0,0,0,0,0,0,0,0,7.74035744970703e-06,0,0,0,0,0,0,0,0,0,0,0,0,0,0,0,0,0,0,0,0,0,0,0,0,0,0,0,0,0,0,0,2.47437781769774e-06,0,0,0,0,0,0,0,0,0,0,0,0,4.7431579945928e-05,0,0,0,0,1.97102591899083e-05,0,0,0,0,0,0,6.35073859089812e-06,0,0,0,0,0,0,0,0,0.00043951214152291,0,0,0,0,0,0,5.54059594650001e-06,0,0,0,3.26675682915515e-06,0,0,0,0,0,0.00275070732474065,0,0,0,0,2.20266743025804e-05,0,0,0,0,0,0,0,0,0,0,0,0,0,0,0,0,0,0,0,0,0,0,0,0,0,0,0,0,0,0,0,0,0,0,0,0,0,0,0,0,0,0,0,1.06086163181736e-05,0,0,0,0,0,0,0,0,0,0,0,0,0,0,0,0,0,0,0,3.45227574016792e-06,0,0,0,0,0,0,0,0,0,0,0,0,0,0,8.51411640499949e-06,0,0,8.55937208446388e-06,0,0,0,0,0,0,0,0,0,0,0,0,0,0,0.00021960690364248,0,0,0,0.000630424275537437,0,0,0,0,0,0,0,0,0,0,0,0,0,0,0,0,0,0,0,0,0,0,0,0,0,0,0,0,0,0,0,0,0,0,0,0,0,3.5912436664541e-06,0,0,0,0,0,0,0,0,0,0,6.20628448366816e-06,0,0,0,0,0,0,0,0,0,0,0,0,0,0,0,0,0,0,0,0,0,0,0,0,0,0,0,0,0,0,0,0,0,0,0,0,0,0,0,0,0,0,0,0,0,0,0,0,0,0,0,0,0,0,0,0,0,0,1.6548345992818e-05,0,0,1.39125982751161e-06,0,0,0,0,0,0,0,0,0,0,0,0,0,0,0,0,0,0,0,0,0,0,0,0,0,0,0,0.000194628260023355,0,0,0,0,0,0,4.15016482083146e-05,0,0,0,0,0,0,0,0,0,0,0,0,0,0,0,0,0,0,0,0,0,0,0,0,0,8.00403403315271e-06,0,0,0,0,0,0,0,0,0,0,0,0,0,0,0,0,0,0,0,0,0,5.94078228221092e-06,0,7.08112490750281e-06,0,0,0,0,0,0,0,0,0,0,0,0,0,0,0,0,0,0,0,0,0,0,0,0.000151285930408472,0,0,0,0,0,0,0,0,0,0,0,0,0,0,0,0,0,0,0,0,0,0,0,0,0,0,0,0.000104555117973025,0.975599222630101,0,0,0,0,0,0,0,0,0,0,0,0,0,0,0,1.63259975184484e-05,2.43872698451408e-05,0,0,0,9.36157199516943e-06,0,0,0,0,0,0,9.96617314730917e-06,0,0,0,0,0,0,0,3.97413632082408e-06,4.48589410598373e-06,0,0,0,0,0,0,0,7.16055394045283e-06,0,0,0,0,0,0,0,0,0,0,0,0,0,0,0,0,0,0,0,0,0,0,0,0,0,0,0,0,0,0,0,1.18133490844654e-05,0,0,0,0,0,0,0,0,0,0,0,0,0,0,0,0,0,0,0,0,0,0,0,0,0,0,1.4719346225518e-06,0,0,0,0,0,0,0,0,0,0,0,0,4.42291155191991e-05,0,0,0,0,0.000839102160688064,0,0,0,0,0,0,0,0,0,0,0,0,0,0,0,0,0,0,0,0,0,0,0,0,0,0,0,0,0,0,0,0,0,0,0,0,0,0,0,0,8.22828555442188e-06,0,0,9.5831336847149e-08,6.07533414337789e-08,0,0
0,0,0,0,0,0,0,0,0,0,0,0,0,0,0,0,0,0,0,0,0,0,0,0,0,0,0,0,0,0,0,0,0,0,0,0,0,0,0,0,0,0,0,0,0,0,0,0,0,0,0,0.000324044069993519,0,0,0,0,0,0,0,0,0,0,0,0,0,0,0,0,0,0,0,0,0,0,0,0,0,0,0,0.00593471810089021,0,0,0,0,0,0,0,0,0,0,0,0,0,0,0,0,0,0,0,0,0,0,0,0,0,0,0,0,0.000223588596981554,0,0,0,0,0,0,0,0,0,0,0,0,0,0,0,0,0,0,0,0,0,0,0,0,0,0,0,0,0.00012131505519835,0,0,0,0,0,0,0,0,0,0,0,0,0,0,0,0,0,0,0,0,0,0,0,0,0,0,0,0,0,0,0,0,0,0,0,0,0,0,0,0,0,0,0,0,0,0,0,0,0,0,0,0,0,0,0,0,0,0,0,0,0,0,0,0,0,0,0,0,0,0,0,0,0,0,0,0,0,0,0,0,0,0,0,0,0,0,0,0,0,0,0,0,0,0,0,0,0,0,0,0,0,0,0,0,0,0,0,0,0,0,0,0,0,0,0,0,0,0,0,0,0,0,0,0,0,0,0,0,0,0,0,0,0,0,0,0,0,0,0,0,0,0,0,0,0,0,0,0,0,0,0,0,0,0,0,0,0,0,0,0,0,0,0,0,0,0,0,0,0,0,0,0,0,0,0,0,0,0,0,0,0,0.000208391672147802,0,0,0,8.11293201362973e-05,0,0,0,0,0,0,0,0,0,0,0,0,0,0,0,0,0,0,0,0,0,0,0,0,0,0,0,0,0,0,0,0,0,0,0.000231535077564251,0,0.000539145838949436,0,0.000133725595078898,0,0,0,0,0,0,0,0,0,0,0,0,0,0,0,0,0,0,0,0,0,0,0,0,0,0,0,0,0,0,0,0,0,0,0,0,0,0,0,0,0,0,0,0,0,0,0,0.00018644541810385,0,0,0,0,0,0,0,0,0,0,0,0,0.000744186046511628,0,0,0,0,0,0,0,0,0,0,0,0,0,0,0,0,0,0,0,0,0,0,0,0,0,0,0,0,0,0,0,0,0,0,0,0,0,0,0,0,0,0,0,0,0,0.000684775165487332,0,0,0,0,0,0,0,0,0,0,0.956682406076781,0,0,0,0,0,0,0,0,0,0,0,0,0,0,0,0,0,0,0,0,0,0,0,0,0,0,0,0,0,0,0,0,0,0,0,0,0,0,0,0,0,0.00143361270401412,0,0,0,0,0.000141522785168412,0,0,0,0,0,0,0,0,0,0,0,0,0,0,0,0,0,0,0,0,0,0,0,0,0,0,0,0,0,0,0,0,0,0,0,0,0,0,0,0,0,0,0,0,8.7123192193762e-05,0,0,0,0,0,0,0,0,0,0,0,0.000165043736590196,0,0,0,0,0,0,0,0,0,0,0,0,0,0,0,0,0,0,0,0,0,0,0,0,0,0,0,0,0,0,0,0,0,0,0,0,0,0,0,0,0,0,0,0,0,0,0,0,0,1.57711293705742e-05,0,0,0,0,0,0,0,0,0,0,4.79156684235745e-08,0,0,0
0,0,0,0,0,0,0,0,0,0,0,0,0.000361532899493854,0,0,0,0,0,0,0,0,0,0,0,0,0,0,0,0,0,0,0,0,0,0,0,0,0,0,0,0,0,0,0,0,0,0,0,0,0,0,0,0,0,0,0,0,0,0,0,0,0,0,0,0,0,0,0,0,0,0,0,0,0,0,0,0,0,0,0,0,0,0,0,0,0,0,0,0,0,0,0,0,0,0,0,0,0,0,0,0,0,0,0,0,0,0,0,0,0,0,0,0,0,0,0,0,0,0,0,0,0,0,0,0,0,0,0,0,0,0,0,0,0,0,0,0,0,0,0,0,0,0,0,0,0.000318217979315831,0,0,0,0,0,0,0,0,0,0,0,0,0,0,0,0,0,0,0,0,0,0,0,0,0,0,0,0,0,0,0,0,0,0,0,0,0,0,0,0,0,0,0,0,0,0,0,0,0,0,0,0,0,0,0,0,0,0,0,0,0,0,0,0,0,0,0,0,0,0,0,0,0,0,0,0,0,0,0,0,0,0,0,0,0,0,0,0,0,0,0,0,0,0,0,0,0,0,0,0,0,0,0,0,0,0,0,0,0,0,0,0,0,0,0,0,0,0,0,0,0,0,0,0,0,0,0,0,0,0,0,0,0,0,0,0,0,0,0,0,0,0,0,0.00227037164996792,8.02729279550472e-05,0,0,0,0,0,0,0,0,0,0,0,0,0,0,0,0,0,0,0,0.000906995200483731,0,0,0,0,0,0,0,0,0,0,0,0,0,0,0,0,1.07308802541072e-05,0,0,0,0,0,0,0,0,0,0,0,0,0,0,0,0,0,0,0,0,0,0,0,0,0,0,0,0,0,0,0,0,0,0,0,0,0,0,0,0,0,0,0,0,0,0,0,0,0,0,0,0,0,0,0,0,0,0,0,0,0,0,0,0,0,2.13707178424123e-05,0,0,0,0,0,0,0,0,0,0,0,0,0,0,0,0,0,0,0,0,0,0,0,0,0,0,0,0,0.000323507167432446,0,0,0,0,0.000120569086086327,0,0,0,0,0,0,0,0,0,0,0,0,0,0,0,0,0,0,0,0,0,0,0,0,0,0,0,0,0,0,0,0,0,0,0,0,0,0,0.000486026731470231,0,0,0,0,0,0,0,0,0,0,0,0,0,0,0.967860798362334,0,0,0,0,0,0,0,0,0,0,0,0,0,0,0,0,0,0,0,5.83294447036864e-05,0,0,0,0,0,0,0,0,0,0,0,0,0,0,0,0,0,9.12075884713608e-05,0,0,0,0,0,0,0,0,0,0,0,0,0,0,0,0,0.000167224080267559,0,0,0,0,0,0,0,0,0,0,0,0,0,0,0,0,0,0,0,0,0,0,0,0,0,0,0,0,0,0,0,0,0,0,0,0,0,0,0,0,0,0,0,0,0,0,0,0,0,0,0,0,0,0,0,0,0,0,0,0,0,0,0.000715819613457409,0,0,0,0,0,0,0,0,0,0,4.78973081712808e-05,0,0,0,0,0,0,0,0,0,0,0,0,0,0.000188679245283019,0,0,0,0,0,0,0,0,0,0,0,0,0,0,0,0,0,0,0,2.18804017241757e-05,0,0,0,0
0,0,0.00200387415670296,0,0,0,0,0,0,0,0,0,0,0,0,0,0,0,0,0,0,0,0,0,0,0,0,0,0,0,0,0,0,0,0,0,0,0,0,0,0,0,0,0,0,0,0,0,0,0,0,0,0,0,0,0,0,0,0,0,0,0,0,0,0,0,0,0,0,0,0,0,0,0,0,0,0,0,0,0,0,0,0,0,0,0,0,0,4.83161810890467e-05,0,0,0,0,0,0,0,0,0,0,0,0,0,0,0,0,0,0,0,0,0,0,0,0,0,0,0,0,0,0,0,0,0,0,0,0,0,0.000384172109104879,0,0,0,0,0,0,0,0,0,0,0,0,0,0,0,0,0,0,0,0,0,0,0,0,0,0,0,0,0,0,0,0,0.00114070992417634,0,0,0,0,0,0,0,0,0,0,0,0,0,0,0,0,0,0,0,0,0,0,0,0,0,0,0,0,0,0.000493827160493827,0,0,0,0,0,0,0,0,0,0,0,0,0,0,0,0,0,0,0,0,0,0,0,0,0,0,0,0,0,0,0,0,0,0,0,0,0,0,0,0,0,0,0,0,0,0,0,0,0.00104881169634804,0,0,0,0,0,0,0,0,0,0,0,0,0,0,0,0,0,0,0,0,0,0,0,1.59228062353709e-05,0,0,0,0,0,8.16191742375933e-08,0,0,0,0,0,0,0,0,0,0,0,0,0,0,0,0,0,0,0,0,0,0,0,0,0,0,0,0,0,0,0,0,0,0,0,0,0,0,0,0,0,0,0,0,0,0,0,0,0,0,0,0,0,0,0,0,0,0,0,0,0,0,0,0,0,0,0,0,0,0,0,0,0,0,0,0,0,0,0,0,0,0,0,0,0,0,0,0,0,0,0,0,0,0,0,0,0,0,0,0,0,0,0,0,0,0,0,0,0,0,0,0,0,1.36521566994546e-05,0,0.000187079072087802,0,0,0,0,0,0,5.00375281461096e-05,0,0,0,0,0,0,0,0,0,0,0,0,0,0,0.000176146271864156,0,1.46130465279401e-05,0,0,0,0,0,0,0,0,0,0,0,0,0,0,0,0,0,0,0,0,0,0,0,0,0,0.000108225108225108,0,0,0,0,0,0,0,0,7.37327188940092e-05,0,0,0,0,0,0,0,0,0,0.00721153846153846,0,0,0,0,0,0,0,0.000191717791411043,0,0,0,0,0,0,0,0,0,0,0,0,0,0,0,0,0,0,0,0,0.981162540365985,0,2.14192387602545e-05,0,0,0,0,0,0,0,0,0,0,0,0,3.30924935193867e-05,0,0,0,0,0,0,0,0,0,0,0,0.00338600451467269,0,0,0,0,0,0,0,0,0,0,0,0,0,0,0,0,0,0,0,0,0,0,0,0,0,0,0,0,0,0,0,0,0,0,0,0,0,0,0.0012187690432663,0,0,0,0,0,0,0,0,0,0,0,0,0,0,0,0,0,0,0,0,0,0,0,0,0,0,0,0,0,0,0,0,0,0,0,0,0,0,0,0,0,0,0,0,0,0,0,0,0,0,0,0,0,0,0,0,0,0,0,0,0,0,0,0,0,0,0,0,0,0,0,0,0,0,0,0,0,0,0,0,0,0,0,0,0,0,0,0,0,0,0.000241584796263488,0,0,0,0,0,0,0,2.70758122743682e-07,0
0,0,0,0,0,0,0,0,0,0,0,0,0,0,0,0,0,0,0,0,0,0,0,0,0,0,0,0,0,0,0,0,0,0,0,0,0,0,0,0,0,0,0,0,0,0,0,0,0,3.50680319820452e-05,0,0,0,0,0,0,0,0,0,0,0,0,0,0,0,0,0,0,0,0,0,0,0,0,0,0,0,0,0,0,0,0,0,0,0,0,0,0,0,0,0,0,0,0,0,0,0,0,0,0,0,8.16459830176355e-06,0,0,0,0,0,0,0,0,0,0,0,0,0,0.000246163945187495,0,0,0,0,0,0,0,0,0,0,0,0,0,0,0,0,0,0,0,0,0,0,0,0,0,0,0,0,0,0,0,0,0,0,0,0,0,0,0,0,0,0,0,0,0,0,0,0,0,0,0,0,0,0,0,0,0,0,0,0,0,0,0,0,0,0,0,0,0,0,0,0,0,0,0,0,0,0,0,0,0,0,0,0,0,0,0,0,0,0,0,0,0,0,0,0,0,0,0.000698812019566737,0,0,0,0,0,0,0,0,0,0.000341763499658237,0,0,0,0,0,0,0,0,0,0,0,0.000551571980143409,0,0,0,0,0,0,0,0,0,0,0,0,0,0,0,0,0,0,0,0,0,0,0,0,0,0,0,0,0,0,0,0,0,0,0,0,0,0,0,0,0,0,0,0,0,0,0,0,0,0,0,0,0,0,0,0.000425687180734614,0,0,0,0,0,0,0,0,3.03665239440041e-05,0,0,0,0,0,0,0,0,0,0,0,0,0,0,0,0,0,0,0,0,0,0,0,0,0,0,0,0,0,0,0,0,0,0,0,0,0,0,0,0,0,0,0,0,0,0,0,0,0,0,0,0,0,0,0.000260654242147791,0,0,0,0,0,0,0,0,0,0,0,0,0,0,0,0,0,0,0,0,0,0,0,0,0,0,0,0,0,0,0,0,0,5.29919240307777e-05,0,0,0,5.49111963929445e-05,0,0,0,0,0,0,0,0,0,0,0,8.8073135932078e-06,0,0,1.66184730946921e-05,0,0,0,0,0.000300480769230769,0,0,0,0,0,0,0,0,0,0,0,0,0,0,0,0,0,0,0,0,0,0,0,0,0,0,0,0,0,0,0,0,0,0,0,0,0,0,0,0,0,0,0,0,0,0,0,0,0,0,0,0,0,0,0,0,0,0,0,0,0,0,0,0,0,0,0,0,0.994754327679664,0,0,0,0,0,0,0,0.000235793444942231,0,0,0,0,0,0,0,0,0,0,0,0,0,0,0,0,0,0,0,0,0,0,0,0,0,0,0,0,0,0,0,0,0,0,0,0,0,0,0,0.000237079184447606,0,0,0,0,0,0,0,0,0,0,0,0,0,0,0,0,0,0,0,0,0,0,0,0,0,0,0,0,0,0,0,0,0,0,0,0,0,0,0,0,0,0,0,0,0,0,0,0,0,0,0,7.35967311275902e-06,0,0,0,0.00016597510373444,0,0,0,0,0,0,0,1.64249462083012e-05,0,0,0,0,0,0,0,0,0,0,0,0,0,0,0,0,0,0,0,0,0,0,0,0,0,0,0,0,0,1.98008039126389e-05,0,0,0,0,0,0,0,0,0,0,0,0,0,0,0,0,0,0,0,0,0,0,0
8.21827744904668e-05,0,0,4.33179843275533e-06,0,0,1.43180731309903e-06,0,0.000191314329443275,0,0,0,0,0,0,0,0,0,0,8.42722668397057e-06,0,0,0,0,0,0,0,0,0,0,0,4.09785682088268e-05,0,0,0,0,0,0,0,0,0,0,0,0,0,0,0,0,0,0,0,0,0,0,0,0,0,0,0,0,0,0,0,0,0,0.00011768397928762,0,0,0,0,0,0,0,4.94875563539548e-06,0,3.84551292733262e-05,0,0,0,0,0,0,0,0.000782268578878748,4.23599579789217e-06,0,0,0,9.66323621780934e-05,0,0,0,0,0,0,0,0,0,0,0,0,0,0,6.06207565470417e-05,0,0,0,0,0,0,0,0,0,0,0,0,0,0,3.26675682915515e-06,0.000370164723301869,0,0,0,0,0,0,0,0,0,1.10133371512902e-05,0,0,0,0,0,0,0,0,4.07697325505545e-05,0,0,0,0,0,0,0,0,0,0,0.00279671386121307,0,0,0,0,0,0,1.52615835419083e-05,0,0,0,0,0,0,0,0,0,0,0,0,0,0,0,0,0,0,0,0,0,0,0,0,0,0,0,0,0,0.000262881177707676,0,0,0,0,5.07572988995818e-06,0,0,0,0,0,0,0,0,0,0,0,0,0,0.000886763046165422,0,0,0,0,0,4.27968604223194e-06,0,0,0,4.30700318718236e-05,0,0,0,0,0,0,0,0,0,1.77550513120983e-05,0,0,0,0,7.00471417263819e-06,0,0,0,0,0,0,0,4.19524678539215e-05,0,0,0,0,0,0,0,0,0,0,0,0,0,0,0,0,0,0,8.37233445801693e-06,0,5.50751776174478e-05,0,0,0.00168250985887086,0,0,0,0,0,0,0,0,2.84376497419994e-06,9.57982871266262e-06,0,0,0,0,0,0,6.20628448366816e-06,0,0,0,0,0,0,0,0,0,0,0,0,0,0,0,0,0,0.000244259892525647,0.00185820468839337,0,0,0,0,0,0,0,0,0,0,0,0,0,0,0,0,0,0,0,0,0,0,0,0,0,0,0,0,1.07308802541072e-05,0,0,0,0,0,0,0,0,0.00106487767217741,0,0,0,0,0,0,0,0,0,0,0,0,0,0,0,0,0,0,0,0,0,0,0,0,0,0,0,0,0,0,0,0,0,0.00015271838729383,0,0,0,0,0,0,0,0,0,0.00128504672897196,0,2.04782350491819e-05,0.000425362976406534,0,0,0,0,0,2.26244343891403e-05,0,0,0,0,1.2202488087321e-05,0,0,0,0,0,0,0,0,0,0,0,0,0,0.000599134907645546,0,0,0,0,0,0,0,0,0,0,0,0,0,4.37171847881684e-06,0,0,0,0,0,0,0,0,0.00102669404517454,5.74914194056537e-06,0,0,0,0,0,0,9.08512764604343e-05,0,0,0,0,0,0,6.66300201555811e-05,0,0,0.000154942671211652,0,0.00033217073575818,0,0,0,0,0,0,0,0,0,0,0,0,0,0,0,0,0,0.000228258388495777,0,0,0,0,0,0,0,0,0,0,0,0,0,0,0.975346456186947,0,0,0,0,0.000283699440706817,0,0,0,0,0,0,0,0,0,0,0,0,0,0,0,0,0,8.30514428942431e-07,0,0,0,0,0,0,0,0,0,0,0,0,0.000418410041841004,0,0,0,0,0,1.30874635186954e-05,0,0,0,0,0,0.000109829763866008,0,0,0,0,0,0,0,0,0,0,0,0,0,0,0,0,0,0,0,0,0,0,0,0,5.14731618933888e-06,0,0,0,0,0,0,0,0,0,0,2.84867821330902e-05,0,0,0,0,0,0,9.76705572105289e-05,0,0,0,0,0,9.22253988748501e-05,0,1.4719346225518e-06,0,0,0,0,0,0,8.03535556448373e-05,0,0,0,0,0,0,0,0,0,0,0,0,0,0.00912295251917893,0,0,0,0,0,0,0,0,0,0,0,0,0,6.75827889164226e-05,0,3.96852168598675e-06,0,0.000449438202247191,0,0,0,0,0,0,0,0,0,0,0,0,0,0,0,0,0,0,0,0,0,0,0,0,0,0
0,0,0,0,0.000130565347956652,2.76571618220538e-05,5.72722925239613e-06,0,0,0,0,0,0,0,0,0,0,0,0,0,1.26873498663599e-05,0,0,0,0,0,0,0,1.1132882080513e-05,0,0,0,0,0,0,0,0,0,0,0,0,0,0,0,0,0,0,0,5.51024906325766e-05,0,0,0,0,0,0,0,0,0,0,0,5.69174639854747e-06,0,0,0,0,0,0,0,0,0,0,0,0,2.47437781769774e-06,0,0,0,0,0,0,0,0,0,0,0,0,6.32421065945707e-05,0,0,0,0,0,0,0.00156272591079542,0,0,0,0,0,0,0,0,0,0,0,7.17118331695913e-06,0,0,0,0,0,0,0,0,1.385148986625e-06,0,0,1.73949345950459e-05,0,0,0,0,0,0,0,6.71959467404926e-06,0,0,0,0,1.12384805574286e-05,0,0,0,0,0,0,0,0,0,0,0,0,0,0,0,0,0,3.50274965848191e-05,0,0,0,0,0,0,2.43125623009409e-05,0,0,0,0,0,0,0,0,0,0,0,0,0,0,0,6.31911532385466e-05,0,2.12172326363472e-05,0,0,0,0,0,0,0,0,0.000286763019041064,0,0,0,0,0,0,0,0,0,3.65328832482117e-06,1.72613787008396e-05,0,0,0,5.31575590048905e-05,0,0,0,0,0,0,4.20698359276399e-06,0,0,0,1.7028232809999e-05,0,0,4.27968604223194e-06,0,0.000541854607228633,0,0,0,0,0,0,0,0,0,0,0,1.77550513120983e-05,0,0,0,0,0,0,0,0,0,0,0,0,0,0,0,0,0,0,0,0,0,0,0,0,0,0,0,0,0,0,0,0,0,0,0,0,0,0,0,0,0,0,1.32223062264901e-05,0,0,0,0,0,0,0,0,0,9.13876297704343e-06,6.20628448366816e-06,0,0,0,0,0,0,0,0,0,0,0,0,0,0,0,0,0,0,0,0,0,3.03665239440041e-05,0,0,0,0,0,0,0,0,0,0,0,0,0,0,0,0,0,0,0,0,0,0,0,0,0,0,0,0,0,0,0,0,0,0,0,0,0,0,0,2.08688974126741e-05,1.60507202760724e-05,0,0,0,0,0,0,0,0,0,0,0,0,2.12089077412513e-05,0,0,0,0,0,0,0,0,0,0,0,0,0,0,0,0,0,0,0,0,0,0,0,0,0,0,0,0,0,0,0,0,0,0,0,0,0,0,0,0,0,0,0,0,0,0,0,3.42641768031523e-05,0,0,0,0,0,0,0,2.74156789075686e-05,0,0,0,0,0,0,0,0,0,0,0,0,0,0,0,0,0,0,0,0,0,0.00430187789738352,0,0,0,0,0,0,0,0,8.825346394846e-05,0,0,0,0,0,0,0,0,0,0,0,0,0,0,0,0,0,0,0,0,0,0,5.05586733404116e-05,0,0,0,0,0,0,0,0,0,0,0,0,0,0,0,0,0,0,0,0.971447215265775,0,0,0.000116049669258443,0,0,0,0,0,0,3.26519950368968e-05,0,0,0,0,4.36873359774573e-05,0,0,0,0,0,0,8.30514428942431e-07,0,0,0,0,0.00017769369980153,0,0,3.97413632082408e-06,4.48589410598373e-06,0,0,0,0,0,0,0,2.38685131348428e-06,0,0,0,0,0,0,0,0,0,2.6967189021118e-06,0,0,0,0,0,0,0,0,0,2.49421964597046e-06,0,0,5.68685880666955e-06,0,0,0,0,0,0,0,0,0,1.02946323786778e-05,0,0.000101543694944278,0,0,0,0,0,0,0,0,0,1.8067500180675e-05,0,0,0,0,0,0,0,0,3.06687678704551e-05,0,0,0,0,2.94386924510361e-06,0,0,0,0,0,0,0,0,0,0,0,8.21247310415058e-06,9.4258770778621e-06,0,1.09870791948668e-05,0,0,0,0,0,0,0,0,0,0,0,0,0,0,0,0,0,0,0,0,0,0,0,0,0,0,0,0,0,0,0,0,0,0,0,0,0,0,0,9.18098006962243e-05,0,0,0,0,0,0,0,0,0,0
0,0,0,0,0,0.000497828912796969,0,0,0,0,0,0,0,0,0,0,0,0,0,0,0,0,8.20761995436563e-06,0,0,0,0,0,1.1132882080513e-05,3.3559299281831e-05,0,0,0,0,0,0,0,0,0,0,0,0,0,0,0,0,0,0,0,0,0,0,0,0,0,0,0,0,0,0,0,0,0,0,0,0,0,0,0,0,0,0,0,0,0,0,0,0,0,0,0,0,0,0,0,0,0,0,0,0,0,0,0,0,0,0,0.00124478289521857,0,4.12798008408378e-05,0,0,0,0,0,0,0,0,0,0,0,0,0.00176317517449354,0,0,1.939208581275e-05,0,0,0,0,0,0,0,0,0,0,0,0,0,0,1.10133371512902e-05,0,0,0,0,0,0,0,0,0,0.000241138172172655,0,0,0,0,0,0,0,0,0,0,0,0,0,0.000182731841023298,0,0,0,0,0,0,0,0,0,0,0,0,0,0,0,0,0,0,0,4.24344652726945e-05,0,0,0,0,0,0,0,0,0,0,0,0,0,0,0,0,0,0,0,3.45227574016792e-06,0,0,0,0,0,0,0,0,0,0,0,0,0,0,0,0,0,1.28390581266958e-05,0,0,0,0,0,0,0,0,0,0,0,0,0,0,0,0,0,0,0,0,0,0.00110192837465565,0,0,0,0,0,0,0,0,0,0,0,0,0,0,0,0,0.00317359568390987,0,0,0,0,0,0,0,0,5.50751776174478e-05,0,0,0,0,0.000596125186289121,0,0,0,4.08095871187966e-07,0,0,0,0,0,0,0,0,0,0,0,0,0,0,0.000139230519329837,0,0.000492618926419153,0,0,0,0,0,0,0,0,0,0.00154442765991027,0,0,0,0,0,0,0,0,0,0,0,0,0,0,0,0,0,0,0,0,0,0,0,0,0,0,0,0,0,0,0,0,0,0,0,0,0,0,0,0,0,0,0,0,0,0,0,0,0,0,0,0,0,0,0,0,0,0,0,0,0,0,0,0,0,0,0,0,0,0,0,0,0,0.00681198910081744,0,0,0,0,0,0,0,0,0,0,0,0,0,0,0,0,0,0,0,0,0,0,0,0,0,0,0,0,0,0,0,0.000162317899606379,0,0,0,0,0,0,0,0,0,0,0,0,0,0,0,0,0,0,0,0,0,0,6.53486051043201e-05,0,0,0,0,0,0,0,0,0,0,0,0,0,0,0,0,0,0,0,0,0,0,0,0,0,0,0,0,0,0,0,0,0,0.000840179238237491,0,0,0,0,0,0,0,0,0,0,0,0,0,0,0,0,0,0,0,0,0,0,0,0,0,0,0,0.981396465328412,0,0,0,0,0,0,0,0,0,0,0,0,0,0,0,0,0,0,0,0,0,0,0,0,0,0,6.35795273921797e-05,0,0,0,0,0,0,0,0,0,0,4.77370262696856e-06,0,0,0,0,0,0,0,0,0,2.6967189021118e-06,0,0,0,0,0,0,0,0,0,0,0,0,0,0,0,0,0,0,0,0,0,0,0,0,0,0,0,0,0,0,0,0,0,0,0,0,0,0,0,0,0,0,0,0,0,0,0,0,0,0,0,0,0,0,0,0,0,0,0,0,0,7.25067467527853e-07,0,0,0,0,0,0,0,0,0,0,0,0,0,0,0,5.48787180331467e-05,0,0,0,0,0,0,0,0,0,0,1.91982798341269e-05,0,0,0,0,0,0,0,0,0,0,0,0,0,0,0,0,0,0,1.64565711088438e-05,0,0,9.5831336847149e-08,7.29040097205346e-07,0,0
0,0,0,0,0,0,0,0,0,0,0,0,0,0,0,0,0,0,0,0,0,0,0,0,0,0,0,0,0,0,0,0,0,0,0,0,0,0,0,0,0,0,0,0,0,0,0,0,0,0,0,0,0,0,0,0,0,0,0,0,0,0,0,0,0,0,0,6.55222120298781e-05,0,0,0,0,0,0,0,0,0,0,0,0,0,5.76003686423593e-05,0,0,1.27079873936765e-05,0,0,0,0,0,0,0,0,0,0,0,0,0,0,0.000837012358241289,0,0,0,0,0.000286820593718629,0,0,0,0,0,0,0,0,0,0,0,0,0,0,0,0,0,0,0,0,0,0,0,0,0,0,0,0,0,0,0,0,0,4.07697325505545e-05,0,0.000150659133709981,0,0,0,0,0,0.00233739018296123,0,0,0,0,0,0,0,0,0,0,0,0,0,0,0,0,0,0,0,0,0.000144833079875444,0,0,0,0,0,0,0,0,0,0,0,0,0,0,0,0,0,0,0,0,0,0,0,0,0,0,0,0,0,0,9.1287519170379e-05,0,0,0,0,0,0,2.68716074595582e-05,0,0,0,0,0,0,0,0,0,0,0,0,0,0,0,0,0,0,0,0,0,0,0,0,0,0,0,0,0,0,0,0,0,0,0,0.000182149362477231,1.74895499938787e-05,0,0,0,0,0,0,2.45704270340219e-05,0,0,0,0,0,0,0,0,0,0,0,0,5.30760207845697e-06,0,0,0,0,0,0,0,0,0,0,0,0,0,0,0,0,0,0,0,0,0,0,0,0.000692383778437191,0,0,0,0,0,0,0,0,0,0,0,0,0,0,0,0,0.000171526586620926,0,0,0,0,0,0,0,0,0,4.80942647589275e-05,0,0,0,0,0,4.12441851125858e-05,0,0,0,0,0,0,0,0,0,0,0,0,0,0,0,0,0,0,0,0,0,0,0,0,0,0,0,0,0,0,0,0,0,0,7.94817788022096e-06,0,0,0,0,0,0,0,1.67156993848623e-05,0,0,0,0,0,0,0,0,0,0,0,0,0,0,0,0,0,0,0,0,0,0,0,0,0,0,0,0,0,0,0,0,0,0,0,0,0,0,0,0,0,0,0,0,2.03636956034781e-05,0,0,0,0,0.000322762849995965,0,0,0,0,0,0,0,0,0,0,0,0,0,0,0,0,0,0,0,0,0,0,0,0,0,0,0,0,0,0,0,0,0,1.66575050388953e-05,0,0,0,0,0,0,0,0,0,0,0,0,0,0,0,0,0,0,0,0,0,0,0,0,0,0,0,0,0,0,0,0,0,0,0,0,0,0,0,0,0.97206560738083,0,0,0,0,0,0,0,0,0,0,0,0,0,0,0,0,0,0,0,8.30514428942431e-07,0,0,0,0,0,0,0,0,0,0,0,0,0,0,0,0,0,0,0,0,1.44684298859888e-05,0,0,0,0,0,0,0,0,0,0,0,0,0.000234617866150507,0,0,0,0,0,0,0,0,0,0,0,0,0,0,0,0,0,2.30781124873359e-06,0,0,0,0,0,0,0,0,2.84867821330902e-05,0,0,0,0,0,0,0,0,0,0,0,0,0,0,1.4719346225518e-06,0,0,0,0,0,0,0,0,0,0,0,0,0,0,0,0,0,0,0,0,0,0,0,0,0,0,0,0,0,0,0,0,0,0,0,0,7.93704337197351e-06,0,0,0,0,0,0,0,0,5.71363272768826e-05,0.000193798449612403,0,0,0,0,0,0,0,0,0,0,0,0,0,0,0,0,0,0
0,0,0,0,0,0,0,0,0,0,0,0,0,0,0,0,0,0,0,0,0,0,0,0,0,0,0.00031640563202025,0,0,0,0,0,0,0,0,0,0,0.00360230547550432,0,0,0,0,0,0,0,0,0,0,0,0,0,0,0,0,0,0.000135098621994056,0,0,0,0,0,0,0,0,0,0,0,0,0,0.00112023898431665,0,0,0,0,0,0,0,0,0,0,0,0,0,0,0,0,0,0,0,0,0,0,0,0,0,0,0,0,0,0,0,0,0.00355871886120996,0,0,0,0,0,0,0,0,0,0,0,0,0,0,0,0,0,0,0,0,0,0,0,0,0.0016750418760469,0,0,0,0,0,0,0,0,0,0,0,0,0,0,0,0,0,0.000159108989657916,0,0,0,0,0,0,0,0,0,0,4.57847506257249e-05,0,0,0,0,0,0,0,0,0,0,0,0,0,0,0,0,0,0,0,0,0,0,2.85160260066157e-05,0,0,0,0,0,0,0,0,0,0,0,7.10602184594145e-05,0,0,0,0,0,0,0,0,0,0,0,0,0,0,0,0,0,0,0,0,0,0,0,0,0,0,0,0,0,0,0,0,0,0,0,0,0,0,0,0,0,0,0.000105145667189699,0,0,0,0,0,0,0,0,0,0,0,0,0,0,0,0,0,0,0,0,0,0,0,0,5.50751776174478e-05,0,0,0,0,0,0,0,0,0,0,0,0,0,0,0,0,0,0,0,0,6.07182974589393e-05,0,0,0,0,0,0,0,0,0,4.01364639775236e-05,0,0,0,0,0,0,0,0,0,0,0,0,0,0,0,0,0,0,0,0,0,0,0,0,0,0,0,0,2.17074658487294e-06,0,0,0,0,0,0,0,0,0,0,0,0,0,0,0,0,0,0,0,0,0,0,0,0,0,0,0,0,0,0,0,0,0,0,0,0,0,0,0,0,0,0,0,0,0.000400761446748823,0,0,0,0,0,0,0,0,0,0,0,0,0,0,0,0,0,0,0,0,0,0,0,0,0,0,0,0,0,0,0,0,0,0,0,0,0,0,0,0,0,0,0,0,0,0,0,0,0.00228631727048892,0,0,0,0,0,0,0,0,0,0,0,0,0,0,0,0,0,0,0,0,0,0,0,0,0,0,0,0,0,0,0,0,0,0,0,0,0,0,0,0,0,0,0,0,0,0,0,0,0,0,0,0,0,0,0,0,0,0,0.000207684319833853,0,0,0,0,0,0,0,0,0,0,0,0,0,0,0,0.983753046303818,0,0,0,0,0,0,0,0,0,0,0,0,0,0,0,0,0,0,0,0,0,0,0,0,0,0,0,0,0,0,0.000273622765414082,0,0.000330141961043249,0,0,0,0,0,0,1.44684298859888e-05,0,0,0,0,0,0,0,0.00133779264214047,0,0,0,0,0,0,0,0,0,0,0,0,0.00120898100172712,0,0,0,0,0,0,0,0,0,0,0,0,0,0,0,0,0,0,0,0,0,0,0,0.00205519671168526,0,0,0,0,0,0,0,0,0,0,0,0,0,0,0,0,0,0,0,0,0,0,0,0,0,0,0,0,0,0,0,0,0,0,0,0,0,0,0,0,0,0,0,0,0,0,0,0,0,0,0,0,0,0,0,0,0,0,0,0,7.88556468528711e-05,0.000104975855553223,0,0,0,0,0,0,0,0,0,0,0,0,0
0,0,0,0,0,0,0,0,0,0,0,0,0,0,0,0,0,0,0,0,0,0,0,0,0,0,0,0,0,0,0,4.09785682088268e-05,0,0,0,0,0,0,0,0,0,0,0,0,0,0,0,0,0,0,0,0,0,0,0,0,0,0,0,0,0,0,0,0,0,3.92279930958732e-05,0,0,0,0,0,0,0,0,1.30206637934402e-05,0,0,0,0,0,0,0,0,0,1.27079873936765e-05,0,0,0,4.83161810890467e-05,0,0,0,0,3.076232107865e-06,0,0,0,0,0,0,0,0,0,0,0,0,0,0,0,0,0,0,0,0,0,0,0,0,0,0,0,0,0,0,0,0,0,0,0,0,0,0,0,0,0,0,0,0,0,0,0,0,0,0,0,0,0,0,0,0.000524383848977452,0,0,0,0,0.00016221915808257,0,0,0,0,0,0,0,0,0,0,0,0,0,0,0,0,0,0,0,0,0,0,0,0,0,0,0,0,0,0,0,0,0,0,0,0.000280741156653565,0,0,0,0,0,0,0,0,0,0,0,0,0,0,5.37432149191165e-05,0,0,0,0,0,0,0,0,0,0,0,0,0,0,0,0,0,0,0,0,0,0,0,0,7.00471417263819e-06,0,0,0,0,0,0,0,0,0,0,0,0,0,0,0,0,0,0,0,0,0,0,0,0,0,0,4.18616722900846e-06,0,5.50751776174478e-05,0,0,5.04222197453413e-05,0,0,0,0,0,8.16191742375933e-08,0,0,2.84376497419994e-06,0,0,0,0,0,0,0,0,0,0,0,0,0,0,0,0,0,0,0,0,0,0,0,0,0,0,0.000357347055460263,0,0,0,0,0,0,0,0,0,0,0,0,0,0,0,0,0,0,0,0,0,0,0,0,0,0,0,2.8048130592096e-05,0,0,0,0,0,4.84439793822424e-06,0,0,0,0.000392673641615419,0,0,0,0,0,0,0,0,0,0,0,0,0,0,0,0,0,7.94817788022096e-06,0,0,0,0,0,0,0,0,0,0,0,0,0,2.37665177298222e-05,0,0,0,0,0,0,0,0,0,0,0,0,0,5.46086267978184e-05,2.83575317604356e-05,0,0,0,0,0,0,0,0,0,0,6.1012440436605e-06,0,0,0,0,0,0,0,0,0,0,0,0,0,0.000102291325695581,0,0,0,0,0,0,0,0,0,0,0,0,2.43593491181916e-05,0,0,0,0,0,0,0,0,0,0,5.74914194056537e-06,0,0,0,0,0,0,0,0,0,0,0,0,0,1.66575050388953e-05,0,0,0.00100712736287574,0,0.0136466810607319,0,0,0,0,0,0,0,0,0,0,0,0,0,0,0,0,0,0,0,0,0,0,0,0,0,0,0,0,0,0,0,0,0.000149934671321781,0,0,0,0,0.972116397827673,0,0,0,0,0,1.63259975184484e-05,0,0,0,0,3.12052399838981e-06,0,0,0,0,0.000201409869083585,0,0,0,0,0,0,0,0,0,0,0,0,9.99000999000999e-05,0,0,0,0,0,2.38685131348428e-06,4.47147200858523e-05,0,0,0,0,0.000155400155400155,0,0.000146439685154677,0,0,0,0,0,0,0,0,0,0,0,0,0,0,0,0,0,0,0,0,0,0,0.0001900779319521,0,0,0,0,0,0,0,0,0,0,0,0,0,0,0,0,0,0,0,0.000610440982565806,0,0,0,0,0,0,0,0,0,0,0,0,0,0,0,0,0,0,0,0,0,0,0,0,0,0,0,0,0,0,0,0,0,0,0,0,0,0,0,0,0,0,0,0,0,0,0,0,0,0,0,0,0,0,0,0,0,0,0,0,0,0,0,0,0,0,0,0,0,0,0,0,0
0,0,0,0,0,0,0,0,0,0,0,0,0,0,0,0.00178961417131764,0,0,0,0,0,0,0,0,4.4992351300279e-05,0,0,0,0,0,0,8.19571364176536e-05,0,0,0,0,0,0,0,0,2.21695080586162e-05,0,0,0,0,0,0,0,0,0,0,0,0,0,0,0,0,0,0,0,0,0,0,0,0,0,0,0,0,0,0,0,0,0,0,0,0,0,0,0,0,0,0,0,4.23599579789217e-06,0,0,0,0,0,0,0,0,0,9.67202174270488e-06,0,0,0,0,8.2060035121695e-06,0,0,0,0,0,0,0,0,0,0,0,0,0,7.35474380975729e-05,0,0,0,0,0,0,0.000355871886120996,0,0,0,0,0,0,0,0,0,0,0,0,0,0,0,0,0,0,0,0,0,0,0,0,0,0,0,0,0,0,0,0,0,0,0,0,0,0,0,0,0,0,0,0,0,0,0,0,0,0,0,0,0,0,0,0,0,0,0,0,0,0,0,0,0,0,0,0,0,0,0,0,0,0,0.00150323774283071,0,0,1.82575038340758e-05,0,0,0,0,0,0,0,0,0,0,0,3.76789751318764e-05,0,0,0,0,0,0,0,0,0,0,0,0,0,0,0,0,0,0,0,0,0,0,0,0,0,0,0,0,0,0,0,0,0.000143458301453711,0,0,0,0,0,1.63802846893479e-05,0,0,0,0,0,0,0,4.18616722900846e-06,0,0,0,0,2.65380103922849e-06,0,0,0,0,0,8.16191742375933e-08,0,0,0.000125125658864797,0,3.68076967725313e-05,0,0,0,0,0,0,0,0,0,0,0,0,0,0,0,0,0,0,0,0,0,0,6.70106546940964e-05,0,0,0,0,0,0,0,0,0,0,0,0,0,0,0,0,2.40471323794638e-05,0,0,0,0,0,2.17074658487294e-06,0,0,0,0,0,0,0,0,0,0.00484391819160388,0,0,0,0,0,0,0,0,0,0,0,0,0,8.84642604387827e-05,0,0,0,0,0,0,0,0,0,0,6.35854230417677e-05,0,0,0,0,0,0,0,0,0,0,0,0,0,2.37665177298222e-05,0,0,0,0,0,0,0,0,0.000157728706624606,0,0,0,0.0102607232968881,0,0,0,0,0,0,0,0,0,0,0,0,0,0,0,0,0,0,0,0,0,0,0,0.000182826497653727,0,0,0,0,0,0,0,0,0,0,0,0,0,0,0,0,0,0,0,0.000120293516179478,0,0,0,0,0,0,0,0,0,9.85804416403785e-05,0,0,0,0,0,0.000471253534401508,0,0,0,0,0,0,0,0,0,0,0,0,0,0,0,0,0,0,0,0,0,0,0,0,0,0,0,0,0,0,0,0,0,0,0,0,0,0,0,0,0,0,0,0,0,0,0,0,0.98950667756882,0,0,0,0,0,0,0,0,0.00026020295830748,0,0,0,0,0,0,0,0,0,0,0,0,0,0,0.00018536826495304,0,0,0,0,0,0,0,0,0,0,0,0,0,0,0,0,0,0,0,0,0,0,0,0,0,0,0,0.000432962909510752,0,0,0,0,0,0,0,0,0,0,0,0,0,0,0,0,0,0,0,0,0,0,0,0,0,0,0,0,0,0,0,5.66700668706789e-05,0,0,0.000158746957349984,0,0,0,0,0,0,0,0,0,0,0,0,0,0,0,0,0,0,0,0,0,0,0,0,0,0,0,0,0,0,0,0,0,0,0,0.000175977474883215,0,0,0.000336021505376344,0,0,0,7.93704337197351e-06,0,0,0,0,0,0,0,0,0,0,0,0,0,0,0,0,0,0,0,0,0,0,0,0,1.91662673694298e-07,0,0,0
0,0,0,0,0,0,0,0,0,0,0,0,0,0,0,0,0,0,0,0,0,0,0,0,0,0,0,0,0,0,0,0,0,0,0,0,0,0,0,0,0,0,0,0,0,0,0,0,0,0,0,0,0,0,0,0,0,0,0,0,0,0,0,0,0,0,0,0,0,0,0,0,0,0,0,0,0,0,0,0,0,0,0,0,0,0,0,0,0,0,0.00119760479041916,0,0,0,0,0,0,0,0,0,0,0,0,0,0,0,0,0,0,0,0,0,0,0,0,4.10273241979158e-05,0,0,0,0,0,0,0,0,0,0,0,0,0,0,0,0,0,0,0,0,0,0,0,0,0,0,0,0,0,0,0,0,0,0,0,0,0,0,0,0,0,0,0,0,0,0,0,0,0,0,0,0,0,0,0,0,0,0,0,0,0,0,0,0,0,0,0,0,0,0,0,0,0,0,0,0,0,0,0,0,0,0,0,0,0,0,0,0,0,0,0,0,0,0,0,0,0,0,0.000524109014675052,0,0,0,0,0,0,0,0,0,0,0,0,0,0,0,0,0,0,0,0,0,0,0,0,0,0,0,0,0,0,0,0,0,0,0,0,0,0,0,0,0,0,0,0,0,0,0,0,0,0,0,0,0,8.16191742375933e-08,0,0,0,0,0,0,0,0,0,0,0,0,0,0,0,0,0,0,0,0,0,0,0,0,0,0,0,0,0,0,0,0,0,0,0,0,0,0,0,0,0,0,0,0,0,0,0,0,0,0,0,0,0,0,0,0,0,0,0,0,0,0,0,0,0,0,0,0,0,0,0,0,0,0,0,0,0,0,0,0,0,0,0,0,0,0,0,0,0,0,0,0,0,0,0,0,0,0,0,0,0,0,0,0,0,0,0,0,0,0,0,0,0,0,0,0,0,0,0,0,0,1.05983848061555e-05,0,0,0,0,0,0,0,0,0,0,0,0,0,0,0,0,0,0,0,0,0,0,0,0,0,0,0,0,0,0,0,0,0,0,0,0,0,0,0,0,0,0,0,0,0,0,0,0,0,0,0,0,0,0,0,0,0,0,0,0,0,0,0,0,0,0,0,0,0,0,0,0,0,0,0,0,0,0,0,0,0,0,0,0,0,0,0,0,0,0,0,0,0,0,0,0,0,0,0,0,0.995284131101155,0,0,0,0,0,0,0,0,0,0,0,0,0,0,0,0,0,0,0,0,0,0,0,0,0,0,0,0,0,0,0,0,0,0,0,0,0,0,0,0,0,0,0,0,0,0,0,0,0,0,0,0,0,0,0,0,0,0,0,0,0,0,0,0,0,0,0,0,0,0,0,0,0,0,0,0,0,0,0,0,0,0,0,0,0,0,0,0,0,0,0,1.4719346225518e-06,0,0,0,0,0,0,0,0,0,0,0,0,0,0,0,0,0,0,0,0,0,0,0,0,0,0,0,0,0,0,0,0,0,0,0,0,0,0,0,0,0,0,0,0,0,0,0,0,0,0,0,0,0,0,0,0,0,0,0,0,0,0,0,8.12274368231047e-07,0
0,0,0,0,0,0,0,0,0,0,0,0,0,0,0,0,0,0,0,0,0,0,0,0,0,0,0,0,0,0,0,0,0,0,0,0,0,0,0,0,0,0,0,0,0,0,0,0,0,0,0,0,0,0,0,0,0,0,0,2e-04,0,0,0,0,0,0,0,0,0,0,0,0,0,0,0,0,0,0,0,0,0,0,3.19693094629156e-05,0,0,0,0,0,0,0,0,0,0,0,0,0,0,0,0,0,0,0,0,0,0,0,0,0,0,0,0,0,0,0,0,0,0,0,0,0,0,0,0,0,0,0,0,0,0,0,0,0,0,0,0,0,0,0,0,0,0,0,0,0,0,0,0,0,0,0,0,0,0,0,0,0,1.52615835419083e-05,0,0,0,0,0,0,0,0,0,0,0,0,0,0,0,0,0,0,0,0,0,0,0,0,0,0,0,0,0,0,0,0,0,0,0,0,0,0,0,0,0,0,0,0,0,0,0,0,0,0,0,0,0,0,0,0,0,0,0,0,0,0,0,0,0,0,0,0,0,0,0,0,0,0,0,0,0,8.08812824536146e-06,0,0,0,0,0,0,0,0,0,0,0,0,0,0,0,0,0,0,0,0,0,0,0,0,0,0,0,0,0,0,0,0,0,0,0,0,0,0.000172436916827927,0,0,0,0,0,0,0,0,0,0,0,0,0,0,0,0,0,0,0,0,0,0,0,0,0,0,0,0,0,0,0,0,0,0,0,0,0,0,0,0,0,0,0,0.000428510212826739,0,0,0,0,0,0,0,0,0,0,0,0,0,0,0,0,0,0,0,0,0,0,0,0,0,0,0,0,0,0,0,0,0,0,0,0,0,0,0,0,0,0,0,0,0,0,0,0,0,0,0,0,0,0,0,0,0,0,0,0,0,0,0,0,0,0,0,0,0,0,0,0,0,0,0,0,0,0,0,0,0,0,0,0,0,0,0,0,0,0,0,0,0,0,0,0,0,0,0,0,0,0,0,0,0,0,0,0,0,0,0,0,0.0144717800289436,0,0,0,0,0,0,0,0,0,0,0.00186846038863976,0,0,0,0,0,0,0,0,0,0,0,0,0,0,0,0,0,0,0,0,0,0,0,0,0,0,0,0,0,0,0,0,0,0,0,0,0,0,0,0,0,0,0,0,0,0,0,0,0,0,0,0.981894600711284,0,0,0,0,0,0,0,0,0,0,0,0,0,0,0,0,0,0,0,0,0,0,0,0,0,0,0,0,0,0,0,0,0,0,0,0,0,0,0,0,0,0,0,0,0,0,0,0,0,0,0,0,0,0,0,0,0,0,0,0,0,0,0,0,0,0,0,0,0,0.000377500943752359,0,0,0,0,0,0,0,0,0,0,0,0,0,0,0,0,0,0,0,0,0,0,0,0,0,0,0,0,0,0,0,0,0,0,0,0,0,0,0,0,0,0,0,0,0,0,0,0,0,0,0,0,0,0,0,0,0,0,0,0,0,0,0,0,0,0,0,0,0,0,0,0,0,0,0,0,0,0,0,0,0,0,0,0,2.70758122743682e-07,0
0,0,0,0,0,0,0,0,0,0,0,0,0,0,0,0,0,0,0,0,0,0,0,0,0,0,0,0,0,0,0,0,0,0,0,0,0,0,0,0,0,0,0,0,0,0,0,0,0,0,0,0,0,0,0,0,0,0,0,0,0,0,0,0,0,0,0,0,0,0,0,0,0,0,0,0,0,0,0,0,0,0,0,0,0,0,0,0,0,0,0,0,0,0,0,0,0,0,0,4.10300175608475e-05,0,0,0,0,0,0,0,0,0,0,0,0,0,0,0,0,0,0,0,0,0,0,0,0,0,0,0,0,0,0,0,0,0,0,0,0.000108064298257463,0,0,0,0,0,0,0,0,0,0,0,0,0,0,0,0,0,0,0,0,0,0,0,0,0,0,0,0,0,0,0,0.00123108117894127,0,0,0,0,0,0,0,0,0,0,0,0,0,0,0,0,0,0,0,0,0,0,0.000842223469960696,0,0,0,0,0,0,0,1.82575038340758e-05,0,0,0,0,0,0,0,0,0,0,0,0,0,0,0,0,0,0,0,0,0,0,0,0,0,0,0,0,0,0,0,0,0,0.000273897562311695,0,0,0,0,0,0,0,0,0.00200364298724954,0,0,0,0,0,0,0,0,0,0,0,0,0,0,0,0,0,0,0,0,0,0,0,0,0,0,0,0,0,0,0,0,0,0,0,0,0,0,0,0,0,0,0,0,0,0,0,0,0,0,0,0,0,0,0,0,0,0,0,0,0,0,0,0,0,0,0,0,0,0,0,1.20235661897319e-05,0,0,0,0,0,3.90734385277128e-05,0,0,0,0,0,0,0,0,0,0,0,0,0,0,0,0,0,0,0,0,0,0,0,0,0,0,0,0,0,0,0,0,0,0,0,0,0,0,0,0,0,0,0,0,0,0,0,0,0,0,0,0,0,0,0,0,0,0,0,0,0,0,0,0,0,0,0,0,0,0,0,0,0,0,0,0,0,0,0,0,0,0,0,0,0,0,0,0,0,0,0,0,0,0,0,0,0,0,0,0,0,0.000365390236772873,0,0,0,0,0,0,0,0,0,0,0,0,0,0,0,0,0,0,0,0,0,0,0,0,0,0,0,0,0,0,0,0,0,0,0,0,0,0,0,0,0,0,0,0,0,0,0,0,0,0,0,0,0,0,0,0,0,0,0,0,0,0,0,0,0,0,0,0,0,0,0,0.982985111972976,0,0,0,0,0,0,0,0,0,0.0075817406412889,0,0,0,0,0,0,0,0,0,0,0,0,0,0,0,0,0,0,0,0,0,0,0,0,0,0,0,0,0,0,0,0,0,0,0,0,0,0,0,0,0,0,0,0,0,0,0,0,0,0,0,0,0,0,0,0,0,0,0,0,0,0,0,0,0,0,0,0,0,0,0,0,0,0,0,0,0,0,0,0,0,0,0,0,0,0,0,0,0,0,0,0,0,0,0,0,0,0,0,0,0,0,0,0,0.000329924117452986,0,0,0,0,0,0,0,0,0,0,0,0,0,0,0,0,0,0,0,0,0,0,0,0,0,0,0,0,0,0,0,0,0,0,0,0,0,0,0,0
0,0,0,0,0,0,0,3.64721243553552e-06,0,0,0,0,0,0,0,0,0,0,0,0,0,0,0,0,0,0,0,0,0,0,0,0,0,0,0,0,0,0,0,0,4.43390161172324e-05,7.74035744970703e-06,0,0,0,0,0,0,0,0,0,0,0,0,0,0,0,0,0,0,0,0,0,0,5.34616412723871e-05,0,0,0,0,0,0,0,0,0,0,0,0,0.00056017580902314,0,0,0,0,0,0,0,7.12377560106857e-05,0,0,0,0,0,0,0,0,1.93440434854098e-05,0,0,0,0,0,0,0,0,0,0,0,0,0,0,0,0,0,0,2.4515812699191e-05,0,0,0,8.69746729752296e-05,6.5335136583103e-06,0,0,0,0,0,3.92958189248664e-05,0,0,0,0,0,0,0,0,0,0,0,0,0,0,0,0,0,0.00129217777454228,4.29000429000429e-05,0,0,0,0,0,0,0,0,0,0,0,0,0,0,0,0,0,3.71774853148933e-05,1.33738114025116e-05,0,0.000535025031528261,0,0,0,0,0,0,0,0,0,0,0,0,0,0,0,0,0,0,0,0,0,0,0,1.27019611828066e-05,0,0,0,0,0,0,1.92722787542399e-05,0,0,0,0,0,0,0,0,0,0,0,0,0,0,0.000301431801055011,0,0,0,0,0,0.00198176773682124,0,0,0,0,0.000694444444444444,0,0,0,0,0,0,0,0,7.00471417263819e-06,0,0,0,0,0,0,0,0,0,8.26332461093513e-05,0,1.74895499938787e-05,0,6.8203519301596e-05,0,0.0002002002002002,0,0,0,0,0,0,0,0,0,0,0,0,0,2.91027618520998e-05,0,0,0,0,0,0,0,3.26476696950373e-07,0,0,5.97190644581988e-05,0,8.49408387058414e-06,0,0,0,0,9.13876297704343e-06,0,0,0,0,0,0,0,0,0,0,0,0,0,0,0,0,0,0,0,0,0,0,0,0,0,7.6745129425179e-05,0,0,0,0,0,0,0,0,0,0,0,0,0,0.000244498777506112,0,0,0,0,0,0,0,0,4.2923521016429e-05,0,0,0,0,4.84439793822424e-06,3.62884203650615e-05,0,0,0,0,0,0,0,1.39125982751161e-06,0,0.000265392781316348,0,0.000263365815117198,0,0,0,0,0,0,0,0,0,0,0,0,0,2.33399463181235e-05,0,0,0,0,0,0,0,0,0,0,0,0,0,0,0,0,0,0,0,0,0,0,0,0,0,0,0,0,0,0,0,0,0,0,0,0,1.66946998501651e-05,0,0,0,0,0,0,0,0,0,0,0,0,0,0,0,0,0,0,0,0,0,0,0,0,0,0,4.65116279069767e-05,0,0,0,0,0,0,0,0,0,0,0,0,0,8.97182845863987e-05,0,0,0,0,0,0,0,0,0,6.52656311186529e-05,0,0,0,0,0,0,0,0,0,0,0,0,0,0,0,0,0,0,0,0,0,0,0,0,0,0,1.97513957653007e-05,0,0,0,0,0,0,0,0,0,0,0,0,0,0,0,2.27128191151086e-05,0,0,0,0.993496407055237,0,0,0,0,0,0,0,0,0,0,0,0,4.98308657365459e-06,0,0,0,0,0,0,6.17894216510133e-05,0,0,0,0,0,0,0,0,0,4.77370262696856e-06,0,6.54373175934772e-05,0,0,0,0,0,3.66099212886692e-05,0.0011191573403555,0,0,0,0.000467508181393174,4.51161741484322e-05,0,0,0,0,0,0,0,0,0,0,0,0,0,0,0,0,0,0,0,0,0,0,0,0,0,0,0,0,0,0,0,0.000382604259660758,0,0,0,2.83350334353395e-05,0,0,0,0,0,0,0,0,1.4719346225518e-06,0,0,0,0,0,0,0,3.04766548823601e-05,0,0,0,0,0,0,0,0,0,0,0,0,0,0,0,0,0,0,0,0,0,6.39918090484418e-05,0,0,0,0,0,0,0,0,0,0,0,0,0,0,0,0,0,0,0,0,0,0,0,0,0,0,0,0,0,0,0,8.14566363200767e-06,0,0,0
0,0,0,0.000125622154549904,0,0,2.00453023833865e-05,3.64721243553552e-05,0,0,0,0,0,0,0,0,0,0,0,0.000168544533679411,1.26873498663599e-05,0.00012531328320802,0.000673024836257982,0,0,0,0,1.8379650051463e-05,0,0,0,4.09785682088268e-05,1.48991328704669e-05,0,0,0,0,0,0,0,0,0.000356056442686523,0,0,0,0,0,0,0,0,0,0,0,0,0,0,0,0,0,0,0,0,6.47295276686366e-05,0,0.000106923282544774,0,0,0,0,0,0,0,0,3.95900450831638e-05,0.000312495931042565,0,0,0,0,0,0,0,0,0,1.27079873936765e-05,0,3.16210532972853e-05,0,0,0,0,0.000315364147038534,0,2.7686088970785e-05,3.86880869708195e-05,0.00744361961091999,0,4.08588530919937e-05,0,8.2060035121695e-06,0,3.26583932070542e-05,0,0,0,5.7369466535673e-05,0,0,0,0,0,0,0,0,4.155446959875e-06,0,0,1.73949345950459e-05,3.92010819498618e-05,0,0,0,0,0,0,0,0,0,0,1.10133371512902e-05,0,0,0,0,0,0,0,0,0.000122309197651663,0,0,0,0,0,0,0,0,0,3.50274965848191e-05,0,0.000200937709310114,0,0,0,0,0,0,0.000120685493603669,0,0,0,3.71774853148933e-05,2.67476228050232e-05,0,3.82160736805901e-05,0,0,0,0,0,0,0,0,1.06086163181736e-05,0,0,0,0,0,0,0,0,0,0,0,5.08957654723127e-05,0,0,0.00223554516817397,0,0,0,2.55730182737482e-05,2.41659301811754e-05,0,0,0,0,3.65150076681516e-05,0,0,0,0,0,1.2620950778292e-05,0,4.17370980195747e-05,0,0,4.91827466924603e-05,0,1.71187441689278e-05,0,1.46447191142874e-05,0,0,0,0,0,0.000286286859433152,0,0,0,0,0,0,1.99642639674982e-05,0,2.51768674941464e-05,0,5.60377133811055e-05,4.15213419697725e-05,0,0,0,0,0,0,0,0,2.75444153697838e-05,0,0,0,0,0,0,0,0,0,0,0,0,0,0,0,0,0,0,5.50751776174478e-05,0,0,2.65380103922849e-06,0,7.45156482861401e-05,0,0,0,2.42408947485652e-05,0,2.20157632865131e-05,9.9531774096998e-06,0,2.83136129019471e-06,0,9.35716290820623e-05,0.000366129676474504,0,9.13876297704343e-05,4.34439913856771e-05,0,0,0,0,0,0,0,0,0,0,0,0,0,0,0,0,0,0,0,3.18025696476275e-05,0,0,0,0,0,0.00010584810796507,0,0,0,0,0,0,0,4.80942647589275e-05,0,0,0,0,0.000122249388753056,2.17074658487294e-06,0,0,0,0,0,0.000112536574386676,5.60962611841921e-05,1.07308802541072e-05,0,0,3.58628604217472e-05,0,3.39107855675697e-05,7.2576840730123e-05,0,0,6.6554854511088e-06,0,0.000289596054874315,0,0,1.66951179301393e-05,4.0126800690181e-05,0,0.00249565306331185,0,0,8.26980230003876e-05,8.20883270398949e-05,0,0,0,0,0,0,2.12089077412513e-05,0,0,0,2.33399463181235e-05,0,0,0,0,0,0,0,0,0,0,0,0,0,0,0,3.42125970782442e-05,2.37152275476083e-05,0,0,0,0,0,0,0,0,0,0,0,0,0,0,0,0,0,0,0,4.17367496254127e-05,0,0,0,0,0,1.60080680663054e-05,0,0,0,0,0,0,0.000116329311662844,0,2.74156789075686e-05,0,0,0,0,0,0,0,0,0,0,0,0,0,0,8.49734988900337e-05,0,8.95575855274942e-05,0,0,0,0.000195470825979223,9.82163903512218e-06,0,0,0,0,0.000222074172773706,0,0,0,0,0,0,0,0,0,0,0,0,0,0,0,0,0,0,0,9.33532486930545e-05,0,0,0,0,0,0,0,0,0,0,0,0,0,0,0,3.29189929421679e-05,0,0,0,0,0,0,0,0,0,0,1.76360622200275e-05,0,0,0,0,0,0,0,0,0,0.935202115849278,0,0,0,0,4.9928383974237e-05,0,0,0,0,0,0,0.000205967578377723,0,0,0,0,2.73374922771584e-06,0,0,0.00062393940236938,1.12147352649593e-05,4.1262636682484e-05,0,0,0,0,0,0,0.00414596073152219,0,1.30874635186954e-05,0,0,0,0,0,0,0,5.3934378042236e-06,0,0,0,2.25580870742161e-05,0,0,0,0,0,9.97687858388185e-06,0,0,5.68685880666955e-05,0,0,0,0,0,0,0,0,0.000460720614294152,5.14731618933888e-06,0,1.15390562436679e-05,0,8.36512079234424e-05,0,0.000161995788109509,2.83865107301011e-05,0,0,0,2.84867821330902e-05,0,0,0,0,0,0,0,0,0,7.07740797010503e-06,0,0,0,0,4.12141694314505e-05,0,0,0,0,0,0,8.03535556448373e-05,0,0,0,2.77027494978877e-05,8.21247310415058e-06,1.52264168180849e-05,0,1.09870791948668e-05,0,0,0,0,0,0,0,0,0,0,0,0,0,0,0,0,0,0,0,0,0,5.15907819178278e-05,0,0,0,0,0,0,0,0,0,0,0,0,0,0,0,0,0,2.29524501740561e-05,0,0,3.76662021168406e-05,0,0,0,4.79156684235745e-07,6.07533414337789e-08,0,0
0,0,0,4.33179843275533e-06,0,0,1.43180731309903e-06,0,0,0,0,0,0,0,0,0,0,0,0,0,2.11455831105999e-06,0.0037593984962406,0,0,0,0,0,0,0,0,0.000145053669857847,0,0,0,0,0,0,0,0,0,0,1.54807148994141e-05,0,0,0,0,0,0,0,0,0,0,0,0,0,0,0,0,0,0,0,0,0,0,0.00294039026998129,0,0,0,0,0,0.000167954316425932,0,0,2.47437781769774e-06,0,0,0,0,0,0,0,0,0,0,0,0,0,0,0,0,0,0,0,0,0,0,0,0,0,0,0,0,0,0,0,0,0,0,0,0,0,0,0,0,2.77029797325e-06,0,0,6.95797383801837e-05,0,0,0,0,0,0,0.000117887456774599,0,0,0,0,1.10133371512902e-05,0,0,0,0,0,0,0,0,0,0,0,0,0,8.58000858000858e-05,0,0,0,0,0,0,0,0,0,0,0,0,0,0,0,0,0,0,2.67476228050232e-05,0,0,0,0,0,0,0,0,0,0,1.06086163181736e-05,0,0,0,0,0,0,0,0,0,0,0,0,0,0,0,0,0,0,0,0,0,0,0,0,0,0,0,0,0,0,0,0,0.000125211294058724,0,0,0,0,0,0,0,0,0,0,0,0,0,0,0,0,0,0,0,7.98570558699927e-05,0,0,0,1.40094283452764e-05,0,0,0,0,0,0,0,0,0,0,0,0,0,0,0,0,0,0,0,0,0,0,0,0,0,0,0,0,0,0,0,0,0,0,0,0,0,2.12209853017742e-06,0,0,0,0,0,0,0,0,0,0,0,0,0,0,0,0,0,0,0,0,0,0,0,0,0,0,0,0,0,0,0,0,0,0,0,0,0,0,0,0,0,0,0,0,0,0,0,0,0,0,0,0,0,0,0,0,0,2.8048130592096e-05,4.2923521016429e-05,0,0,0,0,9.68879587644847e-06,0,0.00341947787203262,0,0,0,1.6548345992818e-05,0,0,4.17377948253482e-06,0,0,0,0,0,0,0,0,0,0,0,0,0,0,0,0,0,0,0,0,0,0,0,0,0,0,0,0,0,0,0,0,0,0.00119744089773855,0.000343870799440321,0,0,0,0,0,0,0,0,0,0,0,0,0,0,0,0,0,0,0,0,0,0,0,0,0,0,0,0,0,0,0,0,0,0,4.76794415783802e-06,0,0,0,0,0,0,0,0,0,0,0,0,0,0,0,0,0,0,0,0,0,0,0,0,0,0,0,0,0,0,0,0,0,0,0,0,0,0,0,0,0,0,1.2903891813771e-05,0,0,5.62841222491135e-05,0,0,0,0,0,0,0,0,0,0,0,0,0,0,0,0,1.97513957653007e-05,0,0,0,0,0,0,0,0,0,0,0,0,0,0,0,0,0,0,0,0,3.26519950368968e-05,0.987099134251921,0,0,0,3.12052399838981e-06,0,0,0,0,0,0,7.47462986048188e-06,0,0,0,0,0,0,0,3.97413632082408e-06,0,0,0,0,0,0,0,0,2.38685131348428e-06,0,0,0,0,0,0,0,0,3.2916392363397e-05,0,0,0,0,0,0,0,0,0,0,0,0,0,0,0,0,0,0,0,0,0.00298581736750435,0,0,0,0,0,0,0,0,0,0,0,0,0,0,0,0,0,0,0,0,0,0,0,0,0,0,0,0,0,0,0,0,0,0,0,0,0,0,0,0.00018006787173627,0,2.17520240258356e-06,0,0,0,0,0,0,0,0,0,0,0,0,0,0,0,0,0,0.000656491055309371,0,0,0,0,0,0,0,0,0,0,0,0,0,0,0,0,0,0,0,0,0,0,0,7.65081672468536e-06,0,0,0,0,0,0,2.73119310014375e-06,0,0,0
0,6.5837118967674e-05,6.6795805223432e-05,0,0,0,1.43180731309903e-06,0,0,0,0,0.000576535024502739,0,0,0,3.03324435816549e-05,0,0,0,8.42722668397057e-06,4.22911662211997e-06,0,0,0,0,0,0,0,0,0,0,4.09785682088268e-05,0,0,0,0,0,0,0.000220653133274493,0,0,0,0,0,0.000201511335012594,0,0,3.36620998417881e-05,0,0,0,0,0,0,0,0,0,0,0,0.000133333333333333,0,0,0,0,0,0,0,0,0,0,0,0,0,4.94875563539548e-06,0,0,0,0,0,0,0,0,9.59079283887468e-05,0,4.23599579789217e-06,0,0,0,0.0029956032275209,0,0,0,0,0,0,2.01178908403243e-05,0,0,0,8.2060035121695e-06,0,0,0,0,0,0,0,0,0,0,0,0,0,0,0,0,0,0,0,0,0,0,0,0,0,0,0,0,0,0,0,0,0,0,0,0,0,0,0,0,0,0,0,0,0,0,0,0,0,5.82648721086057e-05,0,0,0,0,0,0,3.05231670838166e-05,0,0,0.000268402335100315,0,0,0,0,0,0.000233154581487526,0,0,0,0,4.77258626449673e-05,0,0,0,0,0,0,0,0,0,0,0,0,0,0,0,0.000525762355415352,0.000118915490724592,0,0.00444444444444444,0,0,0,0,0,0,0,0,0,0,0,0,0,0,0,5.37432149191165e-05,0,0,0,3.27884977949735e-05,0,4.27968604223194e-06,0,1.46447191142874e-05,0.000174703004891684,0.000646050478077354,0,0,0,0,0,0,0,0,0,0,0,0,0,0,0,0,0,0,0,0,0,0,0.000461477146393137,0,0,0,0,0,0,0,0,0,0,0,0,0,0,0,0,0.000115366866635902,0,2.93031706030593e-05,0,0,0,0,4.77684187061128e-05,0,0,0,0,0,1.46914513627668e-06,0,0,4.26564746129991e-06,3.83193148506505e-05,0,0,0,0,0,9.13876297704343e-06,0,0,0,0,0,0,0,0,0,0,4.93559054340852e-05,4.01364639775236e-05,0,6.08124543906592e-05,0.000549752611324904,0,0,0,0,7.14694110920526e-05,0,0,0,0.000432931668951584,0,0,0,0,0,0,0.000362056480811006,3.77914666868221e-05,0,0,0,0,0,0,0,0,0,2.5306205081486e-05,0,0,0,0,0,0,0,0,0,0,0,0,0,0,0,0,0,0,0,0,1.39125982751161e-06,0,0,0,0,0,0,0,0,0,0,0,0,0,2.12089077412513e-05,0,0,0,0,0,0,0,0,0,0,0,0,0,0,0.00015271838729383,0.000122564039710749,0,0,0,0,0,0,0,0,0,0,0.000450521171082002,0,0.000311798453479671,0,0.00183195524087736,0,0,0,5.29919240307777e-05,0.00510382787090318,0,2.13707178424123e-05,1.2202488087321e-05,0,0,0,0,0,0,0,0,0,0,0,7.92658223388702e-05,2.03636956034781e-05,0.000131517418751461,0,0,0,0,0,0,3.63279689032586e-05,0,0.000179710665828017,0,0,0,0,1.31151554364505e-05,0,0,0,0,0,0,0,0,0,1.72474258216961e-05,0,0.00378787878787879,0,0,0,0,9.08512764604343e-05,0.000373692077727952,0,0,0.00431336405529954,0,0,0,0,0.000341005967604433,0,0,0.000249128051818635,0,0.000801282051282051,0,0,0,0,0,0,0,0,5.03068719187041e-05,0,1.26778062324095e-05,0,0,0,0,0,0,0,0,0,0,0.000257964658841739,0,0,0,0,0,0,0.000269106566200215,0,0,0,0,0,0,0,0,0,0,0,0,0,0,0.989675142021951,0,0,6.24104799677962e-06,0,0,0,0.000132021915637996,0,0,3.32205771576973e-06,0,0.000376222723852521,0,0,0,0,0,7.94827264164815e-06,0,0,0,0,0,0,0,0,0,0.000268288320515114,0,0,0,0,0.00248640248640249,0,0,0,0,0,0,0,0,0,0,0,0,0,0,0,0,0,0.00284379443428804,0,0,0,0,0,0,0.0011404675917126,0,0,0,0,0,0,0,0.000161995788109509,0,0.00021362956633198,0,0,0,0,0,0,0,0,0,0.000170923475118426,0.000214339299110492,0,0,0,0,0,0,1.03035423578626e-05,0,0,0,0,0,0,0,0,0,0,0,1.64249462083012e-05,2.17520240258356e-06,0.00020708221163802,1.09870791948668e-05,0,0,0,0,0,0,0,0,0,0,0,0,0.0210791253736039,0,0,0,0,0,0,0,0,0,0,0,0,0,3.96016078252777e-05,0,0,0,0,0,0,0,0,0,0,0,0,0,8.05282654211628e-05,0.000135007425408397,7.53324042336811e-05,0,0,0,4.79156684235745e-08,0,6.31768953068592e-07,0
0,0,0,0,0,0,0,0,0.000765257317773101,0.000178890876565295,0,0,0,0,0,0,0,0,0,0,0,0,0,0,0,0,0,0,0,0,0,0,7.44956643523347e-06,0,0,0,0,0,0,0,0,0,0,0,0,0,0,0,0,0,0,0,0,0,0,0,0,0,0,0,0,0,0,0.000858369098712446,0,0.000353051937862859,0,0,0,0,0,0,0,0,0,0.000269185904913284,0,0,0,0,0,0,3.19693094629156e-05,0,4.23599579789217e-06,0,0,0,0,0,0,0,0,0,0,0,0,0,0,8.2060035121695e-06,0,0,0,0,0,0,0,0,0,0,0,0,0,0,0,0,0,0,6.5335136583103e-06,0.000185082361650935,0,0,0,0,0,0,0,0,0,0,0,0,0,0.00125628140703518,0,0,0,0,0,0,0,0,0,0,0,0,0,0,0,0,0,0,0,0,0,0,0,0,0,0,0,0,0,0,0,0,0,0,0,0,0,0,0,0,0,0,0,0,0,0,0,0,0,0,0,0,0,0,0,0,0,0,0,0,0,0,0,0,0,0,0,0,0,0,0,0.000134358037297791,0,0,0,0,0,0,0,0,0,0,0,0,0,0,0,0,0,0,0,0,0,0,0,0,1.40094283452764e-05,0,0,0,0,0,0,0,0,0,0,0,3.49790999877573e-05,0,0,0,0,0,0,0,0,0,0,0,0,0,0,4.60478395190931e-05,0,0,0,0,3.44994135099703e-05,0,0,0,0,0,8.16191742375933e-08,0,0,5.68752994839988e-06,1.91596574253252e-05,0,0,0,0,0,0,0,0,0,0,0,0,0,0,0,0,0,0,0,0,0,0,0,0,0.000244259892525647,0,0,0,0,0,0,0,0,0,0,0,0,0,0,0,0,0,0,0,0,0,0,0,0,0,0,0,0,0,0,0,0,0,0,0,0,0,0.000101337657073368,0,0,0,0,0,0,0,0,0,0,0,0,0,0,0,0,0,0,1.58963557604419e-05,0,0,0,0,0,0,0,0,0,0,0,0,0,0,0,0,0,0,0,0,0,0,2.25326723749437e-05,0,0.00175644028103044,0,0,0,0,0,0,0,0,0,0,0,0,6.69030574697264e-05,0,0,0,0,0,0,0,0,0,0,0,0,0,0,0,0,0,0,0,0,0,0,0,0,0,0,0,0,4.87186982363831e-05,0,0,0,0,0,0,0,0,0,0,0,0,0,0,0,0,0,0,0.000373692077727952,0,0,0,0,0,0,0,0,0,0,0,0,0,0,0,0,0.00185737603422075,0,0,0,0,0,0,0,0,0,0,0,0,0,0,0,0,0,0,0,0,0,0,0,0,0,0,2.14192387602545e-05,0,0,0,0,0,0,0,0,0,0,0,0,0,0.972839135654262,0,0,0,0,0,0,0,0,0,0,0,0,0,0,0,0,0,0,0,0,0,0,0,0,0,0,0,0,0,0,4.63821892393321e-05,0,0,0,0,0,0,0,0,0,0,0,0,0,0,0,0,0,0,0,0,0,0,0,0,0,0,0,0,0,0,0,0,0,0,0,0,0,0,0,0,0,0,0,0,0,0,0,0,0,0,0,0,0,1.4719346225518e-06,0,0,0,0,0,0,0,3.04766548823601e-05,0,0,0,0,0,0,0,0,0,0,0,0,0,0,0,0,0,0,0,0,0,0,0,0,0,0,0.000135165577832845,0,0,0,0,0,0,0,0,0,0,0,0,0,0,0,1.57711293705742e-05,0,0,0,0,0,0,0,0,0,0,0,0,0,0
0,0,0,0,0,0,0,0,0,0,0,0,0,0,0,0.000363989322979859,0,0,0,0,0,0,0,0,4.4992351300279e-05,0,0,0,0,0,0,0,7.44956643523347e-06,0,0,0,0,0,0,0,0,0,0,0,0,0,0,0,0,0,0,0,0,0,0,0,0,0,0,0,0,0,0,0,0,0,0,0,0,0,0,0,0,0,0,0,0,0,0,0,0,0,0,0,8.47199159578434e-06,0,0,0,0,0,0,0,0,0,0,0,0,0,0,0,0,0,0,0,0,0,4.98690936292233e-05,0,0,5.94082933977583e-05,0,0,0,0,0,0,0,0,0,0,0,0,0,0,0,0,0,0,0,0,0,0.000115861429730043,0,0,2.58856114828573e-05,0,0,0,4.07697325505545e-05,0,0,0,0,0,0,0,0,0,0,0,0,0,0,0,0,0,0,0,0,0,0,0,0,0,0,0,0,0,0,0,0,0,0,0,0,0,0,0,0,0,0,0,0,0,0,0,0,0,0,0,0,0,0,0,0,1.92722787542399e-05,0,0,0,0,0,0,0,0,0,0,0,0,0,0,0,0,0,0,0,0,0,0,0,0,0,0,0,0,0,0,0,0,0.000604244819859513,0,0,0,0,0,0,0,0,0,0,0,0,0,1.74895499938787e-05,2.39097169089518e-05,6.8203519301596e-05,0,0,0,0,8.19014234467395e-06,0,0,0,0,0,0,0,0,0,0,0,0,0,0,0,0,0,0,0,0,0,0.000179157193374596,0,0,0,0,0,0,0,0,0,0,0,0,0,0,0,0,0,0,0,0,0,0,0,0,0,0,0,0,0,0,0,0,0,0,0,0,0,0,0,0,0,0,0,0,0,0.000106723585912487,0,2.17074658487294e-06,0,0,0,0,0,0,0,0,0,0.000538213132400431,0,0,0,0,0,0.000405350628293474,0,0,0,0,0,0,0,0,2.04561726500972e-05,0,0,0,0,0,0,0,0,0,0.00210626713825855,0,0,0,0,0,0,0,0,0,0,0,0,0,0,0,0,0,0,0,0,0,0,0.000518251464623704,0,0,0,0.00117746005046257,0,0,0,0,0,0,0,0,0,0,6.69030574697264e-05,0,0,0,4.17367496254127e-06,0,0,0,0,0,0,0,0,0,8.8073135932078e-06,0,0,0,0,0,0,0,0,0,0,0,0,0,0,0,0,0,0,0.000120293516179478,0,0,0,0,0,0,0,0,0,0,0,0,0,0,0,9.42507068803016e-05,0,0,0,0,0,0,0,0,0,0,0,0,2.58077836275421e-05,0.000131700250230475,0,0,0,0,0,0,0,0,0,0,0,0,0,0,0,0,0,0,0,0,0,0,0,0,0,0,0,0,0,0,0,0,0,0,0.000295266648496411,0,0,0,0,0,0,0,0,0.989511819218991,0,0,0,0,0,0,0,8.30514428942431e-07,0,0,0,0,0,0,0,0,0,0,0,0,0,0,0,0,0,0,0,0,0,0,0,0,0,0,0,0,0,0,0,0,0,0,0,0,0,0,0,0,0,0,0,0,0,0,0,0,0,0,0,0,0,0,0,0,0,0,0,0,0,0,0,0,0,0,2.83350334353395e-05,0,0,0.000264578262249974,0,0,0,0,0,0,0,0,0,0,0.000139560848529959,0,0,0.000274289893941241,0,0,0,0,0,0,0,0,0,0,0,0,0,0,0,0.000144320969836917,0,0,0,0,0,4.79938567863313e-05,0,0,0.000896057347670251,0,0,0,0,0,0,0,0,0,0,0,0,0,0,0,0,0,0,0,0,0,0,0,0,0,0,0,0,4.79156684235745e-08,0,0,0
0,0,0,4.33179843275533e-06,0,2.76571618220538e-05,2.29089170095845e-05,3.28249119198197e-05,0,0,0,0,0,0,0,0,1.96672304606065e-05,0,0,8.42722668397057e-06,1.69164664884799e-05,0,8.20761995436563e-06,0,0,0,0,1.8379650051463e-05,0,3.3559299281831e-05,0,0,1.48991328704669e-05,0,0,0,0,0,0,0,0,7.74035744970703e-06,0,0,0,0,0,0,5.51024906325766e-05,0,0,0,0,0,0,0,0,0,0,0,1.13834927970949e-05,0,2.58918110674546e-05,0,0.000106923282544774,0,0,0,0,0,0,0,0,9.89751127079096e-06,3.90619913803206e-05,0,0,0,0,0,0,0,0,0,1.27079873936765e-05,0,0.00550206327372765,0,4.83161810890467e-05,0,0,2.95653887848625e-05,0,0.000987470506624666,0,0,0,0,3.17536929544906e-06,0,0,0,0,0,0,3.58559165847957e-05,0,3.66260117935758e-05,0,0,0,0,0,0,5.54059594650001e-06,0,0,0,9.80027048746545e-06,0,0,0,0,0,0,3.02381760332217e-05,0,0,0,1.10133371512902e-05,0.000123623286131715,0,0,0,0,0,0,0,0,0,0,0,0,0,0,0,0,0,3.50274965848191e-05,0,0,0,0,0,0,8.10418743364697e-05,0,0,0,0,0,0,0,0,0,0,0,0,0,0,0,0.000126382306477093,0,1.06086163181736e-05,0,0,0,0,0,0,0,0,0.000286763019041064,0,0,0.000101791530944625,0.000262881177707676,0,2.54039223656132e-05,0,0,0,7.30657664964234e-06,6.90455148033584e-06,0,0,0,0,0,0,0,0,0,0,4.20698359276399e-06,0,0,0,8.51411640499949e-06,1.63942488974868e-05,0,0,0,0.000146447191142874,0,0,0,0,0,0,0,0,0,0,0,1.77550513120983e-05,1.99642639674982e-05,0,0,0,2.10141425179146e-05,0,0,0,8.08812824536146e-06,0,0,0,2.09762339269608e-05,0,0,0,0,0,0,0,0,0,0,0,0,0,0,0,0,0,0,0,0,5.50751776174478e-05,0,0,1.59228062353709e-05,0,0.00014903129657228,0,0,0,2.48122289682283e-05,0,0,4.26564746129991e-06,9.57982871266262e-06,2.83136129019471e-06,0,0,0,0,0,1.24125689673363e-05,0,0,0,0,1.90124912067228e-05,1.64206308806384e-05,0,0,0,0,0,0,0,0,0,0,0,0.000244259892525647,0,0,0,0,0,0,0,0,0,0,0,0,0,0,0,0,0,0,0,0,0,2.17074658487294e-06,0,0,0,0,0,0,0,0,0,0,0,0,0,0,0.000131518379693562,0,0,0,2.4822518989227e-05,0,0,2.36514170676973e-05,1.60507202760724e-05,0,4.09123453001943e-05,0,0,2.58431321876211e-05,0,0,0,0,0,0,0,2.12089077412513e-05,0,0,0,0,0,0,0,0,0,0,0,0,0,0,0,0,0,0,0,3.42125970782442e-05,5.92880688690208e-06,2.25326723749437e-05,4.81394117363886e-05,0,0,0,2.04782350491819e-05,0,0,0,0,0,0,0,0,0,0,0,0,0,0,0,0,0,0,0,8.00403403315271e-06,0,0,0,0,0,0,0,0,7.15191623675703e-05,0,0,0,0,0,0,0,0,0,0,0,0,5.94078228221092e-06,0,7.08112490750281e-06,0,0,0,0,0,1.72474258216961e-05,0.000166967863597077,0,0,0,0,0,0,0,0,0.00026476039184538,0,0,0,0,6.52656311186529e-05,0,0,0,2.7680894646515e-05,0,0,0,0,5.36826283014816e-05,0,0,0,0,0,0,0,0,0.000202234693361646,0,0,0,0,0,0,0,0,6.58379858843358e-06,0,2.92860071457857e-05,0,3.48517059910083e-05,0,0,0,0,0,0,0.000176360622200275,6.00114021664116e-05,0,0,0,0,0,0,0,1.45169485374174e-05,8.16299875922419e-05,2.43872698451408e-05,0,0,0,0.973634692737605,0,0,0,0,0,0,1.32882308630789e-05,0,0,0,0,0.00174686575651042,4.23863515947865e-05,0,2.38448179249445e-05,2.01865234769268e-05,0,0,0,0,0,0,0,3.34159183887799e-05,4.47147200858523e-05,1.30874635186954e-05,0,0,0,0.000466200466200466,0,3.66099212886692e-05,0,2.42704701190062e-05,0,0,0,0,0,0,0,0,0,9.97687858388185e-06,0,0,0,0,0,0,0,0,0,0,0,1.18133490844654e-05,1.54419485680166e-05,0,0.0119960028709172,0,0,0,0,0,0,0,0,0,0,0,0,0,0,0,0,0,0,6.36966717309453e-05,0,0,0,0,4.41580386765541e-06,0,0,0,0,0,0,0,0,0,0,0,0,8.70080961033424e-06,0,7.69095543640679e-05,0,0,0,0,0,0,0,0,0,0,0,0,0,0,0,0,0,0.000112007168458781,0,0,0,7.93704337197351e-06,0,0,5.75948395023806e-05,0,0,0,0,0,0,0,6.23208276205908e-05,0,0,1.57711293705742e-05,0,0,1.44123369604381e-05,0.00158371906200987,0,0,0,3.29131422176875e-05,0,0,2.39578342117873e-07,1.82260024301337e-07,0,0
0,0,0,0,0,0,0,0,0,0,0,0,0,0,0,0,0,0,0,0,0,0,0,0,0,0,0,0,0,0,0,0,0,0,0,0,0,0,0,0,0,0,0,0,0,0,0,0,0,0,0,0,0,0,0,0.000135098621994056,0,0,0,0,0,0,0,0,0,3.92279930958732e-05,0,0,0,0.000497883993029624,0,0,0,0,0,1.28183764244421e-05,0,0,0,0,0,0,0,0,0,0,0,0,0,0,0,0,0,0,0,0,0,0,0,0,0,0,0,0,0,0,0,0,0,0,0,0,0,0,0,0,0,0,0,0,0,0,0,0,0,0,0,0,0,0,0,0,0,0,0,8.10482236930974e-05,0,0,0,0,0,0.0206033848417954,0,0,0,0,0,0,0,0,0,0,0,0,0,0,0,0,0,0,0,0,0,0,0,0,0,0,0,3.98612827360784e-05,0,0,0,0,0,0,0,0,0,0,0,0,0,0,0,0,0,0,0,0,0,0.000172574816258578,0,0,0,0,0,0,0,0,0,0,0.00221336874723329,0,0,0,0,0,0,0,0,0,0,0,0,0,0,0,0,0,0,0,0,0,0,0,0,0,0,0.00977312390924956,0,0,0,0,0.000671314644365001,0.000216076058772688,0,0,0,0.00942460317460317,0,0,0,0,0,0,0,0,0,0,0,0,0,0,0,0,0,0,0,0,0,0,2.65380103922849e-06,0,0,0.00210043918273821,0,0,0,0,0,1.42188248709997e-06,0,0,0,0,0,0,0,0,0,0,0,0,0,0,0,0,3.77643504531722e-05,0,0,0,0,0,0,0,0,0,0,0,0,0,0,0,0,0,0,0,0,0,0,0,0,0,0,0,0,0,0,1.30244795092376e-05,0,0,0,0,0,0,0,0,0,0,0,0,0,0,0,0,0,0,0,0,0,0,0,0,0,0,0,0,0,0,0,0,0,0,0,0,0,0,0,0,0,0,8.35784969243113e-05,0,0,0,0,0,0,0,0,0,0.000383656244005371,0,0,0,0,0,0,0,0,0,0,0,0,0,0,0,0,0,0,0,0,0,0,0,0,0,0.000369458128078818,0,0,0,0,0,0,0,0,0,0,0,0,0,0,0,0,0,0,0,0,0,0,0,0,0,0,0,0,0,0,0,0,0,0,0,0,0,0,0,0,0,0,0,0,0,0,0,0,0,0,0,0,0,0,0,0,0,0,0,0,0.000685635927322592,0,0,0,0,0,0,0,0,0.00305810397553517,0,0,2.47328848436882e-05,0.00124610591900312,0,0,0,0,0.000542299349240781,0,0,0,0,0,0,0,0,0,0,0.000116049669258443,0,0,0,0,0,0,0,0,0,0,0,0,0.98180121325245,0,0,0,0,0,0,0,0,0,0,0,0,0,0,0,0,0,0,0,0,0,0,0,0,0,0,0,0,0,0,0,0,0,0,0,0,0,0,0,0,0,0,0,0,0.000317007449675067,0,0,0,0,0,0,0,0,0,0,0,0.000975371860521824,0,0.000237529691211401,0,0,0,0,0,0,0,0,0,0,0,0.000348492768775048,0,0,0,0,0,0,0,0,0,0,0,0.000165043736590196,0,0,0,0,0,0,0,0,0,0,0,0,0,0,0,7.5041272699985e-05,0,0,0,0,0,0,0,0,0,0,0,0,0,0,0,0,0,0,0,0,0,0,0,0,0,0,0,0,5.71363272768826e-05,0,0,0,0,9.46267762234454e-05,0,0,0,0,0,0,0,0,0,0,0,0,0,0
0,0,0,0,0,0,0,0,0,0,0,0,0,0,0,0,0,0,0.000305203723485427,0,0,0,0,0,0,0,0,0,0,0,0,0,0,0,0,0,0,0,0,0,0,0,0,0,0,0,0,0,0,0,0,0,0,0,0,0,0,0,0,0,0,0,0,0,0,0,0,0,0,0,0,0,0,0,0,0,0,0,0,0,0,0,0,0,0,0,0,0,0,0.000140874832711136,0,0,0,0,0,0,0,0,0,0,0,0,0,0,0,0,0,0,0,0,0,0,0,0,0,0,0,0,0,0,0,0,0,0,0,0,0,0,0,0,0,0,0,0,0,0,0,0,0,0,0,0,0,0,0,0,0,0,0,0,0,0,0,0,0,0,0,0,0,0,0,0,0,0,0,0,0,0,0,0,0,0,0,0,0,0,0,0,0,5.70320520132314e-05,0,0,0,0,0,0,0,0,0,0,0,0,0,0,0,0,0,0,0,0,0,0,0,0,0,0,0,0,0,0,0,0,0,0,0,0,0,0,0,0,0,0,0,0,0,0,0,0,0,0,0,0,0,0,0,0,0,0,0,0,0,0,0,0,0,0,0,0,0,0,0,0,0,0,0,0,0,0,0,0,0,0,0,0,0,0,0,0,0,0,0,0,0,0,0,0,0,0,0,0,0,0,0,0,0,0,0,0,0,4.93559054340852e-05,0.000160545855910094,0,0,0,0,0,0,0,0,0,0,0,0,0,0,0,0,0,0,0,3.77914666868221e-05,0,0,0,0.00408065290446471,0,0,0,0,0,0,0,0,0,0,0,0,0,0,0,0,0,0,0,0,0,0,0,0,0,0,0,0,0,0,0,0,0,0,0,0,0,0,0,0,0,0,0,0,0,0,0,0,0,0,0,0,0,0,0,0,0,0,0,0,0,0,0,0,0,0,0,0,0,0,0.000683060109289617,0,0.000244857982370225,0,0,0,0,0,2.13707178424123e-05,0,0,0,0,0,0,0,0,0,0,0,0,0,0,0,0,0,0,0,0,0,0,0,0,0,0,0,0,0.000122408117406871,0,0,0,0,0,0,0,0,0,0,0,0,0,0,0,0,0,0,0,0,0,0,0,0,0,0,0,0,0,0,0,0,0,0,0,0,0,0,0,0,0,0,0,0,0,0,0,0,0,0,0,0,0,0,0,0,0,0,0,0,0,0,0,0,0,0,0,0,0,0,0,0,0,0,0,0,0,0,0,0.974284795885567,0,0,0,0,0,0,0,0,0,0,0,0,0,0,0,0,0,0,0,0,0,0,0,0,0,0,0,0,0,0,0,0,0,0,0,0,0,0,0,0,0,0,0,0,0,0,0,0,0,0,0,0,0,0,0,0,0,0,0,0,0,0,0,0,0.000273224043715847,0,0,0,0,0,0,0,0,0,0,0,0.00342252644679527,0,0,0,0,0,0,0,0,0,0,0,0,0,0,0,0,0,0,0,0,0,0,0,0,0,0,0,0,0,0,0,0,0,0,0,0,0,0,0,0,0,0,0.000898876404494382,0,0,0,0,0,0,0,0,0,0,0,0,0,0,0,0,0,0,0,0,0,0,0,0,0,0
8.21827744904668e-05,0,0,0,0,0,0,0,0,0.00214669051878354,0,0,0,0,0,0,0,0,0,0,0,0,0,0,0,0,0,0,0,0,0,0,0,0,0,0,0,0,0,0,0,0,0,0,0,0,0,0,0,0,0,0,0,0,0,0,0,0,0,0,0,0,0,0,0,0,0,0,0,0,0,0,0,0,0,5.12735056977683e-05,0,0,0,0,0,0.000115200737284719,0,0,0,0,0,0,0,0,0,0,0,0,0,0,0,0,0,8.2060035121695e-05,0,0,0,0,0.000430230890577944,0,0,0,0,0,0,0,0,0,0,0,0,0,0,0,0,0,0,0,0,0,0,0,0,0,0,0,0,0,0,5.40321491287316e-05,0,0,0,0,0,0,0,0,0,0,0,0,0,0,0,0,0,0,0,0,0,0,0,0,0,0,0,0,0,0,0,0.000651748859439496,0,0,0,0,0,0,0,0,0,0,0,0,0,0,0,0,0,0,0,0,0,0,0.00196518809657496,0,0,0,0,0,0,0,0,0,0,0,0,0,0,0,0,0,0,0,0,0,0,0,0,0,0,0,0,0,0,0,0,0,0,0,0,0,0,0,0,1.38404473232575e-05,0,0,0,0,0,0,0,0,0,0.00510018214936248,0,0,0,0,0,0,0,1.63802846893479e-05,0,0,0,0,0,0,0,0,0,0,0,0,2.65380103922849e-06,0,0,0,0,0,8.16191742375933e-08,0,0,0,9.57982871266262e-06,0,0,0,3.32845160431367e-05,0,0,0,0,0,0,0,0,0,0.00019782393669634,0,0,0,0,0,0,0,0,0,0,0,0,0,0,0,0,0,0,0,0,0,0,0,0,0,0,0,0,0,0,0,0,5.42686646218234e-05,0,0,0,0,0,0,0,0,0,0,0,0,0,0,0,0,0,0,0,0,0,0,0,0,0,0,0,0,0,0,0,0,0,0,0,0,0,0,0,0,0,0,1.67156993848623e-05,0,0,0,0,0,0,0,0,0,0,0,0,0,0,0,0,0,0,0,0,0,0,0,0,0,0,0,0,0,0,0,0,0,0,0,0,0,0,0,0,0,0,0,0,0,0,0,0,0,0,0,0,0,0,0,0,0,0,0.000389749585891065,0,0,0,0,0,0,0,0,0,0,0,0,0,0,0,0,0,0,0,0,0,0,0,0,1.66575050388953e-05,0,0,0,0,0,0,0,0,0,0,0,0,0,0,0,0,0,0,0,0,0,0,0,0,2.47328848436882e-05,0,0,0,0,0,0,0,0,0,0,0,0,0,0,0,0,0,0,0,0,0,0.00300262729888653,0,0,0,0,0,0,0,0,0,0.965408308324119,0,0,0,0,0,0,0,0,0,0,0,0,0,0,0,0,0,0,0,0,0,0,0,0,0,0,0,0,0,0,0,0,0,0,0,0,0,5.86544665376268e-05,0,0,0,0,0.000158503724837534,0,0,0,0,0,0,0,0,0,0,0,0,0,0,0,0,0,0,0,0,0,0,0,0,0,0,0,0,0,0,0,0,0,0,0,0,0,0,0,0,0,0,0,0,0,0,0,0,0,0,0,0,0,0,0,0,0,0,0,0,0,0.000329924117452986,0,0,0,0,0,0,0,0,0,0,0,0,0,0,0,0,0,0,0,0,0.000114272654553765,0,6.23208276205908e-05,0,0,0,0,0,0,0,0,0,0,0,0,0,0,0,0,0
0,0,0,0,0,0,0,0,0,0,0,0.00605361775727875,0,0,0,0,0,0,0,0,0,0,0,0,0,0,0,0,0,0,0,0,0,0,0,0,0,0,0.000220653133274493,0,0,0,0,0,0,0,0,0,0,0,0,0,0,0,0,0,0,0,0,0,0,0,0,0,0,0,0,0,0,0,0,0,0,0,0,0,0,0,0,0,0,0,0,0,0,0,0,0,0,0,0,0,0,0,0,0,0,0,0,0,0.000102511532547412,0,0,0,0,0,0,0,0,0,0,0,0,0,0,0,0,0,0,0,0,0,0,0,0,0,0,0,0,0,0,0,0,0,0,0,0,0,0,0,0,0,0,0,0,0,0,0,0,0,0,0,0,0,0,0,0,0,0,6.71005837750788e-05,0,0,0,0,0,0,0,0,0,0,0,0,0,0,0,0,0,0,0,0,0,0,0,0,0,0,0,0,0,0,0,0,0,0,0,0,0,0,0,0,0,0,0,0,0,0,0,0,0,0,0,0,0,0,0,0.000258420191230941,0,0,0,0,0,0,0,0,0,0,0,0,0,0,0,0,0,0,0,0,0,0,0,0,0,0,0,0,0,0,0,0,0,0,0,0,0,0.000170881749829118,0,0,0,0,0,0,0,0,2.65380103922849e-06,0,0,0,0,0,0,0,0,0,0,0,0,0,0,0,0,0,0,0,0,0,0,0,0,0,0,0,0,0,0,0,0,0,0,0,0,0,0,0,7.21552781585973e-05,0,0,0,0,0,0,0.00434467776973208,0,0,0,0,0,0,0,0,0,0,0,0,0,0,0,0,0,0,0,0,0,0,0,0,0,0,0,0,0,0,0,0,0,0,0,0,0,0,0,0,0,0,0,0,0,0,0,0,0,0,0,0,0,0,0,0,0,0,0,0,0,0,0,0,0,0,0,0,0,0,0,0,0,0,6.23596906959342e-05,0,0,0,0,0,3.17951544184666e-05,0,0,0,0,0,0,0,0,0,0,0,0,0,0,0,0,0,0,0,0,0,0,0,0,0,0,0,0,0,0,0,0,0,0,0,0,0,0,0,0,0,0,0,0,0,0,0,0,0,0,0,0,0.000184331797235023,0,0,0,0,0,0,0,0,0,0,0,0,0,0,0,0,0,0,0,0,0,0,0,0,0,0,0,0,0,0,0,0,0,0,0,0,0,0,0,5.82852480037303e-05,0,0,0,0,0,0,0,0,0,0,0,0,0,5.51541558656445e-05,0,0,0,0,0,0,0.992276717935177,0,0,0,0,0,0,0,0,0,0,0,0,0,0,0,0,0,0,0,0,0,0,0,0,0,0,0,0,0,0,0,0,0,0,0,0,0,0,0,0,0,0,0,0.000101564086938858,0,0,0,0,0,0,0,0,0,0,0,0,0,0,0,0,0.00234992522965178,0,0,0,0,0,0,0,0,0,0,0,0,0,0,0,0,0,1.4719346225518e-06,0,0,0,0,0,0,0,0,0,0,0,0,0,0,1.09870791948668e-05,0,0,0,0,0,0,0,0,0,0,0,0,0,0,0,0,0,0,0,0,0,0,0,0,0,0,5.94024117379166e-05,0,0,0,0,0,0,0,0,0,0,0,0,0,0,0,0,0,0,0,0,0,1.35379061371841e-06,0
0,0,0,0,0,0,0,0,0,0,0,0,0,0,0,0,0,0,0,0,0,0,0,0,0,0,0.000158202816010125,0,0,0,0,0,0,0,0.00124146492861577,0,0,0,0,0,0,0,0,0,0,0,0,0,0,0,0.00330323717242898,0,0,0,0,0,0,0,0,0,0,0,0,0,0,0,0,0,0,0,0,0,0,0,0,0,0,0,0,0,0,0,0,0,0,0,0,0.00169579963475085,0,0,0,0,0,0,0,0,0,0,0,0,0,0,0,0,0,0,0,0,0,0,0,0,0,0,0,0,0,0,0,0,0,0,0,0,0,0,0,0,0,0,0,0,0,0,0,0,0,0,0,0,0,0,0,0,0,0,0,0,0,0,0,0,0,0,0,0,1.52615835419083e-05,0,0,6.71005837750788e-05,0,0,0,0,0,0.004429937048263,0,0,0,0,0,0,0,0,0,0,0,0,0,0,0,0,0,0,0,0,0,0,0,0,0,5.07572988995818e-06,0,0,0,0,0.000845070422535211,0,0,0,0,0,0,0,0,0,0,0,0,0,0,0,0,0,0,0,0,0,0,0,0,0,0,0,0,0,0,0,0,0,0,0,0,0,0,0,0,0,0.000104881169634804,0,0,0,0,0,0,0,0,0,0,0,0,0.000983284169124877,0,0,0,0,0,5.02340067481016e-05,0,0,0,0,5.30760207845697e-06,0,0,0,0,0,0,0,0,0,1.91596574253252e-05,0,0,0,0,0,0,0,0,0,0,0,0,0,0,0,0,0,0,0,0,0,0,0,0,0,0,0,0,0,0,0,0,0,0,0,0,0,0,0,0,0,0,0,0,0,0,0,0,0,0,0,0,0,0,0,0,0,0,0,0,0,0,0,0,0,0,0,0,0,0,0,0,0,0,0,0,0,0,0,0,0,0,0,0,0,0,0,0,0,1.67156993848623e-05,0,0,0,0,0,0,0,0.00015271838729383,0,0,0,0,0,0,0,0,0,0,0,0,0,0,0,0,0,0,0,0,0,0,0,0,0,0,0,0,0,0,0,0,0,0,0,0.000105687763118494,0,0,0,0,0,0,0,0,0,0,0,0,0,0,0,0,0,0,0,0,0,0,0,0,0,0,0,0,0,0,0,0,0,0,0,0,0,0,0,0,0,0,0,0,0,0,0,0,0,0,0,0,0,0,0,0,0,0,0,0,0,0,0,0,0,0,0,0,0.00128982329420869,0,0,0,0,0,0,0,0,0,0,0,0,0,0,0,0,0,0,0,0,0,0,0,0,0,0,0,0,0,0.974420946626385,0,0,0,0,0,0,0,0,0,0,0,0,0,0,0.000209205020920502,0,0,0,0,0,0,0,0,0,0,0,0,0,0,0,0,0,0,0,0,0,0,0,0,0,0,0,0,0,0,0,0,0,0,0,0,0,0,0,0,0,0,0,0,0,0,0,0,0,0,0,0,0,0,0,0.000214339299110492,0,0,0,0,0,0,0,0,0,0,0,0,0,0,0,0,0,0,0,0,0,0,0,0,0,0,0,0,0,0,0,0,0,0,0,0,0,0,0,0,0.00130890052356021,0,0,0,0,0,0,0,0,0,0,0,0,0,0,0,0,0,0,0,0,0,0,0.00018000990054453,0,0,0,0,0,0,9.02527075812274e-08,0
0,0,0,4.33179843275533e-06,0,0,0,0,0,0,0,0,0,0,0,0,0,0,0,0,0,0,8.20761995436563e-06,0,0,0,0,0,0,3.3559299281831e-05,0,0,0,0,0,0,0,0,0,0,0,0,0,0,0,0,0,0,0,0,0,0,0,0,0,0,0,0,0,0,0,0,0,0,0,0,0,0,0,0,0,0,0,0,0,0,0,0,0,0,0,0,0,0,0,0,0,0,0,0,0,0,0,0,0,0,0,0,1.90522157726944e-05,0,0,0,0,0,0,0,0,0,0,0,0,0,0,0,0.000272874350365125,0,0,0,3.26675682915515e-06,0,0,0,0,0,0,6.71959467404926e-06,0,0,0,6.60800229077413e-05,0,0,0,0,0,0,0,0,0,0,0,0,0,0,0,0,0,0,0,0,0,0,0,0,0,0,0,0,0,0,0,0,0,0,0,0,0,0,0,0,0,0,0,0.00038191018745425,0,0,0,0,0,0,0,0,0,0,0,0,0,0,0,0,0,0,0,0,0,0,0,0,0,0,0,0,0,0,0,0,0,0,8.51411640499949e-06,0,0,0.000115551523140262,0,0,0,0,0,0,0,0,0,0,0,0,0,0,0,0,0,0,7.00471417263819e-06,0,0,0,0,0,0,0,0,0,0,0,0,0,0,0,0,0,9.19286633572348e-05,0,0,0,0,0,0,0,0,0,0,0,0,0,0,0,0,0,0,0,1.63238348475187e-06,0,0,0,0,0,0,9.35716290820623e-05,0,0,9.13876297704343e-06,6.20628448366816e-06,0,0,0,0,0,0,0,0.000270489586150933,0,0,0,0,0,0,0,0,0,0,0,0,0,0,0,0,0,0,0,0,0,0,0,0,0,0,0,0,0,0,0,0,0,0,0,0,0,0,0,0,0,0,0,0,0,0,0,0,0,0,8.27417299640901e-06,0,0,0,0,0,0,0,0,0,0,0,0,0,0,0,0,0,0,0,0,0,0,0,0,0,0,0,0,0,0,0,0,0,0,0,0,0,0,0,0,0,0,0,0,0,0,0,0,0,0,0,0,5.00375281461096e-05,0,0,0,0,0,0,0,0,0,0,0,0,0,0,0,0,0,0,0,0,0,0,0,0,0,0,0,0,0,0,0,0,5.94078228221092e-06,0,0,0,0,0,0,0,5.74914194056537e-06,0,0,0,0,0,0,0,0,0,0,0,0,0,0,0,0,0,0,0,0,0,0,0,0,0,0,0,0,0,0,0,0,0,0,0,0,0,0,0,0,0,0,0,0,0,1.74258529955041e-05,0,0,0,0,0,0,0,0,0,0,0,0,0,0,0,0,0,0,0,0,0,0,0,0,0,0,0,0.937140260527113,8.30514428942431e-07,0,0,0,0,0,0,0,0,4.48589410598373e-06,0,0,0,0,0,0,0,0,0,0,0,0,0,0,0,0,0,0,0,0,0,0,0,5.83464612871229e-05,0,0,0,0,0,0,0,0,0,0,0,0,0,0,0,0,0,0,0,0,1.67302415846885e-05,0,0,0,0,0,0,0,0,0,0,0,0,0,0,0,0,0,0,0,0,0,0,0,0,0,0,0,0,0,0,0,0.00077901843676967,0,0,6.52560720775068e-06,0,0,0,0,0.000104887770086008,0,0,0,0,0,0,0,0,0,0,0.00455493359675118,0,0,0,0,0,0,0,0,0,0,1.91982798341269e-05,0,0,0,0,0,0,0,0,0,0,0,0,0,0,0,0,0,0,0.000411414277721094,0,0,4.79156684235745e-08,6.07533414337789e-08,0,0
0,0,0,0.0249511589726707,0,0.000414857427330807,6.58631364025555e-05,0.00010576916063053,0,0,0,0,0,0,0,3.03324435816549e-05,0,0,0,0.000901713255184851,1.48019081774199e-05,0.00075187969924812,0.00018877525895041,0,0,6.45369474023879e-05,0,0.00229745625643288,2.2265764161026e-05,0.000100677897845493,0.00101537568900493,0.000204892841044134,0.000491671384725409,0,0,0,0,0,0,0.00115908432338453,0,0.0242660206048315,6.00853211560416e-05,0,0.000201511335012594,0,0,0,0.000220409962530306,7.01360639640903e-05,0,0,0.00278960505065335,0.00123304562268804,0,0,5.41477149664284e-05,0,0,0,5.12257175869272e-05,0,0.00012298610257041,0,0.00106923282544774,3.92279930958732e-05,5.71559213534522e-05,0,0,0,0.00100772589855559,0,0,0.00053693998644041,0.000299475267249124,1.28183764244421e-05,0,0,0.000107991360691145,0,0,0,0,0.000260756192959583,0.000101663899149412,0.0001246660730187,0.000158105266486427,0,4.83161810890467e-05,0,0,0.000798265497191288,4.76054460630296e-05,5.537217794157e-05,0.000290160652281146,0.00042247570764681,0,0.000102147132729984,5.71566473180831e-05,6.5648028097356e-05,0,0.000204114957544089,0,0,0,0.000107567749754387,2.49345468146116e-05,0.000146504047174303,0,1.98027644659194e-05,0.000238322211630124,1.21598287896106e-05,0,0,0.000123278259809625,0,0,0.00888881157806847,0.000757887584363995,0,0,0.000440722785368004,0,0,0.000785916378497328,2.01587840221478e-05,0,0,8.5397096498719e-05,0.000286346765933546,2.24769611148573e-05,0,2.96577495699626e-05,0,3.88284172242859e-05,0,0,0,0.000815394651011089,0,0,0,9.0998434826921e-05,0.00175890175890176,0,0,0,0,7.00549931696382e-05,0,0.00361687876758205,0,0,0,0,8.10418743364697e-06,0,0.000362056480811006,0,0,0,0.000148709941259573,0.000641942947320557,0,0,0,0,0,0,0,0,0,0,7.42603142272153e-05,0,0,0,6.34605011264239e-05,0,0,0,0,0,0,0.000207878598898243,0.000712540716612378,0,7.92769938163945e-05,0.0088151610608678,0.000164609053497942,0.000280741156653565,2.03029195598327e-05,4.38394598978541e-05,3.10704816615113e-05,0,0,0,0.000106315118009781,0.000109545023004455,0.000260688216892596,0,0,0,0,2.52419015565839e-05,5.37432149191165e-05,0.00325549364552683,0,3.4056465619998e-05,0.000245913733462301,3.76789751318764e-05,7.70343487601749e-05,0,2.92894382285748e-05,0,0,0,0.000225402907697509,0,0,0,0.000231481481481481,0,0,0,7.10202052483932e-05,8.98391878537418e-05,0.00010671219720414,0,0,0.000707476131436457,0.00325250512096551,0,0.000137741046831956,0,0,0,0.00011877895236964,0.000167809871415686,0,0.000468255061286324,0,3.49790999877573e-05,2.39097169089518e-05,0,0,0.0002002002002002,0,9.19286633572348e-05,0,0,0,0,0,0,0.000346100599907707,0,4.18616722900846e-05,0,0.000550751776174478,5.82055237041995e-05,0,6.36912249414837e-05,0.00021491510853213,0,0,0,0,9.01075683583029e-05,0,0.000110078816432566,8.10473017646984e-05,9.57982871266262e-06,1.69881677411683e-05,0,0,0.00116495806150979,0.000414593698175788,0.0196026465857582,4.34439913856771e-05,3.03591487294696e-05,0,7.97448165869218e-05,4.64101731099457e-05,3.80249824134456e-05,1.64206308806384e-05,0,6.76223965377333e-05,0,0,4.01364639775236e-05,0.000285204991087344,6.08124543906592e-05,0,0,1.12731945978851e-05,0,0,0,0.000159012848238138,0.000431778929188256,6.07330478880083e-05,0,0,0.000274089747947068,5.29240539825351e-05,4.32002764817695e-05,0.000166444740346205,0,0,0,0,0,4.80942647589275e-05,0,9.26011667747014e-05,0,0,0.000122249388753056,4.12441851125858e-05,0,0,0,0.000162258640272595,0,0.00151924375422012,0.000364625697697248,0.00129843651074698,0.000265041081367612,0,0.000627600057380577,0,0.000305197070108127,0.000508037885110861,0.000394555139080687,0,8.65213108644144e-05,0,0.00193615648115971,0,0,4.31290546528598e-05,8.426628144938e-05,0.000353857041755131,0.00329344379666564,0.000210692652093758,0,0.00125597622431839,0.00016417665407979,0,0,0,0,0,3.17927115208838e-05,0.000127253446447508,0,0,0,0.000210059516863111,0,0,1.67156993848623e-05,0,0,0,0,0,0.000237665177298222,0,0,0,0,0,0,0.00222381881008587,0.000658097564446131,2.25326723749437e-05,0.000818369999518606,0,0,0,5.46086267978184e-05,0.000113430127041742,0,0,9.90246076149923e-05,0,0,0,1.05983848061555e-05,0.000100075056292219,6.69030574697264e-05,0,6.71136844802655e-05,0,0.00176546450915496,0,0,0,0,0,6.40322722652217e-05,0.000171320884015762,0,0,3.52292543728312e-05,0,1.46130465279401e-05,0.00427094758533586,0,4.88714276178397e-05,0,0,0,0,0,0,0,0,0,4.87186982363831e-05,1.74868739152674e-05,0,2.37631291288437e-05,8.01956774529853e-05,0.0155466097344224,0,0.000179115171054988,0,0,7.33352889410384e-05,0.000626656471521625,6.87514732458553e-05,0.000108225108225108,6.5720294426919e-05,0,0.000269154853759196,0.000444148345547413,4.54256382302171e-05,0,9.42507068803016e-05,8.825346394846e-05,0,0,0,4.99725151166858e-05,0.000261062524474612,0.000170502983802217,7.74713356058258e-05,0,0.00011072357858606,0,0,2.58077836275421e-05,0,0.000161047884904445,0,0.000373412994772218,0,0,0,0,0,8.87446436268668e-05,0.000151676020021235,0,0,0,0,0,0,0,0,0.000684715053197093,0.000257964658841739,0.0002050020500205,0,6.97034119820165e-05,0.000593824228028504,0,0,0,0,0,5.29081866600825e-05,6.00114021664116e-05,0,0,0,2.27128191151086e-05,0,0,0,0.000130652536836757,0.00409782537713054,0.000536519936593098,6.61849870387734e-05,0,2.00156121774984e-05,0.000121700435937203,0,0,0.000157952930026852,0,0,0,0.978092690393357,0,0,0,0,2.73374922771584e-05,4.23863515947865e-05,0,0.00509484276329647,2.91583116888943e-05,0.000453889003507324,9.99000999000999e-05,0,0,0,0,0,0.00115046233309942,8.94294401717045e-05,0.000641285712416077,0,1.44684298859888e-05,0,0.000777000777000777,0,0.000292879370309354,0.000493745885450955,1.88770323147826e-05,0.000223164472216023,0,0,0.000451161741484322,0,0,5.86544665376268e-05,0,0,5.23786125653797e-05,0,0,2.84342940333477e-05,0,0,0.000144885540423066,0,0.000166002656042497,0,0.000870863398855437,0,0.000153573538098051,1.02946323786778e-05,0,5.30796587208725e-05,0.000118764845605701,0.0181021213946329,0,0.000485987364328527,0.000283865107301011,0,0,0,0.000142433910665451,0.000126472501264725,0.000255069506440505,0,0,0,0.000113340133741358,0,0,0,2.83096318804201e-05,0,0,9.22253988748501e-05,0,0.000232565670363185,0,0.000134651118950798,0,0.00016597510373444,4.65202828433197e-05,0,0,0,9.20047842487809e-05,0,0.00106655585566868,8.21247310415058e-05,8.12075563631196e-05,0,0.000120857871143535,0,0,0.00052443885043004,0,5.8173356602676e-05,0,0.000179662234998203,0,0,0,0,0,0.000157306905773163,0.000713423334430908,3.19959045242209e-05,0.000328245527654686,3.06767286336585e-05,0,0,0,0.000317662007623888,0.000257953909589139,0,0,7.67931193365075e-05,0,3.96016078252777e-05,0,0,0.000223888951080264,0,0,6.23208276205908e-05,0,0,0,0,0,1.44123369604381e-05,5.35557170727975e-05,0,4.50024751361325e-05,0.000320162717993145,0.000139880854425172,7.7930174563591e-05,2.18804017241757e-05,7.42692860565405e-06,3.03766707168894e-07,9.02527075812274e-08,1.14503816793893e-06
0,0,0,0,0,0,0,0,0,0,0,0,0,0,0,0,0,0,0,0,0,0,0,0,0,0,0,0,0,0,0,0,0,0,0,0,0,0,0,0,0,0,0,0,0,0,0,0,0,0,0,0,0,0,0,0,0,0,0,0,0,0,0,0,0,0,0,0,0,0,0,0,0.000473484848484848,0,0,0,0,0,0,0,0,0,0,0,0,0,0,0,0,0,0,0,0,0,0,0,0,0,0,0,0,0,0,0,0,0,0,0,0.000782560089435439,0,0,0,0,0,0,0,0,0,0,0,0,0,0,0,0,0,0,0,0,0,0,0,0,0,0,0,0,0,0,0,0,0,0,0,0,0,0,0,0,0,0,0,0,0,0,0,0,0,0,0,0,0,0,0,0,0,0,0,0,0,0,0,0.000670128999832468,0,0,0,0,0.000232688504130221,0,0,0,0,0,0,0,0,0,0,0,0,0,0,0,0,0,0,0,0,0,0,0,0,0,0,0,0,0,0,0,0,0,0,0,0,0,0,0,0,0,0,0,0,0,0,0,0,0,0,0,0,0,0,0,0,0,0,0,0,0,0,0,0,1.74895499938787e-05,0,0,0,0,0,0,0,0,0,0,0,0,0,0,0,0,0,0,0,0,0,0,0,0,0,0,0,0,0,0,0,0,0,0,0,0,0,0,0,0,0,0,0,0,0,0,0,0,0,0,0,0,0,0,0,0,0,0,0,0,0,0,0,0,0,0,0,0,0,0,0,0,0,0,0,0,1.51952260941105e-05,0,0,0,0.000649034561090378,0,0,0,0,0,0,0,0,0,0,0,0,0,0,0,3.89574973703689e-05,0,0,0,0,0,0,0,0,0,0,0,0,0,0,0,0,0,0,0.000154356718376167,0,7.70208341356337e-05,0,1.67156993848623e-05,0,0,0,0,0.000136855070480361,0,0,0,0,0,0,0,0,0,0,0,0,0,0,0,0,0,0,0,0,0,0,0,0,0,0,0,0,0,0,0,0,0,0,0,0,0.000309386795371574,0,0,2.03636956034781e-05,0,0,0,0,0,0,0,0,0,0,0,0,0,0,0,0,0,0,0,0,0,0,0,0,0,0,0,0,0,0,0,0,0,0,0,0,0,0,0,0,0,0,0,0,0,0,0,0,0,0,0,0,0,0,0,0,0,0,0,0,0,0,0,0,0,0,0,0,0,0,0,0,0,0,0,0,0,0,0,0,0,0,0,0,0,0,0,0,0,0,0,0,0,5.83294447036864e-05,0,0,0,0,0,0,0.993449432816744,0,0,0,0,0,0,0,2.24294705299187e-06,0,0,0,0,0,0,0,0,0,0,0.000707613925842061,5.78737195439551e-05,0,0,0,0,0,0,0,0,0,0,0,0,0,0,0,0,0,0,0,0,0,0,0,0,0,0,0,0,0,0,0,0,0,0,0,0,0,0,0,0,0,0,0,0,0,0,0,0,0,0,0,0,0,0,0,0,0,0,0,0,0,0,0,0,0,0,0,0,0,0,0,0.00015008254539997,0,0,0,0,0,0,0,0,0.000462748727441,0,0,0,0,0,0,0,0,0,0,3.96852168598675e-06,0,0,0,0,0,0,0.00349243306169965,0,0,0,0,0.000107723796186578,0,0,0,0,0,0,0,0,0,0,0,0,1.43747005270724e-07,0,0,0
0,0,6.6795805223432e-05,0,0,0,0,0,0,0,0,0,0,0,0,0,0,0,0,0,0,0,0,0,0,0,0,0,0,0,0,0,0,0,0,0,0,0,0,0,0,0,0,0,0,0,0,0,0,0,0,0,0,0,0,0,0,0,0,0,0,0,0,0,0,0,0,0,0,0,0,0,0,0,0,0,0,0,0,0,0,0,0,0,0,0,0,0,0,0,0,0,0,0,0,0,0,0,0,0,0,0,0,0,0,0,0,0,0,0,0,0,0,0,0,0,0,0,0,0,0,0,0,0,0,0,0,0,0,0,0,0,0,0,0,0,0,0,0,0,0,0,0,0,0,0,0,0,0,0,0,0,0,0,0,0,0,0,0,0.000536804670200631,0,0,0,0,0,0,0,0,0,0,0,0,0,0,0,0,0,0,0,0,0,0,0,0,0,0,0,0,0,0,0,0,0,0,0,0,0,0,0,0,0,0,0,0,0,0,0,0,0,0,0,0,0,0,0,0,0,0,0,0,0,0,0,0,0,0,0,0,0,0,0,0,0,0,0,0,0,0,4.19524678539215e-05,0,0,0,0,0,0,0,0,0,0,0,0,0,0,0,0,0,0,0,0,0,0,0,0,0,0,0,0,0,0,0,0,0,0,0,0,0,0,0,0,0,0,0,0,0,0,0,0,0,0,0,0,0,0,0.000549752611324904,0,0,0,0,0,0,0,0,0,0,0,0,0,0,0,0,0,0,0,0,0,0,0,0,0,0,0,0,0,0,0,0,0,0,0,0,0,0,0,0,0,0,0,0,0,0,0,0,0,0,0,0,0,0,0,0,0,0,0,0,0,0,0,0,0,0,0,0,0,0,0,0,0,0,0,0,0,0,0,0,0,0,0,0,0,0,0,0,0,0,0.000187079072087802,0,0,0,0,0,0,0.000100075056292219,0,0,0,0,0,0,0,0,0,0,0,0,0,0,8.8073135932078e-06,0,0,0,0,0,0,0,0,0,0,0,0,0,0,0,0,0,0,0,0,0,0,0,0,0,0,0,0,0,0,0,0,0,0,0,0,0,0,0,0,0,0,0,0,0,0,0.000801282051282051,0,0,0,0,0,0,0,0,0,0,0,0,0,0,0,0,0,0,0,0,0,0,0,0,0,0,0,0,0.000627915321133836,0,0,0,0,0,0,0,0,0,0,0,0,0,0,1.10308311731289e-05,0,0,0,0,0,0,0,0,0,0,0,0.981941309255079,0,0,0,0,0,0,0,0,0,0,0,0,0,0,0,0,0,0,0,0,0,0,0,0,0,0,0,0,0,0,0,0,0,0,0,0,0,0,0.000101564086938858,0,0,0,0,0,0,0,0,0,0,0,0,0,0,0,0,0,0,0,0,0,0,0,0,0,0,0,0,0,0,0,0,0,0,0,0,0,0,0,0,0,0,0,0,0,0,0,0,0,0,0,0,0,0,0,0,0,0,0,0,0,0,0,0,0,0,0,0,0,0,0,0,0,0,0,0,0,0,0,0,0,0,0,0,0,0,0,0,0,0,0,0,0,0,0,0,0,0,6.31768953068592e-07,0
0,0,0,0,0,0,0,0,0,0,0,0,0,0.00441392839627268,0,0,0,0,0,0,0,0,0,0,0,0,0,0,0,0,0,0,0,0,0,0,0,0,0,0,0,0,0,0,0,0,0,0,0,0,0,0,0,0,0,0,0,0,0,0,0,0,0,0,0,0,0,0,0,0,0,0,0,0,0,0,0,0,0,0,0,0,0,0,0,0,0,0,0,0,0,0,0,0,0,0,0,0,0,0,0,0,0,0,0,0,0,0,0,0,0,0,0,0,0,0,0,0,0,0,0,0,0,0,0,0,0,0,0,0,0,0,0,0,0,0,0,0,0,0,0,0,0,0,0,0,0,0,0,0,0,0,0,0,0,0,0,0,0,0,0,0,0,0,0,0,0,0,0,0,0,0,0,0,0,0,0,1.05767501877373e-05,0,0,0,0,0,0,0,0,0,0,0,0,0,0,0,0,0,0,0,0,0,0,0.00010972130787799,0,0,0,0,0,0,0,0,0,0,0,0,0,0,0,0,0,0,0,0,0,0,0,0,0,0,0,0,0,0,0,0,0,0,0.000216076058772688,0,0.00047511580947856,0,0,0,0,0,0,0,0,0,0,0,0,0,0,0,0,0,0,0,0,0,0,0,0,0,0,0,0,0,0,0,0,0,0,0,0,0,0,0,0,0,0,0,0,0,0,0,0,0,0,0,0,0,0,0,0,0,0,0,0,0,0,0,0,0,0,0,0,0,0.00033288948069241,0,0,0,0,0,0,0,0,0,0,0,0,0,0,0,0,0,0,0,0,0,0,0,0,0,0,0,0,0,0,0,0,0,0,0,0,0,0,0,0,0,0,0,0,0,0,0,0,0,0,0,0,0,0,0,0,0,0.00271739130434783,0,0,0,0,0,0,0,0,0,0,0,0,0,0,0,0,0,0,0,0,0,0,0,0,0,0,0,0,0,0,0,0,0,0,0.000239865675221876,0,0,0,0,0,0,0.000305455434052172,0,0,0,0,0,0,0,0,0,0,0,0,0.00521134916039375,0,0,0,0,0,0,0,0,0,0,0,0,0,0,0,0,0,0,0,0,0,0,0,0,0,0,0,0,0,0,0,0,0,0,0,0,0,0,0,0,0,0,0,0,0,0,0,0,0,0,0,0,0,0,0,0,0,0,0,0,0,0,0,0,0,0,0,0,0,0,0,0,0,0,0,0,0,0,0,0,0,0,0,0,0,0,0,0,0,0.963593380614657,0,0,0,0,0,0,0,0,0,0,0,0,0,0,0,0,0,5.78737195439551e-05,0,0,0,0,0,0,0,0,0,0,0,0,0,0,0,0,0,0,0,0,0,0,0,0,0,0,0,0,0,0,0,0,0,0,0,0,0,0,0,0,0,0,0.000193031560660168,0,0,0,0,0,0,0,0,0,0,0,0,0,0,0,0,0,0,0,0,0,0,0,0,0,0,0,0,0,0,0,0,0,0,0,0,0,0,0,0,0,0,0,0,0,0,0,0,0,0,0,0,0,0,0,0,0,0,0,0,0,0,0,0,0,0,0,0,0,0,0,0,0,0,0,0,0
0,0,0,0,0,0,0,0,0,0,0.000669523299410819,0,0.000723065798987708,0,0,0,0,0,0.000534106516099496,0,0,0,0,0,0,0,0,0,0,0,0,0,0,0,0,0,0,0,0,0,0,0,6.00853211560416e-05,0,0,0,0.00255695025569503,3.36620998417881e-05,0,0,0,0,0,0,0,0,0,0,0,0,0,0,0,0,0,0,0,0,0,0,0,0,0,0,0,0,0,0,0,0,0,0,0,0,0,0,0,0,0,0,0,0,0,0,0,0,0,0,0,0,0,0,0,0,0,0,0,0,0,0,0,0,0,0,0,0,0,0,0,0,0,0,0,0,0,0,0,0,0,0,0,0,0,0,0,0,0,0,0,0,0,0,0,0,0,0,0,0,0,0,0,0,0,0,0,0,0,0,0,0,0,0,0,0,0,0,0,0,0,0,0,0,0,0,0,0,0,0,0,0,0,0,0,0,0,0,0,0,0,0,0,0,0,0,0,0,0,0,0,0,0,0,0,0,0,0,0,0,0,0,0,0,0,0,0,0,0,0,0,0,0,0,0,0,0,0,0,0.000320136591612421,0,0,0,0,0,0,0,0,0,0,0,0,0,0,0,0,0,0,0,0,0,0,0,0,0,0,0.000411776816965205,0,0,0,0,0,0,0,0,0,0,0,0,0,0,0,0,0,0,0,0,0,0,0,0,0,0,0.000240038406144983,0,0,0,0,0,0,0,0,0.000120409391932571,0,0,0,0,0,0,0,0,0,0,0,0,0,0,0,0.00319682045965094,0,0,0,0,0,0,0,0,0,0,0,0,0,0.00012653102540743,0,0,0,0,0,0,0,0,0,0,0,0,0,0,0,0,0,0,0,0,0,0,0,0,0,0,0,0,0,0,0,0,0,0,0,0,0,0,0,0,0,0,0,0,0,0,0,0,0,0,0,0,0,0,0,0,0,0,0,0,0,0,0,0,0,0,0,0,4.52488687782805e-05,0,0,0,4.27414356848247e-05,0,0,0,0,0,0,0,0,0,0,0,0,0,0,0,0,0,0,0,0,0,0.000363279689032586,0,0,0,0,0,0,0.000148638428279772,0,0,0,0,0,0,0,0,0,0,0,0,0,0,0,0,0,0,0,0,0,0,0,0,0,0,0,0,0,0,0,0,0,0,0,0,0,0.00153767298821117,0,0,0,0,0,0,0,0,0,0,0,0,0,0,0,0,0,0,0,0,0,0,0,0,0,0,0,0,0,0,0,0,0,0,0,0,0,0,0,0,0,0,0,0,0,0,0,0,0,0,0.989594172736733,0,0,0,0,0,0,0,0,0,0,0,0,0,0,0,0,0,0,0,0,0,0,0,0,0,0,0,0,0,0,0,0,0,0,0,0,0,0,0,0,0,0,0,0,0,0,0,0,0,0,0,0,0,0,0,0,0,0,0,0,0,0,0,0,0,0,0,0,0,0,0,0,0,0,0,0,0,0,0,0,0,0,0,0,0,0,0,0,0,0,0,0,0,0,0,0,0,0,4.78973081712808e-05,0,0,0,0,0,0,0,0,0,0,0.000340483486550902,0,0,0,0,0,0,0,0,0,0,0,0,0,0,0,0,0,0,0,0,0,0,0,0,0,1.89530685920578e-06,3.81679389312977e-07
0,0,0,8.66359686551065e-06,0,8.29714854661615e-05,2.86361462619806e-06,7.29442487107104e-06,0,0,0,0,0,0,0,0,1.96672304606065e-05,0,0,0,2.32601414216598e-05,0,0,0,0,0,0,0,2.2265764161026e-05,0,0,0,0,0,0,0,0,0,0,0,0,7.74035744970703e-06,0,0,0,0,0,0,0.000110204981265153,0,0,0,7.34106592277199e-05,0,0,0,0,0,0,0,5.69174639854747e-06,0,6.47295276686366e-06,0,5.34616412723871e-05,0,0,0,0,0,0,0,0,4.94875563539548e-06,2.60413275868804e-05,0,0,0,0,0,0,0,0,0,0,0,0.000221347373080997,0,0,0,0,9.85512959495417e-06,0,0.0106991352711545,0,0,0,0,0,0,0,0,0,0,0,0,0,0,0,0,0,0,0,0,6.92574493312501e-06,0,0,0,0,0,0,0,0,0,0,2.6878378696197e-05,0,0,0,1.10133371512902e-05,0,0,0,0,0,0,0,0,0,0,0,0,0,0,0,0,0,0,3.50274965848191e-05,0,6.69792364367046e-05,0,0,0,0,3.24167497345879e-05,0,0,0,0,0,0,0,0,0,0,0,0,0,0,0,0,0,1.06086163181736e-05,0,0,0,0,0,0,0,0,0.000917641660931406,0,0,0.000356270358306189,0,0,0,0,0,0,1.82664416241059e-05,3.45227574016792e-06,0,0,0,5.31575590048905e-05,0,0,0,0,0,0,4.20698359276399e-06,0,0,0,2.55423492149985e-05,0,0,4.27968604223194e-06,0,0.000644367641028645,0,0,0,0,0,0,0,0,0,0,0,3.55101026241966e-05,2.99463959512473e-05,0,0,0,1.40094283452764e-05,1.38404473232575e-05,0,0,0,0,0,0,0,0,0,0,0,0,0,0,0,0,0,0,0,0,0,0,0,0,0,0,0,0,0,0,0,0,0,0,0,0,2.41592755743276e-05,0,0,0,0,0,0,0,0,0,0,2.48251379346726e-05,0,0,0,0,0,0,0,0,0,0,0,0,0,0,0,0,0,0,0,0,0,0,0,0,0,0,0,0,0,0,0,0,0,0,0,0,0,0,0,0,2.5306205081486e-05,0,0,0,0,0,2.8048130592096e-05,1.07308802541072e-05,0,0,0,0,0,0,0,0,6.6554854511088e-06,0,0,0,0,2.50426768952089e-05,1.60507202760724e-05,0,4.09123453001943e-05,0,0,0,0,0,0,0,0,0,0,2.12089077412513e-05,0,0,0,0,0,0,0,0,0,0,0,0,0,0,0,0,0,0,0,3.42125970782442e-05,5.92880688690208e-06,0,0,0,0,0,0,0,0,0,0,0,0,0,0,0,0,0,1.2202488087321e-05,0,4.17367496254127e-06,0,0,0,0,0,1.60080680663054e-05,0,0,0,0,0,0,4.98554192840762e-05,0,7.98630646437869e-05,0,0,0,0,0,0,0,0,0,0,0,0,5.94078228221092e-06,0,0,0,0,0,0,0,5.74914194056537e-06,0.00101162882061758,0,0,0,0,0,0,0,0,0.0013238019592269,0,0,0,0,0,8.52514919011083e-05,0,0,0,0,0,0,0,0,0,0.000186706497386109,0,0,0,0,0,0,0.000252793366702058,0,0,0,0,0,0,0,0,0,0,0,0,3.48517059910083e-05,5.3984020729864e-05,0,0,0,0,0,0.00148142922648231,0,0,0,0,0,0,0,0,0,1.63259975184484e-05,2.43872698451408e-05,1.10308311731289e-05,0,0,0.00202522007495499,0,0,0,0,0,0.000151469251741896,9.13565871836674e-06,0,0,0,0,0.966856024363173,0,0,0,2.24294705299187e-06,0,0,0,0,0,0,0,1.67079591943899e-05,4.47147200858523e-05,0,0,0,0,0,0,0,0,8.0901567063354e-06,0,0,0,0,0,0,0,0,0,7.48265893791139e-06,0,0,5.68685880666955e-06,0,0,4.82951801410219e-05,0,0,0,0,0,2.36266981689309e-05,2.05892647573555e-05,0,0.0144815155858033,0,0,0,0,0,0,0,0,0,0,0,0,0,0,0,0,0,0,5.66192637608402e-05,0,0,0,0,2.94386924510361e-06,0,0,0,0,0,0,0,0,0,0,1.38513747489438e-05,0,1.66765517531406e-05,0,4.39483167794673e-05,0,0,0,0,0,0,0,0,0,0,0,0,0,0,0,0,0,0,0,0,0,3.96852168598675e-06,0,0,0,0,0,3.24075574423956e-05,0,0.000223888951080264,0,0,0,0,0,0,0,0,4.32370108813144e-05,0.00703110056998585,0,0,1.88331010584203e-05,0,0,0,9.5831336847149e-08,0,0,0
0,0,0,0,0,0.000414857427330807,1.43180731309903e-06,0,0,0,0,0,0,0,0,0,0,0.000612745098039216,0,0,0,0,0,0,0,0,0,0,1.1132882080513e-05,0.000100677897845493,0,0,0,0,0,0,0,0,0,0,0,0,0,0,0,0,0,0,0,0,0,0,0,0,0,0,0,0,0,0,0,0,0,0,0,0,0,0,0,0,0,0,0,0,0,0,0,0,0,0,0,0,0,0,0,0,0,0,0,0,0,0,0,6.15246421573001e-06,0,0,0,0,0.00976743595280131,0,0,0,0,0,0,0,0,0,0,0,0,3.64794863688319e-05,0,0,0.0001274337067695,0,0,0,0,0,0,0,0,0,0,0,0,0,0,0.000110133371512902,0,0,0,0,0,0,0,0,0,0,0,0,0,0,0,0,0,0,0,0,0,0,0,0,0,0,0,0,0,0,0,0,0,0,0,0,0,0,0,0,0,0,0,0.000636516979090417,0,0,0,0,0,0,0,0,0,0,0,0,0,0,0,0,0,0,0,0,0,0,0,0,0,0,0,0,0,0,0,0,0,0,8.51411640499949e-06,0,0,3.85171743800875e-05,0,0,0,0,0,0,0,0,0,0,0,0,0,1.77550513120983e-05,0,0,0,0,7.00471417263819e-06,0,0,0,0,0,0,0,0,0,0,0,0,0,0,0,0,0,0.000367714653428939,0,0,0,0,0,0,0,0,0,0,0,0,0,0,0.00042983021706426,0,0,0,0,1.71400265898946e-06,0,2.20157632865131e-05,0,0,0,0,0.000935716290820623,0,0,0,0,0,0,0,9.28203462198914e-05,0,0.000139575362485427,0,6.76223965377333e-05,0,0,0,0,0,0,0,5.63659729894257e-05,0,0,0,0,0,0,0,0,0,0,0,0,0,0,0,0,0,0,0,0,0,0,0,0,0,0.00176185582146528,0,0,0,0,0,0,0,0,0,0,0,0,0,0,0,0,0,0,0,1.39125982751161e-06,0,0,0,0,0,0,0,0.000450382825401591,0,0,0,0,0,0,0,0,0,0,0,0,0,0,0,0,0,0,0,0,0,0,0,0,0,0,5.92880688690208e-06,0,0,0,0,0,0,0,0,0,0,0,0,0,0,0,0,0,0,0,0,0,0,0,0,8.11589498031895e-05,0,0,0,0,0,0,0,0,0,0,0,0,0,0,0,0,0,0,0,0,0,0,0.00243572073570648,0,0,0,0,0,0,0,0,0,0,0,0,0,0,0,0,0,0,0,0,0,0,0,0,0,0,0,0,0,0,0,0,0,0.000373412994772218,0,0,0,0,0,0,0,0,0,0,0,0,0,0,0,0,0,0,0,5.22775589865124e-05,0,0,0,0,0,0,0,9.00171032496174e-05,0,0,0,0,0,0,0,0,0,0,0,0,0,0,0,0,0,0,0,0.000151469251741896,8.30514428942431e-07,0,0,0,0,0,0.919275193387729,0,7.94827264164815e-06,2.24294705299187e-06,0,0,0,0,0,0,0,2.38685131348428e-06,4.47147200858523e-05,0,0,0,0,0,0,0,0,0,0,0,0,0,0,0,0,0,0,2.49421964597046e-06,0,0,0,0,0,0,0,0,0,0,0,0,0,0,4.61562249746718e-06,0,0,0,0,0,0,0,0,0,1.8067500180675e-05,0,0,0,0,0,0,0,0,0,0,0,0,0,0,0,0,0,0,0,0,0,0,0,0.00155803687353934,0,0,4.35040480516712e-06,0,0,0,0,0,0,0,0,0,0,0,0,0,0,0,0.000109757436066293,0,0,0,0,0,0,0,0,0,0,0.000748732913530948,0,0,0,0,0,0,0,0,0,0,0,0,0,0,0,0,0,0,0,0,0,1.91662673694298e-07,1.21506682867558e-07,0,0
0,0,0,0,0,2.76571618220538e-05,0,0,0,0,0,0,0,0,0,0,0,0,0,0,0,0,0,0,0,0,0,0,0,0,0,0,0,0,0,0,0,0,0,0,0.000576407209524021,0,0,0,0,0,0,0,0,0,0,0,0,0,0,0,0,0,0,0,0,0,0,0,0,0,0,0,0,0,0,0,0,0,0,0,0,0,0,0,0,0,0,0,0,0,0,0,0,0,0,0,0,0,0,0,0,0,0,0,0,0,0,0,0,0,0,0,0,0,0,0,0,0,0,0,0,0,0,0,0,0,0,0,0,0,0,0,0,0,0,0,0,0,0,0,0,0,0,0,0,0,0,0,0,0,0,0,0,0,6.69792364367046e-05,0,0,0,0,0,0,0,0,0,0,0,0,0,0.000458592884167081,0,2.46889196128777e-05,0,0,0,0,0,0,0,0,0,0,0,0,0,0,0,0,0,0,0,0,0,0,0,0,0,0,0,0,0,0,0,0,0,0,0,0,0,0,0,0,0,0,0,7.53579502637528e-05,0,0,0,0,0,0,0,0,0,0,0,0,0,0,0,0,0,0,0,0,0,0,0,0,0,0,0,0,0,0,0,1.74895499938787e-05,0,0.000136407038603192,0,0,0,0,0,0,0,5.97228858098423e-05,0,0,0,0,0,0,0,0,0,0,0,0,0,0,0,8.16191742375933e-08,0,0,5.40315345097989e-05,0,5.66272258038943e-06,0,0,0,0,0,0,0,0,0,0,0,0,0,0,0,0,0,0,0,0,0,0,0,0,0,0,0,0,0,0,0,0,0,0,0,0,0,0,0,0,0,0,0,0,0,0,0,0,0,0,0,0,0,0,0,0,0,0,0,0,0,0.000101337657073368,0,0,0,0,0,0,0,0,0,0,0,0,0,0,0,0.000340831629175187,0,0,0,0,0,0,0,0,0,0,0,0,0,0,0,0,0,0,0,0,0,0,0,0,0,2.25326723749437e-05,0,0,0,8.41042893187553e-05,0,0,0,0,0,0,0,0,0,0,0,0,0,0,0,0,0,0,0,0,0,0,0,0,0,0,0,0,0,0,0,0,0,0,0,0,0,0,0,0,0,0,0,0.000320782709811941,0,0,0,0,0,0,0,0,0,0,0,0,0,0,0,4.71253534401508e-05,0,0,0,0,0,0.000130531262237306,0,0,0,0,0,0,1.2903891813771e-05,0.000131700250230475,0,0,0,0,0,0,0,0,0,0,0,0,0,0,0,0,0,0,0,0,0,0,0,0,0,0,0,0,0,0,0,0,0,0,2.27128191151086e-05,0,0,0,1.45169485374174e-05,0,0,0,0,0,0,0,0,0,0,0,0,0,0,0,0,0,0,0,0.984985170538804,0,0,0,0,0,0,0,0,0,0,0,0,0,0,0,0,0,0,3.2916392363397e-05,0,0,0,0.000467508181393174,0,0,0,0,0,0,0,0,0,0,0,0,0,0,0,0,0,0,0,0,0,0,0,0,0,0,0,0,0,0,0,0,0,0,0,0,2.83350334353395e-05,0,0,0,0,0,0,0,0,0,0,0,0,0,0,0,0,0,0,0,0,0,0,0,0,0,0,0,0,0,0,0,0,0.00202049357771684,0,0,0,0,0,0.000847891469891854,0,0,0,0,0,0,0,0,0,0,0,0,0,0,0,0,0,0,0,0,0,0,0,0,0,0,0,0,0,0,0,9.10397700047916e-07,0,0,0
0,0,0,0.000311889487158384,0,5.53143236441076e-05,1.57498804440894e-05,3.64721243553552e-05,0,0,0,0,0,0,0,0,1.96672304606065e-05,0,0,0.00852835340417822,8.45823324423994e-06,0.00012531328320802,2.46228598630969e-05,0,0,0,0,0,0,3.3559299281831e-05,0,4.09785682088268e-05,7.44956643523347e-06,0,0,0,0,0,0,0,0,0.000456681089532715,0,0,0.000100755667506297,0,0,0,0.00016530747189773,7.01360639640903e-05,0,0,0.00014682131845544,0,0,0,0,0,0,0,2.27669855941899e-05,0,1.29459055337273e-05,0,0,0,0,0,0,0,0,0,0,5.6910689807048e-05,5.20826551737608e-05,0,0,0,0,0,0,0,0,0,1.27079873936765e-05,0,0,0,0,0,0,0.000206957721494038,0,1.5381160539325e-05,9.67202174270488e-06,0.000523065161848432,0,4.08588530919937e-05,6.35073859089812e-06,0,0,6.53167864141084e-05,0,0,0,3.58559165847957e-05,0,0,0,0,0,0,0,0,5.54059594650001e-06,0,0,0.000104369607570276,3.59343251207067e-05,0,0,0.000771264874394006,0,0,0,0,0,0,0,3.30400114538706e-05,0,0,0,0,0,0,0,0,4.07697325505545e-05,0,0,0,1.81996869653842e-05,0,0,0,0,0,0,0,0.000200937709310114,0,0,0,0,0,0,0,0,0,0,3.71774853148933e-05,0,0,0,0,0,0,0,0,4.77258626449673e-05,6.31911532385466e-05,0,1.06086163181736e-05,0,0,0,0,0,0,0,0,0,0,0,0.000101791530944625,0,0,0.000190529417742099,0,0,0,2.1919729948927e-05,3.45227574016792e-06,0,0,0,0,0,0,0,0,0,0,2.10349179638199e-05,0,2.08685490097873e-05,0,0,9.83654933849206e-05,0,1.28390581266958e-05,0,1.46447191142874e-05,0,0,0,0,0,0.000286286859433152,0,0,0,0,0,0,9.98213198374909e-06,0,2.51768674941464e-05,0,0.000140094283452764,1.38404473232575e-05,0,0,0,0,2.12143069285926e-05,0,0,0,2.75444153697838e-05,0,0,0,0,0,0,0,0,0,0,0,0,0,0,0,0,8.37233445801693e-06,0,0.000110150355234896,0,0,0,0,7.45156482861401e-05,0,0,0,1.95069826427848e-05,0,2.20157632865131e-05,5.68752994839988e-06,0,0,0,9.35716290820623e-05,6.65690320862735e-05,0,0.000146220207632695,1.86188534510045e-05,0,0,0,0,1.90124912067228e-05,0,0,0,0,0,0,0,0,0,0,1.12731945978851e-05,0,0,0,0,0,0,0,0,0,0.000158772161947605,0,0,0,0,0,0,0,0,0,0,0,0,0.000244498777506112,0,0,0,0,0,0,0.012322754895341,0,5.36544012705362e-05,0,0,0.000376560034428346,0,3.39107855675697e-05,3.62884203650615e-05,0,0,6.6554854511088e-06,0,4.1370864982045e-05,3.89574973703689e-05,0,2.22601572401857e-05,2.00634003450905e-05,8.84642604387827e-05,0.000265930244451263,0,0,6.7192143687815e-05,0,0,0,0,0,0,0,0.000148462354188759,0,0,0,2.33399463181235e-05,0,0,0,0,0,0,0,0,7.12995531894667e-05,0,0,0,0,0,0,0,5.92880688690208e-05,2.25326723749437e-05,0,0,0,0,1.36521566994546e-05,2.83575317604356e-05,0,0,4.95123038074962e-05,0,0,0,0,5.00375281461096e-05,0,0,3.05062202183025e-05,0,4.17367496254127e-05,0,0,0,0,0,0,3.42641768031523e-05,0,0,1.76146271864156e-05,0,0,0.000182803204041613,0,1.43038324735141e-05,0,0,0,0,0,0,0,0,0,0,0,0,0,0,0.000166406435326316,0,8.95575855274942e-05,0,0,0,0.00157526489171491,9.82163903512218e-06,0,0,0,0,0,0,0,0,0,0,0,0,0,6.52656311186529e-05,0,0,0,0,0,0,0,0,0,0,0,0,0,0,0,0,5.07112249296382e-05,0.000101117346680823,0,0,0,0,0,0,0,0,2.63351943537343e-05,0,2.92860071457857e-05,0,1.74258529955041e-05,0,0,0,0,0,0,0,0,0,0,0,0,0,0,0,1.45169485374174e-05,0.00236726964017501,0,1.10308311731289e-05,0,0,1.24820959935592e-05,0,0,0,0,0,0.000302938503483793,0.0010921264740593,0,0,0,0,0,0,0,0.983523230813863,8.97178821196747e-06,0,0,0,0,0,0,0,0.000188561253765258,0.000223573600429261,1.30874635186954e-05,0,0,0,0.000310800310800311,0,3.66099212886692e-05,0,8.0901567063354e-06,0,0,0,0,0,0,0,0,0,2.49421964597046e-05,0,0,1.13737176133391e-05,0,0,9.65903602820439e-05,0,0,0,0,0,1.18133490844654e-05,5.14731618933888e-06,0,4.61562249746718e-06,0,0.00180686609114636,0,0,0,0,0,0,2.84867821330902e-05,9.0337500903375e-05,0,0,0,0,2.83350334353395e-05,0,0,0,1.65139519302451e-05,0,0,0,0,0.000175160220083665,0,8.07906713704791e-05,0,0,0,0,8.03535556448373e-05,0,0,0,1.38513747489438e-05,1.64249462083012e-05,1.66765517531406e-05,0,0.000142832029533269,0,0,0.000104887770086008,7.5648687495272e-05,0,0,0,0,0,0,0,0,0,0,0,0,0,0,0,0,0,1.5874086743947e-05,0,0,3.83965596682537e-05,0,0,0,0,0,0,0,0,0,0,0,0,0,4.32370108813144e-05,2.29524501740561e-05,0,0,0.000282496515876304,0,7.7930174563591e-05,2.18804017241757e-05,4.31241015812171e-07,0,2.70758122743682e-07,0
0,0,0,8.66359686551065e-06,0,0.000221257294576431,3.29315682012777e-05,4.01193367908907e-05,0,0,0,0,0,0,0,0,5.90016913818196e-05,0,0,0,6.55513076428596e-05,0,1.64152399087313e-05,0,0,0,0,0,0.00285001781261133,0.00838982482045775,0,0,7.44956643523347e-06,0,0,0,0,0,0,0,0,1.54807148994141e-05,0,0,0,0,0,0,0.000110204981265153,0,0,0,0,0,0,0,0,0,0,0,1.13834927970949e-05,0,3.23647638343183e-05,0,0,3.92279930958732e-05,0,0,0,0,0,0,0,2.47437781769774e-06,3.90619913803206e-05,0,0,0,0,0,0,0,0,0,0,0,0.0023715789972964,0,0,0,0,8.86961663545876e-05,0,2.1533624755055e-05,0,0,0,0,4.44551701362868e-05,0,0,8.16459830176355e-06,0,0,0,2.86847332678365e-05,0,0.000219756070761455,0,0,0,4.86393151584426e-05,0,0,0.000142670345622375,0,0,0,6.5335136583103e-06,0,0.000177935943060498,0,0,0,0,0.00735459637074692,0,0,0,5.50666857564511e-05,0.000337154416722859,0,0,0,0,0,0,0,0,0,0,0,0,4.29000429000429e-05,0,0,0,0,0,0,0,0,0,0,0,0.000162083748672939,0,0,0,0,0,0,0,0,0,0,0,0,0,0,0,0,0,0.000106086163181736,0,0,0,1.05767501877373e-05,0,0,0,0,0,0,0,0.000152687296416938,0.000262881177707676,0,0,0,0,5.07572988995818e-06,2.92263065985694e-05,2.76182059213434e-05,0,0,0,0,0,0,0,0,0,0,4.20698359276399e-06,0,0,0,0.00421448762047475,3.27884977949735e-05,0,0.000423688918180962,0,0,0,0,0,0,0,0,0,0,0,0,0,0,8.98391878537418e-05,0,0,0,4.20282850358291e-05,0,0,0.000137741046831956,0,0,0,0,0,0,0,0,0,0,0,0,0,0,0,0,0,0,0,0,0,0,0,4.18616722900846e-06,0.000257334019557386,0,0,0,2.65380103922849e-06,0,0.00022354694485842,0,0,0,0.000154505096831764,0,0,4.26564746129991e-06,1.91596574253252e-05,0,0,0,6.65690320862735e-05,0,9.13876297704343e-06,5.58565603530135e-05,0,0,0,0,0,5.74722080822345e-05,0,0.000338111982688666,0,0,0,0,0,0,0,1.12731945978851e-05,0,0,0,3.18025696476275e-05,0,0,0,0,1.09635899178827e-05,0,0,0,0,0,0,0,0,0,0,0,0,0,0,0,0,0.000293642636910879,0,0,0,0,0,0,0,0,0,0,0,3.62884203650615e-05,6.57591898467811e-05,0,0,0,1.6548345992818e-05,0,0,6.12154324105107e-05,1.60507202760724e-05,0,4.09123453001943e-05,0,0,5.16862643752423e-06,0,0,0,0,0,0,0,0,0,0,0,0,0,0,0,0,0,0,0,0,0,0.000194628260023355,0,0,0,0,0,0,1.77864206607062e-05,0,0,0,0,0,0,0,0,0,0,0,0,0,0,0,0,0,1.2202488087321e-05,0,0,0,0,0,0,8.11589498031895e-05,1.60080680663054e-05,0,0,0,8.8073135932078e-06,0,0,0,0,6.19832740518943e-05,0,0,0,0,0,0,0,0,0,0,0,0,5.94078228221092e-05,0,3.5405624537514e-06,0,0,0,0,0,1.14982838811307e-05,9.82163903512218e-06,0,0,0,0,0,0,0,0,0,0,0,0,0,0,0,0,0,0,0,0,0,0,0,0,0.000373412994772218,0,0,0,0,0,2.53556124648191e-05,5.05586733404116e-05,0,0,0,0,0,0,0,0,6.58379858843358e-06,0,0,0,0.00249189697835709,5.3984020729864e-05,0,0,0,0,0,0,0.000120022804332823,0,0,0,0,0,0,0,0,4.89779925553451e-05,0,3.30924935193867e-05,0,0,4.05668119790675e-05,0,0,0,0,0,0.000454407755225689,1.66102885788486e-05,0,0,0,0,2.18699938217267e-05,6.35795273921797e-05,0,1.58965452832963e-05,0.981852315394243,0,0,0,0,0,0,0,3.34159183887799e-05,0,1.30874635186954e-05,0,0,0,0.000155400155400155,0,0,0,0.00215198168388522,0,0,0,0,0,0.00583464612871229,0,0,0,1.49653178758228e-05,0,0,1.70605764200086e-05,0,0,0,0,0,0,0,0,0,0.00110667298070786,0,2.53859237360695e-05,0,0,0,0,0,0,0,0,0,0,0,0,0,0,2.83350334353395e-05,0,0,0,3.53870398505251e-05,0,0,0,0,7.35967311275902e-06,0,0,0,0,0,0,0,0,0,0,2.77027494978877e-05,8.21247310415058e-06,0.000187067406622186,0,8.78966335589347e-05,0,0,0.00052443885043004,0,0,0,0,0,0,0,0,0,0,0.000384151026232027,0,0,0.0128228725688693,0,0,0,0,0,0,0,9.59913991706343e-05,0,0,0,0,0,0,0,0,0,0,0,0,0,0,7.65081672468536e-06,0,0,3.76662021168406e-05,7.40545699897969e-05,0,0,5.74988021082894e-07,3.03766707168894e-07,0,0
0,0,0,8.66359686551065e-06,0,0,1.43180731309903e-06,3.64721243553552e-06,0,0,0,0,0,0,0,0,0,0,0,8.42722668397057e-06,0,0,8.20761995436563e-06,0,0,0,0,0,0,0,0,4.09785682088268e-05,4.46973986114008e-05,0,0,0,0,0,0,0,0,0,0,0,0,0,0,0,0,0,0,0,0,0.000246609124537608,0,0,0,0,0,0,0,0,0,0,0,0,0,0,0,0,0,0,0,0.000279604693399845,1.30206637934402e-05,0,0,0,0,0,0,0,0,0,4.23599579789217e-06,1.78094390026714e-05,0,0,0,0,0,0,0,0,0,0,0,0,0,0,0,0,0,0,0,0,0,0,0,0,0,0,0,0,0,0,0,0,0.00115316516069177,0,0,0,0,0,0,0,0,0,0,0,0,0,0,0,0,0,0,0,0.000285388127853881,0,0,0,0,0,0,0,0,0,0,0,0,0,0,0,0,0,0,0.000241370987207338,0,0,0,0.000185887426574467,0,0,0,0,0,0,0,0,0,0,0,0,0,0,0,0,0,0,0,0,0,0,0,0,0,0,0,0,0,0,0,0,0,0,0,0,0,0,0,0,0,0,0,0,2.08685490097873e-05,0,0,0,0,0,0,0,0,0,0,0,0,0,0,0,0,0,0,0,0,0,0,0,0,1.38404473232575e-05,0,0,0,0,0,0,0,0,0,0,0,0,0,0,0.0002002002002002,0,0,0,0,0,0,0,0,0,0,0,0,0.000385526243322135,0,0,0,0,0,0,0,0,2.4485752271278e-07,0,0,0,0,0,0,0,0,0,1.82775259540869e-05,0,0,0,0,0,0,0,0,0,0,0,0,3.5650623885918e-05,0,0,0,0,0,0,0,0,0,0,0,0,0,0,0,0,0,0,0,0,0,0,0,9.26011667747014e-05,0,0,0,0,0,0,0,0,0,0,8.41443917762881e-05,2.14617605082145e-05,0,0,1.79314302108736e-05,0,9.20435608262605e-05,0,0,0,0,0,0,0,0,0,0,0,0,0,0,9.82039023129603e-05,0,0,0,0,0,0,0,0,0,0,0,0,0,0,0,0,0,0,0,0,0,0,0,0,0,0,0,0,0,0,0,0,0,0,0,0,0,0,4.95123038074962e-05,0,0,0,0,0,0,0,0,0,2.50420497752476e-05,0,0,0,0,0,0,0,0,0,0,0,0,0,0,1.19198603945951e-06,0,0,0,0,0,0,0,0,0,0,0,0,5.94078228221092e-06,0,2.12433747225084e-05,0,0,0,0,0,0,0,0,0,0,0,0,0,0,0,0,0,0,0,0,0,0,0,0,0,0,0,0,0,0,0,0,0,0,0,0,0,0,0,0,0,0,0,0,0,0,0,0,0,0,0,0,0,0,0,0,0,0,0,0,0,0,0,0,0,0,0,0,1.63259975184484e-05,0,0,0,0,0,0,0,0,0,0,0,6.64411543153945e-06,0,0,0,0,0,0,0,0,0,0.97441716525686,0,0,0,0,0,0,2.38685131348428e-06,0,0,0,0,0,0,0,0,0,0,0,0,0,0,0,0,0,0,0,0,0,0,0,0,0,0,0,0,0,0,0,0,0,0,0,0,0,0,0,5.67730214602021e-05,0,0,0,0,0,0,0,0,0,0,0,0,0,2.35913599003501e-06,0,0,0,0,1.4719346225518e-06,0,0,0,0,4.65202828433197e-05,0,0,0,0,0,0,0,7.25067467527853e-07,0,0,0,0,0,0,5.8173356602676e-05,0,0,0,0,0,0,0,0,0,0,0,0,0,0,0,0,3.96852168598675e-06,0,0,0,0,0,0,0,0,0,0,0,0,0,0,0,0,0,0,0,0,0,0,0,0,0,0,0,0
0,0,0,0,0,0,0,0,0,0,0,0,0,0,0,0,0,0,0,0,0,0,0,0,0,0,0,0,0,0,0,0.00266360693357374,0,0,0,0,0,0,0,0.000289771080846132,0,0,0,0,0,0,0,0,0,0,0,0,0,0,0,0,0,0,0,0,0,0,0,0,0,0,0,0,0,0,0,0,0,1.73206447238842e-05,0,0,0,0,0,0,0,0,0,0,4.23599579789217e-06,0,0,0,0,0,0,0,0,0,0,0,0,0,0,0,0,0,0,0,0,0,0,0,0,0,0,0,0,0,0,0,0,0,0,0,0,0,0,0,0,0,0,0,0,1.10133371512902e-05,0,0,0,0,0,0,0,0,0,0,0,0,0,0,0,0,0,0,0,0,0,0,0,0,0,0,0,0,0,0,0,0,0,0,0,0,0,0,0,0,0,0,0,0,0,0,0,0,0,0,0,0,0,0,0,0,0,0,0,0,0,0,0,0,0,0,0,0,0,0,0,0,0,0,0,5.37432149191165e-05,0,0,0,0,0,0,0,0,0,0,0,0,0,0,0,0,0,0,0,0,0,0,0,0,0,0,0,0,0,0,0,0,0,0,0,0,0,0,0,0,0,0.000111994624258036,0,0,0,0,0,0,0,0,0,0,0,5.50751776174478e-05,0,0,1.06152041569139e-05,0,0,0,0,0,0,0,0,0,0,0,0,0,0,0,0,0,0,0,0,0,0,0,0,0,0,0,0,0,0,0,0,0,6.70106546940964e-05,0,0,0,0,0,0,0,1.09635899178827e-05,0,4.32002764817695e-05,0,0,0,0,0,0,0,0,0,0,0,0,2.17074658487294e-06,0,0,0,0,0,0,0.000308529436513056,0,0,0,0,0,4.84439793822424e-06,0,0,0,9.98322817666321e-05,0,8.27417299640901e-06,0,0,0,0,0,0,0,0,1.03372528750485e-05,0,0,0,0,0,0,0,0,0,0,0,0,0,0,0,0,0,0,0,0,0,0,0,0,0,0,0,0,0,0,4.81394117363886e-05,0,0,0,4.09564700983638e-05,0,0,0,0,0,0,0,0,0,0,0,0,0,8.34734992508254e-06,0,0,0,0,0,0,0,0,0,0,0,1.46130465279401e-05,1.66184730946921e-05,0,0,0,0,0,0,0,0,0,0,0,0,0,0,0,0,0,0,0,0,0,0,0,0,0,0,0,0,0,0,0,0,0,0,0,0,0,0,0,0.000309885342423303,0,0.000138404473232575,0,0,0,0,0,0,0,0,0,0,0,0,0,0,0,0,0,0,0,0,0,0,6.58379858843358e-06,0,0,0,0,0,0,0,0,0,0,0,0,0,0,8.10569830590905e-05,0,0,0,0,0,0,0,0,0,0,0,0,0,0,0,0,0,1.66102885788486e-06,0,0,0,0,0,0,0,0,0,4.1262636682484e-05,0.982817182817183,0,0,0,0,0,0,0,0,0,0,0,0.000155400155400155,0,0.000585758740618708,0,0,0,0,0,2.25580870742161e-05,0,0,0,0,0,2.49421964597046e-06,0,0,0,0,0,0,0,0,0,0,0,0,0,0,2.30781124873359e-06,0,0,0,0.00129596630487607,0,0,0,0,0,0,0,0,0,0,0,7.32529179078967e-05,0,0,0,0,0,0,0,0,0,0,0,0,0,0,0,0,0,0,0,0,0,0,0,0,0,0,7.5648687495272e-05,0,0,0,0,0,0,0,0,0,0,0,0,0,0,0,0,0,1.19055650579603e-05,0,0,0,0,0,0,0,0,0,0,0,0,0,0,0,0,0,0,0,0,0,0,0,0,0,0,0,0
0,0,0,0,0,0,0,0,0,0,0,0,0,0,0,0,0,0,7.63009308713566e-05,0,0,0,0,0,0,0,0.005062490112324,0,0,0,0,0,0,0,0,0.00125281884239539,0,0.000360230547550432,0,0,0,0,0,0,0,0,0,0.000168310499208941,0,0,0,0,0,0,0,0.000270197243988111,0,0,0,0,0,0,0,0,0,0,0,0,0,0,0,0,0,0,0,1.28183764244421e-05,0,0,0,0,0,0,0,0,0,0,0,0,0,0,0,0,0,0,0,0,0,0,0,0,0,0,0.000209336403600586,0,0,0,0,0,0,0,0,0,0,0,0,0,0,0,0,0,0,0,0,0,0,0,0,0,0,0,0,0,0,0,0,0,0,0,0,0,0,0,0,0,0,0.000159108989657916,0,0,0,0,0,0,0,0,0,0,0.000167877418960991,0,0,0,0,0,0,0,0,0,0,0,0,0,0.00238629313224837,0,0,0,0,0.00273730952887862,0,0,0,0.000285160260066157,0,0,0,0,0,0,0,0,0,0,0,0,0,0,0,0,0,0,0,0,0,0,0,0,0,0,0,0.000301295570955107,0,0,0,0,0,0,0,0,0,0,0,0,0,0,0,0,0,0,0,0,0,0,0,0,0,0,1.61762564907229e-05,0,0,0,0,0,0,0,0,0,0,0,0,0,0,0,0,0,0,0,0,0,0,1.67446689160339e-05,0,0,0,0,0,0,0,0,0.00205592105263158,0,0,0,0,0,1.91596574253252e-05,0,3.74728321966574e-05,0,0,0,0,0,6.07182974589393e-05,0,0,0,0,0,0,0,0,4.93559054340852e-05,4.01364639775236e-05,0,0,0,0,0,0,0,0,0,0,0,0,0,0,0,0,0,0,0,0.000188957333434111,0,1.74956698217191e-05,0,0,0,0,0,0,0,2.5306205081486e-05,0,0.000271517784414879,0,0,0,0,0,0,0,0,0.000367866832206741,0,0,0,0,0,0,0,0,0,0,0,0,0,0,0,0,0,0,0,0,0,0,0,0,0,0,0,0,0,0,0,0,0.00280533012724176,0,0,0,0,0,0,0,0,0,0,0,0,0,0,0,0,0,0,0,0,0,0,0.000244857982370225,0,0,0,0,0,2.13707178424123e-05,0,0,0,0,0,3.38249222026789e-05,0,0,0,0,0,0,0,0,0,0,0,0,0,0,0,0,0,0,0,0,0,0,4.80889032669852e-05,0,0,0,0,0,0,0,0,0,0,0,0,0,0,0,0,9.08512764604343e-05,0,4.71253534401508e-05,0,0,0,0,0,0,0,0,0,0,0,0,0,0,0,5.62841222491135e-05,0,0,0,0,0,0,0,0,0,0,0,0,0,0,0,0,0,0,0,0,0,0,0,0,0,0,0,0,0,0,0.000232099338516885,0,0,0,0,0,0,0,0,0,0,0,0,0,0,0,0,0,0,8.30514428942431e-07,0,0,0,0,0,0,0,0,0,0,0,0.970539948923751,0,0,0,0,0,0,0,0,0,2.3191094619666e-05,0,0,0,0,0,0,0.000668896321070234,0,0,0,0,5.86544665376268e-05,0,0,0,0,0,0,0,0,0,0,0,0,0,0,0,0,0,0,0,0,0,0,0,0,0,0,0,0,0,0,0,0,0,0,0,0,0,0,0,0,0,0,0,0,0,0,0,0,0,0,0,0,0,0,0,0,0,0,0,0,0,0,0,0,0,0,0,0,0,0,0,0,0,0,0,0,0,0,0,0,0,0,0.000754716981132075,0,0,0,0,0,0,0,0,0.000271812992661049,0,0.000104975855553223,0,0,0,0,4.50024751361325e-05,0,0,0,2.18804017241757e-05,4.79156684235745e-08,0,1.80505415162455e-07,3.81679389312977e-07
0,0,0,0,0,0,0,0,0,0,0,0,0,0,0,0,0,0,0,0,0,0,0,0.000234521575984991,0,0,0,0,0,0,0,0,0,0,0.00403476101800124,0,0,0,0,0,0,0,0,0,0,0,0,0,0,0,0,0,0,0,0,0,0,0,0,0,0,0,0,0,0,0,0,0,0,0,0,0,0,0,0,0,0,0,0,0,0,0,0,0,0,0,0,0.00130446125750065,0,0,0,0,0,0,0,0,0,0,0,0,0,0,0,0,0,0,0,0,0,0,0,0,0,0,0,0,0,0,0,0,0,0,0.00167084377610693,0,0,0,0,0,0,0,0,0,0,0,0,0,0,0,0,0,0,0,0,0,0,0,0,0,0,0,0,0,0,0,0,0,0,0,0,0,0,0,0,0,0,0.000233154581487526,0,0,0,0,0,0,0,0,0,0,0,0,0,0,0,0,0,0,0,0,0,0,0,0,0,0,0,0,0,0,0,0,0,0,0,0,0,0,0,0,0,0,0,0,0,0,0,0,0,0,0,0,0,0,0,0,0,0,0,0,0,0,0,0,0,0,0,0,0,0,0,0,8.3904935707843e-05,0,0,0,0,0,0,0,0,0,0,0,0,0,0,0,0,0,0,1.25585016870254e-05,0,0,0,0,1.59228062353709e-05,0,0,0,0,0,0,0,0,0,0,0,0,0,0,0,0,0,0,0,0,0,0,0,0,0,0,0,0,0,0,0,0,0,0,0,0,0,0,0,0,0,0,0,0,0,0,0,0,0,0,0,0,0,0,0,0,0,0,0,0,0,0,0,0,0,0,0,0,0,0,0,0,0,0,0,0,0,0,0,0,0,0,0,0,0,0,0,0,0,0,0,0,0,0,0,0,0,0,0,0,0,0,0,0,0,0,0,0.000458155161881491,0,0,0,0,0,0,0,0,0,0,0,0,0,0,0,0,0,0,0,0,0,0,0,0,0,0,0,0,0,0,0,0,0,0,0,1.76146271864156e-05,0,0,0,0,0,0,0,0,0,0,0,0,0,0,0,0,0,0,0,0,0,0,0,0,0,0,0,0.000108225108225108,0,0,0,0,0,0,0,0,0,0,0,0,0,0,0,0,0,0,0,0,0,0,0,0,0,0,0,0,0,0,0,0,0,0,0,0,0,0,0,0,0,0,0,0,0,0,0,0,0,0,0,0,0,0,0,0,0,0,0,0,0,0,0,0,0,0,0,0,0,0,0.000201409869083585,0,0,0,0,0,0,0,0,0,0,0,0,0,0,0.98744769874477,0,0,0,0,0,0,0,0,0,0,0,0,0,0,0,0,0,0,0,0,0,0,0,0,0,0,0,0,0,0,0,0,0,0,0,0,0,0,0,0,0,0,0,0,0,0,0,0,0,0,0,0,0,0,0,0,0,0,0,0,0,0,0,0,0,0,0,0,0,0.000723182000803536,0,0,0,0,0,0,0.00020708221163802,1.09870791948668e-05,0,0,0,0,0,0,0,0,0,0,0,0,0,0,0,0,0,0,0.000654450261780105,2.25275963054742e-05,0,0,0,0,0,0,0,0,0,0,0,0,0,0,0,0,0,0,0,0,0,0,0,0,0,0,0,0,0,0
0,0,0,0,0,0,0,0,0,0,0,0,0,0,0,0,0,0,0,0,0,0,0,0,0,0,0,0,0,0,0,0,0,0,0,0,0,0,0,0,0,0,0,0,0,0,0,0,0,0,0,0,0,0,0,0,0,0,0,0,0,0,0,0,0,0,0,0,0,0.00112023898431665,0,0.000284656988329063,0,0,0,8.97286349710946e-05,0,0,0,0,0,0,0,0,0,0,0,0,0,0,0,0,0,0,0,0,0,0,0,0,0,0,0,0,0,0,0,0,0,0,0,0,0,0,0,0,0,0,0,0,0,0,0,0,0,0,0,0,8.5397096498719e-05,0,0,0,0,0,0,0,0,0,0,0,0,0,0,0,0,0,0,0,0,0,0,0,0,0,0,0,0,0,0,0,0,0,0,0,0,0,0,0,0,0,0,0,0,0,0,0,0,0,0,0,4.83582378258136e-05,0,0,0,0,0,0,0,0,0,0,0.000172574816258578,0,0,0,0,0,0,0,0,0,0,0,0,0,5.37432149191165e-05,0,0,0,0,0,0,0,0,0,0,0,0,0.000120148984741079,0,0,0,0,0,0,0,0,0,0,0.000349040139616056,0,0,0,0,0.00143159869942898,0,0,0,0,0.000992063492063492,0,0,0,0,0,0,0,0,0,0,0,0,0,0,0,0,0,4.18616722900846e-06,0,0,0,0,0,0,0,0,0,0,0,0,0,0,0,0,0,0,0,0,0,0,6.07182974589393e-05,0,0,0,0,0,0,0,7.55287009063444e-05,0,0,0,0,0,0,0,0,0,0,0,0,0,0,0,0,0,0,0,0,0,0,0,0,0,0,0,0,0,0,0,0,0,0,0,0,0,0,0,0,0,0,0,0,0,0,0,0,0,0,0,0,0,0,0,0,0,0,0,0,0,0,0,0,0,1.58963557604419e-05,0,0,0,0,0,0,0,0,0,0.000100190361687206,0,0,0,0,0,0,0,0,0,0,0,0,0,0,0,0,0,0,0,0,0,0,0,0,0,0,0,0,0,0,0,0,0,0,0,0,0,0,0,0,0,0,0,0,0,0,0,0,0.00263805838902568,0,0,0,0,0,0,0,0,0,0,0,0,0,0,0,0,0,0,0,0,0,0,0,0,0,0,0,0,0,0,0,0,0,0,0,0,0,0,0,0,0,0,0,5.62841222491135e-05,0,0,0,0,0,0,0,0,0,0,0,0,0,2.47328848436882e-05,0.00249221183800623,0,0,0,0,0,0,0,0,0,0,0,2.14192387602545e-05,0,0,0,0,0,0,0,0,0,0,0,0,0,0.000150060024009604,0,0,0.000116658889407373,0,0,0,0,0,0,0,0,0,0,0,0,0,0,0,0,0,0,0,0.951799273687686,0,0,0,0,0,0,0,0,0,0,0,0,0,0,0,0,0,0,0,0,0,0,0,0,0,0,0,0,0,0.000243961941937058,0,0,0,0,0,0,0,0,0,0,0,0,0,0,0,0,0,0,0,0,0,0,0,2.44176393026322e-05,0,0,0,0,0,0,0,0,0,0,0,0,0,0,0,0,0,0,0,0,0,0,0,0,0,0,0,0,0,0,0,0,0,0,0,0,0,0,0,0,0,0,0,0,0,0,0,0,0,0,0,0,0,0,0,0,0,0,0.000126169034964594,0,0,0,0,0,4.50024751361325e-05,0,0,0,0,0,0,0,0
0,0,0,0,0,0,0,0,0,0,0,0,0,0,0,0,0,0,0,0,0,0,0,0,0,0,0,0,0,0,0,0,0,0,0,0,0,0,0,0,0,0,0,0,0,0,0,0,0,0,0,0,0,0,0,0,5.41477149664284e-05,0,0,0,0,0,0,0,0,0,0,0,0,0,0,0,0,0,0,0,0.000895856662933931,0,0,0.000370919881305638,0,0,0,0,4.23599579789217e-06,0,0,0,0,0,0,0,0,0,0,0,0,0,0,0,0,0,0,0,0,0,0,0,0,0,0,0,0,0,0,0,0,0,0,0,0,0,0,0,0,0,0,0,0,0,0,0,0,0,0,2.70160745643658e-05,0,0,0,0,7.53295668549906e-05,0,0,0,0,0,8.05996614814218e-05,0,0,0,0,0,0,0,0,0,0,0,0,0,0,0,0,0,0,0,0,0,0,0.000398612827360784,0,0,0,0,0.000108260257659413,0,0,6.34605011264239e-05,0,0,0,0.000283005518607613,0,0,0,0,0,0,0,0,0,0,0,0,0,0,0,0,0,0,0,0,0,0,0,0,0,0,0,0,0,0,0,0,0,0,0,0,0,0,0,0,0,0,0,0,0,0,0,0,0,0,0,0,0,0,0,0,0,0,0,0,0,0,0,0,0,0,0,2.45704270340219e-05,0,0,0,0,0,0,0,0,0,0,0,0,0,0,0,0,0,0,0,0,0,0,0,0,0,0,0,0,0,0,0,0,0,0,0,0,0.00029673590504451,0,0,0,0,0,0,0,0,0,0,0,0,0,0,0,0,0.000171526586620926,0,0,0,0,0,0,0,0,0,0,0,0,0,0,0,0.000240952870920896,0,0,0,0,0,0,0,0,0,0,0,0,0,0,0,0,0,0,0,0,0,0,0,0,0,0,0,0,0,0,0,0,0,0,0,0,0,0,0,0,0.00192552085339084,0,0.0015044129446376,0,0,0,0,0.000547420281921445,0,0,0,0,0.000191828122002686,0,0,0,0,0,0,0,0,0,0,0,0,0,0,0,0,0,0,0,0,0,0,0,0,0,0,0,0,0,0,0,0,0,0,0,0,0,4.66113545259625e-05,0,0,0,0,0,0,0,0,0.000407830342577488,0,0,0,0,0,0,0,0,0,0,0,0,0,0,0,0,0,0,0,0,0,0,0,0,0,0,1.66575050388953e-05,0,0,0,0,0,0,0,0,0,0,0,0,0,0,0,0,0,0,0,0,0,0,0,0,0,0,0,0,0,0,0,0,0,0.00307944980496818,0,0,0,0,0,0,0,0,0,0,0,0,0,0,0,0,0,0,0,0,0,0,0,0,0,0,0,0,0,0,0,0,0,0,0,0,0,0,0,0,0,0.961954124393471,0,0,0,0,0,4.34052896579663e-05,0,0,0,0,0,0,0,0,0,0,0,0,0,0,0,0,0,0,0,0,0,0,0,0,0,0,0,0,0,0,0,0,0,0,0,0,0,0,0,0,0,0,0,0,0,0,0,0,0,0,0,0,0,0,0,0.000165043736590196,0,0,0,0,0,0,0,0,0,0,0,0,0,0,0,0,0,0,0,0,0,0,0,0,0,0,0,0,0,0,0,0,0,0,0,0,0,0,0,0,0,0,0,0,0.000114272654553765,0,0,0,0,0,0,0,0,0,0,0,0,0,0,0,4.79156684235745e-08,0,0,7.63358778625954e-07
0,0,0,0,0,0,0,0,0,0,0,0,0,0.00392349190779794,0,0,0,0,0,0,0,0,0,0,0,0,0,0,0,0,0,0,0,0,0,0,0,0,0,0,0,0,0,0,0,0.000354484225451967,0,0,0,0,0,0,0,0,0,0,0,0,0,0,0,0,0,0,0,0,0,0,0,0,0,0,0,0,0,0,0,0,0,0,0,0,0,0,0,0,0,0,0,0,0,0,0,0,0,0,0,0,0,0,0,0,0,0,0,0,0,0,0,0,0,0,0,0,0,0,0,0,0,0,0,0,0,0,0,0,0,0,0,0,0,0,0,0,0,0,0,0,0,0,0,0,0,0,0,0,0,0,0,0,0,0,0,0,0,0,0,0,0,0,0,0,0,0,0,0,0,0,0,0,0,0,0,0,0,0,0,0,0,0,0,0,0,0,0,0,0,0,0,0,0,0,0,0,0,0,0,0,0,0,0,0,0,0,0,0,0,0,0,0,0,0,0,0,0,0,0,0,0,0,0,0,0,0,0,0,0,0,0,0,0,0,0,0,0,0,0,0,0,0,0,0,0,0,0,0,0,0,0,0,0,0,0,0,0,0,0,0,0,0,0,0,0,0,0,0,0,0,0,0,0,0,0,0,0,0,0,0,0,0,0,0,0,0,0,0,0,0,0,0,0,0,0,0,0.000548847420417124,0,0,0,0,0,0,0,0,0,0,0,0,0.00199733688415446,0,0,0,0,0,0,0,0,0,0,0,0,0,0,0,0,0,0,0,0,0,0,0,0,0,0,0,0,0,0,0,0,0,0,0,0,0,0,0,0,0,0,0,0,0,0,0,0,0,0,0,0,0,0,0,0,0,0,0.000172205958326158,0,0,0,0,0,0,0,0,0,0,0,0,0,0,0,0,0,0,0,0,0,0,0,0,0,0,0,0,0,0,0,0,0,0.00311825377788438,0,0,0,0,0,0,6.10910868104344e-05,0,0,0,0,0,0,0,0,0,0,0,0,0.000579038795599305,0,0,0,0,0,0,0,0,0,0,0,0,0,0,0,0,0,0,0,0,0,0,0,0,0,0,0,0,0,0,0,0,0,0,0,0,0,0,0,0,0,0,0,0,0,0,0,0,0,0,0,0,0,0,0,0,0,0,0,0,0,0,0,0,0,0,0,0,0,0,0,0,0,0,0,0,0,0,0,0,0,0,0,0,0,0,0,0,0,0.000945626477541371,0,0,0,0,0,0,0,0,0,0,0,0,0.963312368972746,0,0,0,0,1.44684298859888e-05,0,0,0,0,0,0,0,0,0,0,0,0,0,0,0,0,0,0,0,0,0,0,0,0,0,0,0,0,0,0,0,0,0,0,0,0,0,0.000520291363163372,0,0,0,0,0.00048257890165042,0,0,0,0,0,0,0,0,0,0,0.000400320256204964,0,0,0,0,0,0,0,0,0,0,0,0,0,0,0,0,0,7.5041272699985e-05,0,0,0,0,0,0,0,0,0,0,0,0,0,0,0,0,0,0,0,0,0,0,0,0,0,0,0,0,0,0,0,0,0,0,0,0,0,0,0,0,0,0,0,0,0,0,0,0
0,0,0,0.000216589921637766,0.000391696043869957,0.000165942970932323,0.000131726272805111,0.00013859407255035,0,0,0,0,0,0,0,0,1.96672304606065e-05,0.000204248366013072,0,0.000303380160622941,1.90310247995399e-05,0,0.0307375367290993,0,0,0,0,0,4.4531528322052e-05,0.000134237197127324,0.000145053669857847,0.000163914272835307,0.000126642629398969,0,0,0,0,0,0,0,0,0.000758555030071289,0,0,0.000302267002518892,0,0,0,0,0,0,0,0.000880927910732638,0,0,0,0,0,0,0,4.55339711883797e-05,0,0.00214254736583187,0,0.000374231488906709,0,5.71559213534522e-05,0,0,0,0.000167954316425932,0,0,9.15519792548164e-05,0.00631502193981849,0,0,0,0,0,0,0,0,0,7.20119285641669e-05,7.12377560106857e-05,7.90526332432133e-05,0,4.83161810890467e-05,0,0,0.00154725534640781,0,8.30582669123551e-05,9.67202174270488e-05,0.00631701772386183,0,0,6.35073859089812e-06,2.46180105365085e-05,0,8.16459830176355e-05,0,0,0.000143410296859315,0.00025099141609357,2.49345468146116e-05,0.000109878035380727,0,0,0,0,0,0,1.939208581275e-05,0,0,0.000121764542165321,0.000120870002678741,0,0,0.000110180696342001,0,0,0.000157183275699466,2.35185813591724e-05,0,0,0,4.40533486051609e-05,2.24769611148573e-05,0,0,0,2.58856114828573e-05,0,0,0,0.000244618395303327,0,0,0,0,4.29000429000429e-05,0,0,0,0,3.50274965848191e-05,0,0.000334896182183523,0,0,0,0,0,1.52615835419083e-05,0,0,0,0,7.43549706297866e-05,5.34952456100464e-05,0,3.82160736805901e-05,0,2.46889196128777e-05,0,0,0,0,6.31911532385466e-05,0,2.12172326363472e-05,0.000108260257659413,0,0,0,0,0,0,0,0,0,0,0.000203583061889251,0.000262881177707676,0,0.00340412559699218,0.000164609053497942,0,1.52271896698745e-05,4.38394598978541e-05,6.90455148033584e-05,0,0,0,5.31575590048905e-05,9.1287519170379e-05,0,0,0,0,0,5.04838031131679e-05,0,8.34741960391494e-05,0,2.55423492149985e-05,6.5576995589947e-05,3.76789751318764e-05,2.99578022956236e-05,0,1.46447191142874e-05,0,0,0,0,0,0,0,0,0,0,0,3.55101026241966e-05,0.000269517563561225,0,0,0,0.00053936299129314,8.30426839395449e-05,0,0.000137741046831956,0,0,0,0,4.19524678539215e-05,0,2.75444153697838e-05,0,0,0,6.8203519301596e-05,0,0.0004004004004004,0,0,3.27605693786958e-05,0,0,0,0,0,0,0,8.37233445801693e-06,0,0.000275375888087239,2.91027618520998e-05,0,7.96140311768546e-06,0,0.00022354694485842,0,0,0,9.35355736762819e-05,0,4.40315265730263e-05,2.27501197935995e-05,9.57982871266262e-06,0,0,0,0.00995207029689788,0,0.000219330311449042,2.48251379346726e-05,0,0,0,0,3.80249824134456e-05,8.21031544031922e-06,0,6.76223965377333e-05,0,0,0,0,0,0,0,1.12731945978851e-05,0,0,0,0.00038163083577153,0,3.03665239440041e-05,7.21552781585973e-05,0,4.38543596715308e-05,0.000370468377877745,0,0,0,0,0,0,0,1.20235661897319e-05,0,0,0,0,0,6.51223975461881e-06,0,0,0,0,0,0,0.000112192522368384,7.51161617787507e-05,0,0,3.58628604217472e-05,0,4.84439793822424e-05,0.000254018942555431,0.000131518379693562,0,2.66219418044352e-05,0.000252908447142135,0.00325174998758874,0,0,6.26066922380223e-05,8.82789615183981e-05,0,0.014523882581569,0,0,0.000165396046000775,0,0,0,0,0,0,2.38445336406629e-05,2.12089077412513e-05,0,0.000103434009102193,0,0,0,0,1.67156993848623e-05,0,0,0,0,0,4.75330354596445e-05,0.000194628260023355,0.00015271838729383,0,0,0,0,0.000342125970782442,0.000225294661702279,4.50653447498873e-05,4.81394117363886e-05,0,0,8.41042893187553e-05,4.77825484480911e-05,0,0,0,0,0,0,0,0,0,0,0,3.05062202183025e-05,0.000129567245400363,0.000104341874063532,0,0,0,0,0,5.6028238232069e-05,0,3.09386795371574e-05,0,0,0,0,0.000166184730946921,0,5.00634136572992e-05,0,0,0,0,0,0,0,0,0,0,0,0,0,0,0.000155784747965062,0,8.95575855274942e-05,0,0,0,0.000327701090612226,9.82163903512218e-05,0,0,0,0,0.000444148345547413,0,0,0,0,3.68663594470046e-05,0,0,1.66575050388953e-05,0.000195796893355959,0,7.74713356058258e-05,0.000151285930408472,0,0,0,0,0,0,0,9.33532486930545e-05,0,0,0,0.000100613743837408,0,0,5.05586733404116e-05,0,0,0,0,0,0,0,0,3.95027915306015e-05,0,2.92860071457857e-05,0,3.48517059910083e-05,0.000377888145109048,0,0,0,0,0,5.29081866600825e-05,0,0,0,0,4.54256382302171e-05,0,0,0,1.45169485374174e-05,0.0281623457193234,0.000146323619070845,3.30924935193867e-05,0,0,0.000118579911938813,5.83294447036864e-05,0,0,0,0,0.000302938503483793,0.000444325219484201,0,0,0,0,1.36687461385792e-05,0,0,0.000294086087740982,2.24294705299187e-05,0,0,9.12075884713608e-05,0,0,0,0,0.968185658842568,4.47147200858523e-05,9.16122446308681e-05,0,0,2.3191094619666e-05,0.000155400155400155,0,0,0,2.42704701190062e-05,0,0,0,2.25580870742161e-05,0,0,0,0,0,5.73670518573207e-05,0,0.000158503724837534,0.00217806692295444,0,0,4.82951801410219e-05,0,0.000332005312084993,0,0.000248818113958696,0,0.0124748966331955,2.05892647573555e-05,0,3.69249799797374e-05,0,6.69209663387539e-05,0,0,5.67730214602021e-05,0,0,0,5.69735642661805e-05,0,0,0,0,0,8.50051003060184e-05,0,0,0,2.83096318804201e-05,0,0,0,0,6.0349319524624e-05,0,2.69302237901597e-05,0,0,0,0,0,0,0,0,9.69596232426068e-05,8.21247310415058e-06,5.80053974022283e-05,0,4.39483167794673e-05,0,0,0,0,5.8173356602676e-05,0,0,0,0,0,0,0,0,0.00016463615409944,1.59979522621104e-05,0,0,0,0,0,0,0.000107150085521642,0,0,3.83965596682537e-05,0,1.98008039126389e-05,0,0,0.00027986118885033,0,0,6.23208276205908e-05,0,0,0,0,0,1.44123369604381e-05,8.4158983971539e-05,0,0,3.76662021168406e-05,3.29131422176875e-05,0,0,1.96454240536655e-06,0,0,0
0,0,0,0,0,0.000331885941864646,8.16130168466448e-05,0.000229774383438738,0,0,0,0,0,0,0,0,1.96672304606065e-05,0,0,3.37089067358823e-05,8.45823324423994e-06,0,0,0,0,0,0,0,1.1132882080513e-05,3.3559299281831e-05,0,0,0,0,0,0,0,0,0,0,0,7.74035744970703e-06,0,0,0.000403022670025189,0,0,0,0,3.50680319820452e-05,0,0,0,0,0,0,0,0,0,0,5.69174639854747e-06,0,1.9418858300591e-05,0,0,0,0,0,0,0,0,0,0,4.94875563539548e-06,6.51033189672009e-05,0,0,0,0,0,0,0,0,0,0,0,3.16210532972853e-05,0,0.00014494854326714,0,0,0,4.76054460630296e-05,2.460985686292e-05,0,0.000402357816806486,0,4.08588530919937e-05,3.17536929544906e-06,0,0,6.53167864141084e-05,0,0,0,0.00065974886516024,0,0,0,0,0,0,0,0,1.385148986625e-06,0,0,0,0,0,0,0,0,0,0,1.34391893480985e-05,0,0,0,3.30400114538706e-05,2.24769611148573e-05,0,0,0,0,0,0,0,0,0,0,0,0,0,0,0,0,0,0,0,0,0,0,0,0,1.62083748672939e-05,1.52615835419083e-05,0,0,3.35502918875394e-05,0,0,0,0,0,0,0,0,0,0,0,6.31911532385466e-05,0,0,0,0,0,0,0,0,0,0,0,0,0,5.08957654723127e-05,0.000262881177707676,3.96384969081972e-05,0,0,0,0,1.09598649744635e-05,1.72613787008396e-05,0,0,0,0,0,0,0,0,0,0,0.000189314261674379,0,0,0,8.51411640499949e-06,0.000245913733462301,0,0,0,1.46447191142874e-05,0,0,0,0,0,0,0,0,0,0,0,0,1.99642639674982e-05,0,0,0,0,0,0,0.000137741046831956,0,0,4.24286138571853e-05,0,4.19524678539215e-05,0,0,0,0,0,0,0,0,0,0,0,0,0,0,0,0,0,0,0,0,0,0,0,2.65380103922849e-06,0,0,0,0,0,1.4446593840054e-05,0,2.20157632865131e-05,0,0,2.83136129019471e-06,0,0,0,0,9.13876297704343e-06,6.20628448366816e-06,0,0,0,0,1.90124912067228e-05,8.21031544031922e-06,0,0,0,0,0,0,0,0,0,0,0,0,0,6.36051392952551e-05,0,0,0,0,0,0.00169356972744112,0,0,0,0,0,0,0,0,0,0,0,0,0,0,0,0,0,0,0,0,0,0,0,0,1.79314302108736e-05,0,0,0,0,0,0,0,0,0,0,9.73881879258125e-06,4.41394807591991e-05,0,0,0,0,5.16862643752423e-06,0,0,0,0,0,0,0,0.00159066808059385,0,0,0,0,0,0,0,0,0,0,0,0,0,0,0.00015271838729383,0,0,0.000194457948468644,0,0,0,0,0,0,0,0,6.8260783497273e-06,0,0,0,4.95123038074962e-05,0,0,0,0,0,0,0,2.4404976174642e-05,0,4.17367496254127e-06,0,0,0,0,0,0.000168084714696207,6.85283536063046e-05,0,0,0,0,0,0,0,8.34390227621654e-06,0,0,0,0,0,8.98553329140084e-05,0,0,0,0,0,0,0,0,3.5405624537514e-06,0,0,0,0,0,0.000189721684038657,1.96432780702444e-05,0,0,0,0,0,0,0,0,0,0,0,0,0,0,0,0,0,0,0,0,0,0,0.000268413141507408,5.62841222491135e-05,0.000186706497386109,0,0,0,0,0,5.07112249296382e-05,0,0,0,0,0,0,0,0,0,0,0,0.0002050020500205,0,1.74258529955041e-05,0,0,0,0,0,0,0,0,0,0,0,0,0,0,0,0,1.63259975184484e-05,2.43872698451408e-05,2.20616623462578e-05,0,0,1.87231439903389e-05,0,0,0,0,0,0,8.30514428942431e-07,0,0,0,0,1.09349969108634e-05,0,0,3.17930905665926e-05,8.97178821196747e-06,0,0,0,0,0,0,0,4.77370262696856e-06,0.943346449651225,0,0,0,0,0.000310800310800311,0,0,0,1.3483594510559e-05,0,0,0,0,0,0,0,0,0,5.73670518573207e-05,0,0,0,0,0,4.82951801410219e-05,0,0,0,0,0,1.18133490844654e-05,0,0,1.38468674924015e-05,0,0,0,0,0,0,0,0,0,1.8067500180675e-05,0,0,0,0,0,0,0,0,7.07740797010503e-06,0,0,9.22253988748501e-05,0,0.000119226704426696,0,2.69302237901597e-05,0,0,0,0,0,0,0,0,0,4.92748386249035e-05,1.30512144155014e-05,0,0.00313131757053705,0,0,0,0,0,0,0,0,0,0,0,0,0,5.48787180331467e-05,0,0,0,0,0,0,0,0,0,0,3.83965596682537e-05,0,0,0,0,0,0,0,0,0,0,0,0,0,0,3.06032668987414e-05,0,0,3.76662021168406e-05,2.46848566632656e-05,0,0,0,0,0,0
0,0,0,4.33179843275533e-06,0,0,5.72722925239613e-06,1.09416373066066e-05,0,0,0,0,0,0,0,0,0,0,0,8.42722668397057e-06,0,0,0,0,0,0,0,0,0,0,0,0,0.000283083524538872,0,0,0,0,0,0,0,0,3.09614297988281e-05,0,0,0,0,0,0,0,0,0,0,0,0.000246609124537608,0,0,0,0,0,0,0,0,0,0,5.34616412723871e-05,0,0,0,0,0,0,0,0,7.42313345309322e-06,0,1.28183764244421e-05,0,0.00090489938380661,0,0,0,0,0,0,1.69439831915687e-05,0.00185218165627783,0,0,0,0,0,2.95653887848625e-05,0,3.076232107865e-06,0.00146047528314844,0,0,0,0,8.2060035121695e-06,0,8.16459830176355e-06,0,0,0,0,0,3.66260117935758e-05,0,0,0,0,0,2.4515812699191e-05,1.385148986625e-06,0,0,0,8.49356775580339e-05,0,0.000177935943060498,0,0,0,0,0,0,0,0,0,0,0,0.000741443739249066,0,0,0,0,0,0.00036692759295499,0,0,0,3.63993739307684e-05,0,0,0,0,0,0,0,0,0,0,0,0,0,0,0,0,0,0,0,0,0,3.82160736805901e-05,0,0,0,0,0,0,0,0,0,0,0,0,0,0,0,0,0,0,0,0,0,0,0,2.54039223656132e-05,0,0,0,3.65328832482117e-06,0,0,1.92722787542399e-05,0,0,1.82575038340758e-05,0,0,0,0,0,0,0,0,0,0,0,3.76789751318764e-05,4.27968604223194e-06,0,0,0,0,0.000396353547364249,0,0,0,0,0,0,0,0,0,9.98213198374909e-06,0,2.51768674941464e-05,0,1.40094283452764e-05,0,0,0,0,0,0,0,2.09762339269608e-05,0,0.000413166230546757,0,1.74895499938787e-05,9.56388676358072e-05,0,0,0.003003003003003,0,0,0,0,0,0,0,0,0,0,0,0,0.000110150355234896,0.00168796018742179,0,7.96140311768546e-06,0,0.00014903129657228,0,0,0,3.01990944679095e-06,0,0,7.39378893291985e-05,0,3.68076967725313e-05,0,0,3.32845160431367e-05,0,0,0,0,0,0,0,0,8.21031544031922e-06,0,0,0,0,0,0,0,0,0,0,6.70106546940964e-05,0,0,0,0,0,0,0,6.57815395072963e-05,0,0,0,0,0,0,0,0,3.60706985691956e-05,0,0,0,0,0.000366748166259169,2.17074658487294e-06,0,0,0,0,0,0,2.8048130592096e-05,3.21926407623217e-05,0,0,0,0,7.75103670115878e-05,0.000762056827666292,0,0,6.6554854511088e-06,0,8.27417299640901e-06,0,0,0,4.0126800690181e-06,0.000265392781316348,2.04561726500972e-05,0,0,2.58431321876211e-05,0,0,0,0,0,0,2.38445336406629e-05,0,0,0,0,0.000140039677908741,0,0,0,0,0,0,0,0,0,0,0,0,0,0,0,0,0,0,0,0,0,8.41042893187553e-05,0,0,0,0,0,0,0,0,0,0,6.69030574697264e-05,0,0,0,2.08683748127063e-05,0,0,0,0,0,0,0,0,0,0,0,0,4.98554192840762e-05,0,1.19198603945951e-06,0,0,0,0,0,0,0,0,0,0,0,0,0,0.000160391354905971,1.06216873612542e-05,0,8.95575855274942e-05,0,0,0,0,0,0,0,0,0,0.00821674439262714,0,0,9.42507068803016e-05,0,0,0,0,0,0.000652656311186529,0,0,0,0,0,0,0,0.000131700250230475,0,0,0,0,0,0,0,0,0,0,0,0,0,0,0,0,0,0,2.63351943537343e-05,0,0,0,0,0,0,0,0,0,0,0,0,0,0,0,6.81384573453257e-05,0,0,0,8.71016912245046e-05,3.26519950368968e-05,0,1.10308311731289e-05,0,0,6.24104799677962e-06,0,0,0,0,0,0.000151469251741896,2.15933751525032e-05,0,0,0,0,0,0,0,7.94827264164815e-06,0,0,0,0,0,0,0,0,4.77370262696856e-06,0,0.989255192451151,0,0,0,0,0,0,0.000131665569453588,0,0.000223164472216023,0,0,0,0,0,0,0,0,2.49421964597046e-06,0,0,0,0,0,0,0,0,0,0,0,0,0,0,2.30781124873359e-06,0,1.67302415846885e-05,0,0,0,0,0,0,2.84867821330902e-05,0,0,0,0,0,0.000113340133741358,0,0,0,0,0,0,0,0,2.94386924510361e-06,0,0,0,0,0,0,0,6.09533097647202e-05,0,0,0,0,7.25067467527853e-07,0,0,0,0,0,0,0,0,0,0,0,0,0,0,0,5.48787180331467e-05,6.39918090484418e-05,0,0,0,0,0,0,7.14333903477616e-05,0,0,0,0,0,0,0,0,0,0,0,0,0,0,0,0,0,0,0,0,0,0,0,0,6.22903689506469e-07,0,0,0
0,0,0,0,0,0,0,0,0,0,0,0,0,0,0,0,0,0,0,0,0,0,0,0,0,0,0,0,0,0,0,0,0,0,0,0,0,0,0,0,0,0,0,0,0,0,0,0,0,0,0,0,0,0,0,0,0,0,0,0,0,0,0,0,0,0,0,0,0,0,0,0,0,0,0,0,0,0,0,0,0,0,0,0,0,0,0,0,0,0,0,0,0,0,0,0,0,0,0,0,0,0,0,0,0,0,0,0,0.00424818334264953,0,0,0,0,0,0,0,0,0,0,0,0,0,0,0,0,0,0,0,0,0,0,0,0,0,0,0,0,0.0016984107727769,0,0,0,0,0,0,0,0,0,0,0,0,0,0,0,0,0,0,0,0,0,0,0,0,0,0,3.82160736805901e-05,0,0,0,0,0,0,0,0.000167532249958117,0,0,0,0,1.05767501877373e-05,0,0,0,0,0,0,0,0,0,0,0,0,0,0,0,0,0,0,0,0,3.65150076681516e-05,0,0,0,0,0,0,0,0,0,0,0,0,0,0,0,0,0,0,0,0,0,0,0,0,0,0,0,0,0,0,0,0,0,0,0,0,0,0,0,0,0,0,0,0,0,0,0,0,0,0,8.19014234467395e-06,0,0,0,0,0,0,0,0,0,0,0,0,0,0,0,0,0,0,0,0,0,1.42188248709997e-06,0,2.83136129019471e-06,0,0,0,0,0,0,0,0,0,0,0,0,0,0,0,0,0,0,0,0,0,0,0,0,0,0,0,0,0,0,0,0,0,0,0,0,0,0,0,0,0,0,0,0,0,3.03904521882211e-05,0,0,0,8.11293201362973e-05,0,0,0,0,0,0,0,0,0,0,0,0,0,0,0,0,0,0,0,0,0,0,0,0,0,0,0,0,0,0,7.94817788022096e-06,0,0,0,0.00169792390213784,2.33399463181235e-05,3.85104170678168e-05,0,0,0,0,0,0,0,0,0,0,0,0,0,0,0,0,0,0,0,0,0,0,0,0,0,0,0,0,0,0,0,0,0,0,0,0,0,0,0,0,0,0,0,3.09386795371574e-05,0,0,0,0,0,0,0,0,0,0,0,0,0,0,0,0,0,0,0.000186046511627907,0,0,0,0,0,0,0,0,0,0,0,0,0,0,0,0,0,0,0,0,0,0,0,0,0,0,0,0,0,0,1.2903891813771e-05,0,0,0,0,0,0,0,0,0,0,0,0,0,0,0,0,0,0,0,0,0,0,0,0,0,0,0,0,0,0,0,0,0,0,0,0,0,0,0,0,0,0,0,0,0,0,0,0,0,0,0,0,0,0.000319539862597859,0,0,0,0,0,0,0,0,0,0,0,0,0,0,0,0,0,0,0.979196150580243,1.44684298859888e-05,0,0,0,0,0,0,0,0,0,0,0,0,0,0,0,0,0,0,0,0,0,0,0,0,0,0,0,0,0,0,0,0,0,0,0,0,0,0,0,2.84867821330902e-05,0,0,0,0,0,0,0,0,0,0,0,0,0,0,0,0,0,0,0,0,8.93814801573114e-05,0,0,0,0,0,0,0,0,0,0,0,0,0,0,0,0,0,0,0,0,0,0,0,0,0,0,0,0,0,0,0,0,0,0,0,0,0,0.000388048117966628,0,0,0,0,0,0,0,0,0.000240384615384615,0,0,0,0,0,0,0,0,2.0603737422137e-06,0,0,0
0,0.000197511356903022,0,0,0,0,0,0,0,0,0,0,0,0.00147130946542423,0,0,0,0,0,0,0,0,0,0,0,0,0,0,0,0,0,0,0,0.0116822429906542,0,0,0,0,0,0,0,0,0,0,0,0.000708968450903935,0,0,0,0,0,0.00421257290991575,0,0,0,0,0,0,0,0,5.69174639854747e-06,0,0,0,0,0,0,0,0.0196471531676022,0,0,0.000284656988329063,0,0,0,1.28183764244421e-05,0.000111982082866741,0,0,0,0,0,0,0,8.47199159578434e-06,0,0,0,0,0,0,0,0,0,0,0,0,0,0,0,0,0,0,0,0,0,0,0,0,0,0.000476644423260248,0,0,0,0,0,0,0,3.26675682915515e-06,0,0,0,0,0.000647249190938511,0,0,0,0,0,0,0,0,0,0,1.29428057414286e-05,0,0,0,0,0,0,0.000367917586460633,0,0,0,0,0,0.00134498991257566,0,0,0,0,0.005,0,0,0,0,0,0,0,0,0,0,0,0,0,0,0,0,7.97225654721569e-05,0,0,0,0,0,0,0,0.00127978677271622,0,0,0,0,0,0,0.000103939299449122,0,0,0,0,0,0,2.03029195598327e-05,0,0,0,0,0,0,7.30300153363032e-05,0.0216371220020855,0.00120693438665789,0,0.000442673749446658,0,0,0,0,0,0,0,0,0,0,0,0,0,0,0,0,0,0,0,0.00384911470361817,0,0,0,0,0,0,0.000349040139616056,0,0,0,0,2.42643847360844e-05,0.00194468452895419,0,0.00783941085639625,2.09762339269608e-05,0,2.75444153697838e-05,0,1.74895499938787e-05,0,0,0.00236406619385343,0,0,0,8.19014234467395e-06,0,0,0,0,0,0,0,4.18616722900846e-06,0,0,0,0,2.65380103922849e-06,0,0,0,0,0,8.16191742375933e-08,0,0,5.68752994839988e-06,0,0,0.000112418496589972,0,0,0,0,0,0,0,0,0,0,0,0,0,0,0,0,0,0,0,0.000548847420417124,0,0,0,0,0,0,0,0,0,0,0,0,0.00066577896138482,0,0,0,0,0,0,0,0,0,0,0,0.000119391062168011,0,0,0,0.00089242252149927,0,0,0,0,0,0,0,4.59833540258426e-05,0,0,0,0,0,0,0,7.79149947407379e-05,0,0,0,0,0,0,0,5.16862643752423e-06,0,0,0,0,0,0,0,0,0,0,0,0,0.000192552085339084,0,0.000117009895694036,0,0,0.00217391304347826,0.00086102979163079,0.000957985493362529,0,0,0,0,0,0,0,0,0,0,0,0,0,0,0,0,0,0,0,0,0,0,0,0,0,0,0,0,0,0,0,0,0.00119932837610938,0,0,0,0.000711589629354619,0,0,0.00183273260431303,0,0,0,0,8.06907124989914e-05,0,0,0,0,0,0.0156841535965387,0,0.00231615518239722,0,4.37171847881684e-06,4.65116279069767e-05,0,0,0,0,0,0,0,0,0,0,0,0,0,0,0,0,0,0,0,0,0,0,0,0,0,0,0,0,0,0,1.2903891813771e-05,0,0,0,0,0.000685635927322592,0,0,0,0,0,0,0,0,0,0,0.000961846745751844,0,0,0,0,0,0,0,0,0,0,0,0,0,0,0,0,0,0,0,0,0,0,0,0,0,0,0,0,0,0,0.000233317778814746,0,0.000157952930026852,0,0,0,8.30514428942431e-07,0,0,0.00141843971631206,0,0,0,0,0,0,0,0,9.12075884713608e-05,0,0,0.000110277900308778,0.0010482180293501,0,0,0,0,0.986877134093408,0,0,0,0,0,0,0,0,0,0,0,0,5.86544665376268e-05,0,0,0,0,0,0,0,0,0,0,0,0,0,0,0,0,0,0,0,0,0,0,0,0,0.00156087408949011,0,2.84867821330902e-05,0,0,0.00328153653122286,0,0,0,0,0,0,0,0,0,0,0,0,0.000165043736590196,0,0,0,0,0,0,0,0.000552028705492686,0,0,0,0,0,0,0,0.00142578418129971,0,0,0,0,0,0.000557724484104852,0,0,0.002776492364646,0,0,0,0,0,0,0,0,0,0.00158831003811944,3.96852168598675e-06,0,0,0,0,0,0,0,0,5.71363272768826e-05,0.000129198966408269,0,0.000646342777119466,0.0016308779559663,0,0,0,0,0,0,0,0,0,0,0,0,0,0,2.67175572519084e-06
0,0,0,0,0,2.76571618220538e-05,0,0,0,0,0,0,0,0,0,0,0,0,0,0,0,0,0,0,0,0,0,0,0,0,0,0,0,0,0,0,8.75886835420864e-05,0,0,0,2.21695080586162e-05,0,0,0,0,0,0,0,0,3.50680319820452e-05,0,0,0,0,0,0,0,0,0,0,0,0,0,0,0,0,0,0.000196566636089634,0,0,0,0,0,0,0,3.84551292733262e-05,0,0,0,0,0,0,0,0.000260756192959583,7.6247924362059e-05,0,0,0,0,0,0,0,0,0,0,0,0,0,0,7.38540316095255e-05,0,0,0,0.00151551891367604,0,0,2.49345468146116e-05,0,0,7.92110578636778e-05,0,0,0,2.4515812699191e-05,0,0,0,0,3.26675682915515e-06,0,0,0,0,0,0,0,0,0,8.5397096498719e-05,0,1.12384805574286e-05,0,0,0,3.88284172242859e-05,0,0,0,0,0,7.53295668549906e-05,0,0,0,0.000691682517724365,0,0,0,0,0,0,0,0,0,0,0,0,0,0,0,0,0,0,0,0,0,0,0,0,0,4.77258626449673e-05,0,0,0,0,0,0,0,0,0,0,0,0,0,0.000103939299449122,0,0,0,0,0,0,0,0,0,0,1.92722787542399e-05,0,0,1.82575038340758e-05,0,0,5.26094276094276e-05,0,0,0,5.37432149191165e-05,0,0,0,0,0,0,0,0,0,0,0,0,0,0,0,0,0,0,0,0,0,0,2.51768674941464e-05,0,0,1.38404473232575e-05,0,0,0,0,0,0,0,0,0,0,0.000559665599804117,0,0,0,0,0.000111994624258036,0,8.19014234467395e-06,0,0.000163880694854146,0,0,0,0,0,8.37233445801693e-06,0,0,0,0,3.98070155884273e-05,0,0,0,0,0,0,0,0,1.56407073580997e-05,0,0,0,0,3.32845160431367e-05,0,0,0,0,0,0,0,0,0,0,0,0,0,0,0,0,0,0,0,0,0,0,0,0,0,0,0,0,0,0,0,0,0,0,0,0,0.00019237705903571,0,0,0,0,0,1.30244795092376e-05,0,0,0,0,0,0,0,0,0,0,0,0,0,0,0,0,1.99664563533264e-05,0,0,0,0,0,0,0,0,0,0,0,0,0,0,0,0,0.000210172341319882,1.58963557604419e-05,0,0,0.000206868018204386,0,0,0,0,0,0,0,0,0,0,0,0,0,0,0,0,0,0,0,0,0,0.000585480093676815,0,0,0,5.67150635208711e-05,0,0,0,0,0,0,0,0,0,0,0,0,0,0,0,0,0,0,0,0,0,0,0,0,0,3.32369461893841e-05,0,0,0,0,0,0,0,0,0,0,0,0.000341030887654682,4.37171847881684e-06,0,0,0,0,0,0,0,0,0,0,0,0,3.28601472134595e-05,0.0001743679163034,0,0,0,0,0,0,0,0,0,0.00156580547365616,0,0,0,0,0,0,0,1.2903891813771e-05,0,0,0,0,0,0,0,0,0,0,0,0,0,0,0,0,0,0,0,0,0,0,0,0,0,0,0,0,0,0,0,0,0,0,0,0,0,0,0,0,1.63259975184484e-05,0,0,0.000150060024009604,0,0,0,0,0.000157952930026852,0,0,0,0,0,0,0,0,0,0,0,0,0,0,0,0,0,0.000165070980521624,0,0,4.77370262696856e-06,0,0,0,0,0.991488868274583,0,0,0,0,0,0,0,0,0,0,0,0.000175963399612881,0,0,0,0,0,0,0,0,0,0,0,0,0,0,0,0,0,0,0,0,0,0,0,0,0,0,2.84867821330902e-05,0,0,0,0,0,0,0,0,0,0,0,0,0,0,0,0,0,8.93974611121044e-05,0,0,0,0,0,0,0,0,0,0,0,0,0,0,0,0,0,0,0,0,0,0,0,0,0,0,1.59979522621104e-05,0,0,0,0,0,0,3.1748173487894e-05,0,0,0,0,0,0,0,0,0,0.00116279069767442,0.00149569986289418,0,0,0,0,0,0,0,0,0,0,0,0,0,1.43747005270724e-07,0,0,0
0,6.5837118967674e-05,6.6795805223432e-05,0,0,2.76571618220538e-05,1.28862658178913e-05,5.10609740974973e-05,0,0,0,0,0,0,0,0,0,0,7.63009308713566e-05,0,2.11455831105999e-06,0,0,0,0,0,0,0,0,0,0,0,0,0,0,0,0,0,0,0,0,0,0,0,0.000201511335012594,0,0,0,0.00016530747189773,3.50680319820452e-05,0,0,0,0,0,0,0,0,0,6.66666666666667e-05,0,0,0,0,0,0,0,0,0,0,0,0,0,4.94875563539548e-06,0,3.84551292733262e-05,0,0,0,0,0,0,0.000191815856777494,0,0,0,0,0,0.00140116925158235,0.000140874832711136,0,0,0,9.22869632359501e-06,0,0,0,0,3.17536929544906e-06,0,0,1.63291966035271e-05,0,0,0,0,0,0,0,0,0,0,0,0,2.77029797325e-06,0,0,0,9.80027048746545e-06,0.000185082361650935,0,0,0,0,0,3.35979733702463e-06,0,0,0,0,0,0,0,0,0,0,0,0,0,0,0,0,0,0,0,0,0,0,0,0,0,0,0,0,0,0,4.57847506257249e-05,0,0,0.000167751459437697,0,0,0,0,0,0,0,0,0,0,0,0,0,0,0,0,0,0,0,0,0,0,0,0,0,0,0.000262881177707676,0,0,0.000987654320987654,0,1.01514597799164e-05,7.30657664964234e-06,3.45227574016792e-06,0,0,0,0,0,0,0,0,0,0,8.41396718552798e-06,8.06148223786747e-05,0,0,0,0.000196730986769841,0,4.27968604223194e-06,0,1.46447191142874e-05,0,4.30700318718236e-05,0,0,0,0,0,0,0,0,0,0,0,0,0,0,7.00471417263819e-06,0,0,0,1.61762564907229e-05,0,0,0,0.000293667274977451,0,0,0,0,0,0,0,0,0,0,0,0,0,0,0,0,0,0,7.11648428931439e-05,0,5.50751776174478e-05,0,0,0.000145959057157567,0,0,0,0,0,7.59058320409617e-06,0,4.40315265730263e-05,0,8.62184584139636e-05,0,0,0,0,0.000829187396351575,9.13876297704343e-06,0,0,0,0,0,1.90124912067228e-05,0,0,0,0,4.93559054340852e-05,4.01364639775236e-05,0,0,0,0,0,0,0,0,0,0,0,0,0,0,0,0,0,0,0,0,0,1.74956698217191e-05,0,0.000240038406144983,0,0,0,0,0,0,0,0,0,0,0,0,1.07308802541072e-05,0,0,0,0,0,0,0,0,1.99664563533264e-05,0,0,0,0,1.39125982751161e-06,4.0126800690181e-06,0,0,0,0,0,0,0,0,0,0,0,0,2.12089077412513e-05,0,0,0,0,0,0,0,0,0,0,0,0,0,0,0.000458155161881491,0,0,0,0.00012809017548354,0,0,0,0,0,0,0,0.000662129599923548,0,0.000187079072087802,0,0,0,0,4.52488687782805e-05,0,0.000200150112584438,0,0,2.4404976174642e-05,0,4.17367496254127e-06,0,0,0,0,0,0,0,0,0,0.000176146271864156,0,0.000131517418751461,0,0,1.19198603945951e-06,0,0,0,0,0,8.98553329140084e-05,0,0,0,0,2.18585923940842e-05,0,0,0,0,0,0,0,0,0,5.74914194056537e-05,0,0.000649350649350649,0,0,0,0,0,0,0,0,7.37327188940092e-05,0,0,0,0,0.00221653878942881,0,0,5.53617892930299e-05,0.000148720999405116,0,1.2903891813771e-05,0,0,0,0,0,0,0,0,8.76501007976159e-05,1.26778062324095e-05,0,0,0,0,0,0,7.41986545310645e-05,0,0,0,0,0,0,3.48517059910083e-05,0,0,0,8.97021887334051e-05,0,4.28384775205089e-05,0,0,0,0,8.10569830590905e-05,0,0,0,0,0,0,0,0.000220616623462578,0.000300120048019208,0,0,5.83294447036864e-05,0,0,6.6010957818998e-05,0.000201409869083585,0,4.98308657365459e-06,0,0,0,0,0,0,0,3.97413632082408e-06,0,0,9.99000999000999e-05,0,0,0,0,0,4.77370262696856e-06,0.000268288320515114,0,0,0,0,0.897902097902098,0,0,0,0,0,0,0,0,0,0,0,0,0,0,0,0,0,0,0,0,0,0,0,0,0,0,0,0,6.92343374620077e-06,0,0,0,0,0,0,0,6.83060109289617e-05,0,1.8067500180675e-05,0,0,0,0,0,9.76705572105289e-05,0,0,2.35913599003501e-06,0,0,0,0,1.03035423578626e-05,0,2.69302237901597e-05,0,0,0,0,8.03535556448373e-05,0,0,0,0,6.56997848332047e-05,2.17520240258356e-06,0,0.000131844950338402,0,0,0,0,0,0,0,0,0,0,0,0,0.00047192071731949,0,0,0,0,0,0,4.50551926109484e-05,0,0,0,0,0,0,0,0,0,0,0,0,0,0,0,6.30845174822969e-05,0,0,0,7.65081672468536e-06,0.000161056530842326,4.50024751361325e-05,0.000131831707408942,0,0,6.5641205172527e-05,0,6.07533414337789e-08,5.41516245487365e-07,0
0,0,0,0,0.000130565347956652,0,0,0,0,0,0,0,0,0,0,0,0,0,0,0,0,0,0,0,0,0,0,0,0,0,0,0,0,0,0,0,0,0,0,0,0,0,0,0,0,0,0,0,0,0,0,0,0,0,0,0,0,0,0,0,0,0,0,0,0,0,0,0,0,0,0,0,0,0,0,0,0,0,0,0,0,0,0,0,0,0,0,0,0,0,0,0,0,0,0,0,0,0,0,0,0,1.63291966035271e-05,0,0,0,0,0,0,0,0,0,0,0,0,0,0.000164109296791663,0,0,0,0,0,0,0,0,0,0,0,0,0,0,0,0,0,0,0,0,0,0,0,0,0,0,0,0,0,0,0,0,3.50274965848191e-05,0,0,0,0,0,0,0,0,0,0,0,0,0,0,0,0,0,0,0,0,0,0,0,0,0,0,0,0,0,0,0,0,0,0,0,0,0,0,0,0,0,0,0,0,0,0,0,0,0,0,0,0,0,0,0,0,0,0,0,0,0,0,0,0,0,0,0,0,0,0,0,0,0,0,0,0,1.77550513120983e-05,0,0,0,0,0,0,0,0,0,0,0,0,0,0,0,0,0,0,0,0,0,0,0,0,0,0,0,0,0,0,0,0,0,0,0,0,0,0,0,0,0,0,0,0,0,0,0,0,0,0,0,0,0,0,0,0,0,0,0,0,0,0,0,0,0,0,0,0,0,0,0,0,0,0,0,0,0,0,0,0,0,0,0,0,0,6.45411126887827e-05,0,0,0,0,0,0,0,0,0,0,0,0,0,0,0,0,0,0,0,0,0,0,0,0,0,0,0,0,0,0,0,0,0,0,0,0,0,0,0,0,0,0,0,0,0.000130327121073895,0,0,0,0,0,0,0,0,0,0,0,0,0,0,0,0,0,0,0,0,0,0,0,0,0,0,0,0,0,0,0,0,0,0,0,0,0,0,0,0,0,0,0,0,0,0,0,0,0,0,0,0,0,0,0,0,0,0.000300480769230769,0,0,0,0,0,0,0,0,0,0,0,0,0,0,0,0,0,0,0,0,0,0,0,0,0,0,0,0,0,0,0,0,0,0,0,0,0,0,0,0,0,0,0,0,0,0,0,0,0,0,0,0,0,0,0,0,0,0,0,0,0,0,0,0,0,0,0,0,5.82852480037303e-05,0,0,0,0,0,0,0,0,0,0,0,0,0,0,0,0,0,0,0,0,0,0,0,0,0,0,0,0,0,0,0,0,0,0,0,0,0,0,0,0,0,0,0,0,0,0,0,0.9950213371266,0,0,0,0,0,0,0,0,0,0,0,0,0,0,0,0,0,0,0,0,0,0,0,0,0,0,0,0,0,0,0,0,0,0,0,0,0,0,0,0,0,0,0,0,0,0,0,0,0,0,0,0,0,0,0,0,0,0,0,0,0,0,0,0,0,0,0,0,0,0,0,0,0,0,0,0,0,0,0,0,0,0,0,0,0,0,0,0,0,0,0,0,0,0,0,0,0,0,0,0,0,0,0,0,0,0,0,0,0,0,0,0,0,0,0,9.02527075812274e-08,0
0,0,0,0,0,0,0,0,0,0,0,0,0,0,0,0,0,0,0,0,0,0,0,0,0,0,0,0,0,0,0,0.000860549932385362,0,0,0,0,0,0,0,0,0,0,0,0,0,0,0,0,0,0,0,0,0,0,0,0,0,0,0,0,0,0,0,0,0,0,0,0,0,0,0,0,0,9.89751127079096e-06,0,0,0,0,0,0,0,0,0,0,8.47199159578434e-06,0,0,0,0,0,0,0,0,0,0,0,0,0,0,0,0,0,0,0,0,0,0,0,0,0,0,0,0,0,0,0,0,0,1.63337841457758e-05,0.000185082361650935,0,0,0,0,0,0,0,0,0,0,0,0,0,0,0,0,0,0,0,0,0,0,0,0,0,0,0,0,0,0,0,0,0,0,0.000567767053288993,0,0,0,0,0,0,0,0,0,0,0,0,0,0,0,0,0,0,0,0,0,0,0,0.000545553737043099,0,0,0,0,0,0,0,0,0,0,0,0,0,0,0,0,0,0,0,0,0,0,0,0,0,0,0,0,0,0,0,0,0,0,0,0,0,0,0.000225402907697509,0,0,0,0,0,0,0,0,0,0,0,0,0,0,0,0,1.61762564907229e-05,0,0,0,0,0,0,0,0,0,0,0,0,0,0,0,0,0,0,0,0,0,0,0,0,0.000110150355234896,0,0,2.38842093530564e-05,0,0,0,0,0,1.63238348475187e-07,0,0,0,9.57982871266262e-06,0,0,0,0,0,0,0,0,0,0,0,0,0,0,0,0,0,0,0,0,0,0,0,0,0,7.14694110920526e-05,0,0,0,0,0,0,0,0,0,0,0,0,0,0,1.20235661897319e-05,0,0,0,0,0,0,0,0,0,0,0,0,2.8048130592096e-05,0,0,0,0,0,0,0,0,0,0.000738758885073077,0,0,0,0,0,0,0,0,0,0,5.16862643752423e-06,0,0,0,0,0,0,0,0,0,0,0,0,0,0,0,0,0,0,0,0,0,0,0,0,0,0,0,0,0,0,0,0,0,0,6.8260783497273e-06,2.83575317604356e-05,0,0,4.95123038074962e-05,0,0,0,0,0,0,0,0,0,4.17367496254127e-06,0,0,0,0,0,0,0,0,0,0,0,4.38391395838204e-05,0,0,0,0,0,0,0,0,0,0,0,0,0,0,0,0,0,0,0,0,0,0,0,0,0,0,0,0,0,0,0,0,0,0,0,0,0,0,0,0,0.0041834521227146,0,0.000636660576869844,0,0,0,0,0,0,0,0,0,0,0,0,0,0,0,0,0,0,0,0,0,0,6.58379858843358e-06,0,0,0,0,0,0,0,0,0,8.56769550410178e-05,0,0,0,0,0.000324227932236362,0,0,0,0,0,0,0,0,0,0,0,0,0,0,0,0,0,2.49154328682729e-06,0,0,0,0,0,0,0,0,0,0,0.000999000999000999,0,0,0,0,0,0,0,0,0,0,0,0,0,0.988541094636647,0,0,0,0,0,0,0,0,0,0,0,0,0,0,0,0,0,0,0,0,0,0,0,0,0,0,0,0,0,0,0.00145796209298558,2.83865107301011e-05,0,0,0,0.000142433910665451,0,0,0,0,0,0,0.000146505835815793,0,0,0,0,0,0,0,0,0,0,0,0,0,0,0,0,0,0,0,0,0,0,0,0,0,0,0,0,0,0,0,0,0,0,0,0,0,0,0,0,0,0,0,0,3.96852168598675e-06,0,0,0,0,0,0,0,0,0,0,6.23208276205908e-05,0,0,0,0,0,0,0,0,0,0,0,0,2.18804017241757e-05,0,0,0,0
0,0,0,4.33179843275533e-06,0,0,1.43180731309903e-06,0,0,0,0,0,0,0,0,0,0,0,0,0,0,0,0,0,0,0,0,0,0,0,0,0,7.44956643523347e-06,0,0,0,0,0,0,0,0,7.74035744970703e-06,0,0,0,0,0,0,0,0,0,0,0,0,0,0,0,0,0,0,0,0,0,0,0,0,0,0,0,0,0,0,0,2.47437781769774e-06,0,0,0,0.000517085362175206,0,0,0,0,0,0,0,0.000142475512021371,0,0,0,0,0,0,0,0,1.93440434854098e-05,0,0,0,0,0,0,0,0,0,0,0,0,0,0,0,0,0,0,0,0,0,0,3.47898691900918e-05,3.26675682915515e-06,0,0,0,0,0,0,0,0,0,0,0,0,0,0,0,0,0,0,0,0,0,0,0,0.000454992174134605,4.29000429000429e-05,0,0,0,0,0,0,6.69792364367046e-05,0,0,0,0,0,0,0,0,0,0,3.71774853148933e-05,2.67476228050232e-05,0,3.82160736805901e-05,0,0,0,0,0,0,0,0,0,0,0,0,0,0,0,0,0,0,0,0,0,0,0,0,0,0,0,0,0,0,0,0,0,0,0,0,0,0,0,0,0,0,0,0,0,0,0,0,0,0,0,0,0,0,0,0,0,0,0,0,0,0,0,0,0,0,0,0,0,0,0,0,0,0,0,0.000330532984437405,0,0,0,0,0,0,0,0,0,0,0,0,0,0,0,0,0,0,5.50751776174478e-05,0.000640260760746195,0,2.65380103922849e-06,0,0,0,0,0,1.63238348475187e-07,0,0,2.84376497419994e-06,0,0,0,0,0,0,0,0,0,0,0,0,0,0,0,0,0,0,0,0,0,0,0,0,0,0,0,0,0,0,0,0,0.000274089747947068,0,0,0,0,0,0,0,0,0,0,0,0,0,0.000366748166259169,0,0,0,0,0,0,0,0,7.51161617787507e-05,0,0,0,0,0,3.62884203650615e-05,0,0,0,0,0,0,0,0,0,8.84642604387827e-05,6.13685179502915e-05,5.26731630234396e-05,0,0,0.000820883270398949,0,0,0,0,0,0,0,0,0,0,0.00147041661804178,0,0,0,0,0,0,0,0,0,0,0,0,0,0,0,0,0,2.25326723749437e-05,9.62788234727772e-05,0,0,0,0,0,0,0,0,0,0,0,0,0,0,0,0,0,4.17367496254127e-06,0,0,0,0,0,0,0,0,0,0,0,0,0,0,0,0,0,0,0,0,0,0,0,0,0,0,0,0,0,0,0,0,0,0,0,0,0,0,0,0,0,0,0,0,0,0,0,0,0,0,6.52656311186529e-05,0,0,0,0,0,0,0,0,0,0,0,0,0,0,0,0,0,5.05586733404116e-05,0,0,0,0,0,0,0,0,8.55893816496366e-05,0,0,0,0,0,0,0,0,0,0,0,0,0,0,0,0,0,0,0,0.00056616099295928,0,0,0,0,0,3.12052399838981e-06,0,0,0,0,0,0,7.47462986048188e-06,0,0,0,0,0,0,0,3.97413632082408e-06,0,0,0,0,0,0,0,0,4.77370262696856e-06,0,0.000130874635186954,0,0,0,0,0,0,0.98818301514154,0,0,0,0,0,0,0,0,0,0,0,0,0,0,0,0,0,0,0,0,0,0,0,0,0,0,0,0,0,0,0,0,0,0,0,0,0.00522892488203035,0,0,0,0,0,0,0,0,0,0.000355745286374956,0,0,0,0,0,0,0,0,0,0,0,0,0,0,0,0,0,0,0,0,0,0,0,0,0,0,0,0,0,0,0,0,3.19959045242209e-05,0,0,0,0,0,0,1.5874086743947e-05,0,0,0,0,0,0,0,0,0,0,0,0,0,0,0,0,0,0,0,0,0,0,0,0,4.79156684235745e-07,6.07533414337789e-08,0,0
0,0,0,1.73271937310213e-05,0,0.000221257294576431,3.72269901405748e-05,4.37665492264262e-05,0,0,0,0,0,0,0,0,9.83361523030327e-05,0,0,8.42722668397057e-06,5.49785160875596e-05,0.00012531328320802,8.20761995436563e-06,0,0,0,0,1.8379650051463e-05,0.0120123797648735,0.00100677897845493,0,0,0,0,0,0,0,0,0,0,0,0,0,0,0,0,0,0,0,0,0,0,0,0,0,0,0,0,0,0,1.13834927970949e-05,0,3.23647638343183e-05,0,0,0,0,0,0,0,0,0,0,0,6.51033189672009e-05,0,0,0,0,0,0,0,0,0,0,0,0.000395263166216067,0,0,0,0,0,0,1.845739264719e-05,0,2.01178908403243e-05,0,0,3.49290622499397e-05,0,0,0,0,0,0,3.58559165847957e-05,0,3.66260117935758e-05,0,0,0,2.43196575792213e-05,0,0,4.155446959875e-05,0,0,3.47898691900918e-05,0,0,0,0,0,0,0,0.00630969939893226,0,0,0,9.91200343616119e-05,2.24769611148573e-05,0,0,0,0,0,0,0,8.15394651011089e-05,0,0,0,0,0,0,0,0,0,0,0,0,0,0,0,0,0.000145875373805645,0,0,0,0,0,0,0,0,0,0,0,0,0,0,0,0,0,8.4868930545389e-05,0,0,0,0,0,0,0,0,0,0,0,0.000101791530944625,0,0,2.54039223656132e-05,0,0,0,4.01861715730329e-05,3.10704816615113e-05,0,0,0,0.000106315118009781,0,0,0,0,0,0,2.94488851493479e-05,0,0,0,0.0137077274120492,1.63942488974868e-05,0,0.000201145243984901,0,2.92894382285748e-05,0,0,0,0,0,0,0,0,0,0,0,0,8.98391878537418e-05,0,0,0,4.20282850358291e-05,0,0,0.000275482093663912,0,0,0,0,2.09762339269608e-05,0,0,0,0,0,0,0,0,0,0,0,0,0,0,0,0,0,0,0,0,0,0,0,2.65380103922849e-06,0,0.00014903129657228,0,0,0,0.000397485378537079,0,0,1.42188248709997e-06,0,0,0,9.35716290820623e-05,0,0,9.13876297704343e-06,3.7237706902009e-05,0,0,0,0,1.90124912067228e-05,1.64206308806384e-05,0,0.000135244793075467,0,0,0,0,0,0,0,4.50927783915406e-05,0,0,0,0,0,0,0,0,0,0,0,0,0,0,0,0,0,0,0,0,0,0,0,0,0,0.000293642636910879,0,0,0,0,0,1.07308802541072e-05,0,0,0,0,0,0,0,0,1.33109709022176e-05,0,0,0,0,6.39979520655339e-05,1.20380402070543e-05,0,6.13685179502915e-05,0,0,0,0,0.000150127608467197,0,0,0,0,0,0,0,0,0,0,0,0,0,0,0,0,0,0,0,0,0,0,0,0,0,0,4.15016482083146e-05,0,0,0,0,0,0,0,0,0,0,0,0,0,0,0,0,0,0,0,0,0,0,0,0,0,1.60080680663054e-05,0,0,0,0,0,0,0,0,3.33756091048662e-05,0,0,0,0,0,0,0,0,0,0,0,0,5.94078228221092e-05,0,3.5405624537514e-06,0,0,0,0,0,1.14982838811307e-05,4.91081951756109e-05,0,0,0,0,0,0,0,0,0,0,0,0,0,0,0,0,0,0,0,0,0,0,0,0,9.33532486930545e-05,0,0,0,0,0,1.26778062324095e-05,0,0,0,0,0,0,0,0,0,0,0,0,0,0.00156832676959537,0.000107968041459728,0,0,0,0,0,8.81803111001376e-05,3.00057010832058e-05,0,0,0,0,0,0,0,0,4.89779925553451e-05,0,1.10308311731289e-05,0,0,3.43257639822879e-05,0,0,0,0,0,0.000151469251741896,4.15257214471216e-06,0,0,0,0,8.20124768314753e-06,6.35795273921797e-05,0,3.97413632082408e-06,0.00189977615388411,0,0,0,0,0,0,0,9.54740525393711e-06,0.000134144160257557,0,0,0,0,0,0,0,0,0.965422670237122,0,0,0,0,0,0.000291732306435615,0,0,0,1.49653178758228e-05,0,0,1.70605764200086e-05,0,0,4.82951801410219e-05,0,0,0,0.000124409056979348,0,1.18133490844654e-05,0.00131256562828141,0,6.92343374620077e-06,0,1.67302415846885e-05,0,0,0,0,0,0,0,0,0,0,0,0,0,0,0,0,4.24644478206302e-05,0,0,0,0,4.41580386765541e-06,0,0,0,0,0,0,0,0,0,0,0,0,0.00112820497947334,0,1.09870791948668e-05,0,0,0.00146842878120411,0,0,0,0,0,0,0,0,0,0,0.000439029744265174,0,0,0.000184060371801951,0,0,0,0,0,0,0,3.83965596682537e-05,0,0,0,0,5.5972237770066e-05,0,0,0,0,0,0,0,0,2.88246739208763e-05,7.65081672468536e-06,0,0,0,9.05111410986407e-05,0,0,5.74988021082894e-07,3.03766707168894e-07,0,0
0,0,0,0,0,0,0,0,0,0,0,0,0,0,0,0,0,0,0,0,0,0,0,0,0,0,0,0,0,0,0,0,0,0,0,0,0,0,0,0,0,0,0,0,0,0,0,0,0,0,0,0,0,0,0,0,0,0,0,0,0,0,0,0,0,0,0,0,0,0,0,0,0,0,0,0,0,0,0,0,0,0,0,0,0,0,0,0,0,0,0,0,0,0,0,0,0,0,0,0,0,0,0,0,0,0,0,0,0,0,0,0,0,0,0,0,0,0,0,0,0.00106761565836299,0,0,0,0,0,0,0,0,0,0,0,0,0,0,0,0,0,0,0,0,0,0,0,0,0,0,0,0,0,0,0,0,0,0,0,0,0,0,0,0,0,0,0,0,0,0,0,0,0,0,0,0,0,0,0,0,0,0,0,0,0,0,0,0,0,0,0,0,0,0,0,0,0,0,7.70891150169596e-05,0,0,0,0,0,0,0,0,0,0,0,0,0,0,0,0,0,0,0,0,0,0,0,0,0,0,0,0,0,0,0,0,0,0,0,0,0,0,0,0,0,0,0,0,0,0,0,0.000980298393267024,0,0,0,0,0,0,0,0,0.000179168657429527,0,0,0,0,0,0,0,0,0,0,0,0,0,0,0,8.16191742375933e-08,0,0,7.10941243549986e-06,0,1.9819529031363e-05,0,0,0,0,0,0,0,0,0,0,0,0,0,0,0,0,0,0,0,0,0,0,0,0,0,0,0,0,0,0,0,0,0,0,0,0,0,0,0,0,0,0,0,0,0,0,0,0,0,0,0,0,0,0,0,0,0,0,0,3.62884203650615e-05,0,0,0,0,0,0,0,0,0,0,0,0,0,0,0,0,0,0,0,0,7.94817788022096e-06,0,0,0,0,0,0,0,0,0,0,0,0,0,0,0,0,0,0,0,0,0,0,2.25326723749437e-05,0,0,0,0,0,0,0,0,0,0,0,0,0,0,0,0,0,0,0,0,0,0,0,0,0,0,0,0,0,0,0,0,0,0,0,0,0,0,0,0,0,0,0,0,0,0,0,0,0,0,0,0,0,0,0,0,0,0.000624342797055731,0,0,0,0,0,0.000188501413760603,0,0,0,0,0,0,0,0,0,0,0,0,0,0.000131700250230475,0,0,0,0,0,0,0,0,0,0,0,0.00158277936055714,0,0,0,0,0,0,0,0,0,0,0,0,0,0,0,0,0,0,0,0,0,0,2.27128191151086e-05,0,0,0,0,0,0,0,0,0,0,0,0,0,0,0,0,0,0,0,0,0,0,0,0,0,0,0,0,0,0,0,0,0,0,0,1.30874635186954e-05,0,0,0,0,0,0,0,0,0.975005579111805,0,0,0,0,0,0,0,0,0,0,0,0,0,0,0,0,0,0,0,0,0,0,0,0,0,0,0,0,0,0,0,0,0,0,0,0,0,0,0,0,0,0,0,0,0,0,0,0,0,0,0,0,0,0,0,0,0,0,0,0,0,0,0,0,0,0,0,0,0,0,0,0,0,0,0,0,0,0,0,0,0,0,0,0,0,0,0,0,0,0,0,0,0,0,0,0,0,0,0,0,0,0,0,0,0,0,0,0,0,0,0,0,0
0,0,0,0,0,0,0,0,0,0,0,0,0,0,0,0,0,0,0,0,0,0,0,0,0,0,0.00094921689606075,0,0,0,0,0,0,0,0,0,0,0.00756484149855908,0,0,0,0,0,0,0,0,0,0,0,0,0,0,0,0,0,0.000135098621994056,0,0,0,0,0,0,0,0,0,0,0,0,0,0.000124470998257406,0,0,0,0,0,2.56367528488842e-05,0,0,0,0,0,0,0,0,0,0,0,0,0,0,0,0,0,0,0,0,0,0,0,0,0,0,0.00272137324680762,0,0,0,0,0,0,0,0,0,0,0,0,0,0,0,0,0,0,0,0,0,0,0,0,0.000558347292015634,0,0,0,0,0,0,0,2.70160745643658e-05,0,0,0,0,0,0,0,0,0,0,0,0,0,0,0,0,0,0,0,0,9.15695012514499e-05,0,0,0,0,0,0,0,0,0,0,0,0,0,0,0,0,0,0,3.04145503208735e-05,0,0,0,0,0,0,0,0,0,0,0,0,0,0,0,7.10602184594145e-05,0,0,0,0,0,0,0,0,0,0,0,0,0,0,0,0,0,0,0,0,0,0,0,0,0,0,0,0,0,0,0,0,0,0,0,0,0,0,0,0,0,0,5.66168977175302e-05,0,0,0,0,0,0,0,0,0,0,0,0,0,0,0,0,0,0,0,0,0,0,0,0,0,0,0,0,0,0,0,0,0,0,0,0,0,0,0,0,0,0,0,0,0,9.10774461884089e-05,0,0,0,0,0,0,0,0,0,0,0,0,0,0,0,0,0,0,0,0,0,0,0,0,0,0,0,0,0,0,0,0,0,0,0,0,0,0,0,0,0,0,0,0,0,0,0,0,0,0,0,0,0,0,0,0,0,0,0,0,0,0,0,0,0,0,0,0,0,0,0,0,0,0,0,0,0,0,0,0,0,0,0,0.0017032361486825,0,0,0,0,0,0,0,0,0,0,0,0,0,0,0,0,0,0,0,0,0,0,0,0,0,0,0,0,0,0,0,0,0,0,0,0,0,0,0,0,0,0,0,1.46130465279401e-05,0,0,0,0,0.000351741118536757,0,0,0,0,0,0,0,0,8.74343695763368e-06,0,0,0,0,0,0,0,0,0,0,0,0,0,0,0,0,0,0,0,0,0,0,0,0,0,0,0,0,0,0,0,0,0,0,0,0,0,0,0,0,0,0,0,0,0,0,0,0,0,0,0,0,0,0,0,0,0,0,0,0,0,0,0,0,0,0.000812347684809098,0,0,0,0,0,0,0,0,0,0,0,0,0,0,0,0,0,0,0,0,0,0,0,0,0,0,0,0,0,0,0.000729660707770887,0,0,0,0,0,0,0,0,0,0,0,0,0,0,0,0,0.982943143812709,0,0,0,0,0,0,0,0,0,0,0,0,0,0,0,0,0,0,0,0,0,0,0,0.000118764845605701,0,0,0,0,0,0,0,0,0,0,0,0,0,0,0,0,0,0,0,0,0,0,0,0,0,0,0,0,0,0,0,0,0,0,0,0,0,0,0,0,0,0,0,0,0,0,0,0,0,0,0,0,0,0,0,0,0,0,0,0,0,0,0,0.000566037735849057,0,0,0,0,0,0,0,0,0,1.57711293705742e-05,0,0,0,0,0,0,0,0,0,0,0,0,9.02527075812274e-08,0
0,0,0,0,0,0,0,0,0,0,0,0,0,0,0,0,0,0,0,0,0,0,0,0,0,0,0,0,0,0,0,0,0,0,0,0,0,0,0,0,0.000421220653113707,0,0,0,0,0,0,0,0,0,0,0,0,0,0,0,0,0,0,0,0,0,0,0,0,0,0,0,0,0,0,0,0,0,0,0,0,4.30904468479338e-05,0,0,0,0,0,0,0,0,0,0,0,0,0,0,0,0,0,0,0,0,0,0,0,0,0,0,0,0,0,0,0,0,0,0,0,0,0,0,0,0,0,0,0,0,0,0,0,0,0,0,0,0,0,0,0,0,0,0,0,0,0,0,0,0,0,0,0,0,0,0,0,0,0,0,0,0,0,0,0,0,0,0,0,0,0,0,0.000535025031528261,0,0,0,0,0,0,0,0,0,0,0,0,0,0,0,0,0,0,0,0,0,0,0,0,0,0,0,0,0,0,0,0,0,0,0,0,0,0,0,0,0,0,0,0,0,3.76789751318764e-05,0,0,0,0,0,0.000792707094728498,0,0,0,0,7.71604938271605e-05,0,0,0,0,0,0,0,0,0,0,0,0,0,0,0,0,0,0,0,0,0,0,0.00156868094393671,0,0,0,0,0,0,0,0,0,0,0,0,0,0,0,0,0,0,0,0,0,0,0,0,0,0,6.11409469452988e-05,0,0,0,0,0,0,0,0,0,0,0,0,0,0,0,0,0,0,0,0,0,0,0,0,0,0,0,0,0,0,0,0,0,0,0,0,0,0,0,0,0,0,0,0,0,0,0,0,0,0,0,0,0,0,0,0,0,0,0,0,0,0,0,0,0,0,0,0,0,0,0,0,0,0,0,0,0,0,0,0,0,0,7.94817788022096e-06,0,0,0,0,0,0,0,0,0,0,0,0,0,0,0,0,0,0,0,0,0,0,0,0,0,0,0,0,0,0,0,0,0,0,0,0,0,0,0,0,0,0,0,0,0,0,0,0,0,0,0,0,0,0,0,0,0,0,0,0,0,0,0,0,0,0,0,0,0,0,4.00978387264926e-05,0,0,0,0,0,0,0,0,0,0,0,0,0,0,0,0,0,0,0,0,0,0.000130531262237306,0,0,0,0,0,0,0,0,0,0,0,0,0,0,0,0,0,0,0,0,0,0,0,0,0,0,0,0,0,0,0,0,0,0,0,0,0,0,0,0,0,0,0,0,0,0,1.45169485374174e-05,0,0,0,0,0,0,0,0,0,0,0,0,0,0,0,0,0,0,0,6.17894216510133e-05,0,0,0,0,0,0,0,0,0,0,0,0,0,0,0,0,0,0,0,0,0,0,0.936418887330528,0,0,0,0,0,0,0,0,0,0,0,0,0,0,0,0,0,0,0,0,0,0,0,0,0,0,0,0,0,0,0,0,0,0,0,0,0,0,0,0,0,0,0,0,0,0,0,0,0,0,0,0,0,0,0,0,0,0,0,0,0,0,0,0,0,0,0,0,0,0,0,0,0,0,0,0,0,0,0,0,0,0,0,0,0,0,0,0,0,0,0,0,0,0,0,0,0,0,0,0,0,0,0,0,0,0,0,4.79156684235745e-08,0,0,0
0,0,0,0,0,2.76571618220538e-05,0,0,0,0,0,0,0,0,0,0,0,0,0,0,0,0,8.20761995436563e-06,0,0,0,0,1.8379650051463e-05,0,0,0,0,0,0,0,0,0,0,0,0,0,7.74035744970703e-06,0,0,0,0,0,0,0,0,0,0,0,0,0,0,0,0,0,0,0,0,0,0,0,0,0,0,0,0,0.00655021834061135,0,0,0,0,0,0,0,0,0,0,0,0,0,0,0,0,0,0,0,0,9.85512959495417e-06,0,0,9.67202174270488e-06,0,0,0,0,0,0,0,0,0,0,0,0,0,0,0,0,0,0,0,1.385148986625e-06,0,0,3.47898691900918e-05,0,0,0,0,0,0,0,0,0,0,0,0,0,0,0,0,0,0,0,0,0,0,0,0,1.81996869653842e-05,4.29000429000429e-05,0,0,0,0,0,0,6.69792364367046e-05,0,0,0,0,0,0,0,0,0,0,0,9.36166798175812e-05,0,0,0,0,0,0,0,0,0,0,0,0,0,0,0,0,0,0,0,0,0,0,0,0,0,1.27019611828066e-05,0,0,0,0,0,0,0,0,0,0,0,0,0,0,0,0,2.68716074595582e-05,0,0,0,0,0,0,0,0,0,0,0,0,0,0,0,0,0,0,0,0,0,0,0,0,7.00471417263819e-06,0,0,0,0,0,0,0,0,0,0.000137722076848919,0,0,0,0,0,0,0,0,0,0,0,0,0,0,0,0,0,0,5.50751776174478e-05,0,0,0,0,0,0,0,0,3.26476696950373e-07,0,0,0,0,0,0,0,0,0,9.13876297704343e-06,0,0,0,0,0,0,0,0,0,0,0,0,0,0,0,0,0,0,0,0,0,0,0,0,0,0.000679742574908728,0,0,0,0,0,0,0,0,0,0,0,0,0,0.000855745721271394,0,0,0,0,0,0,0,0,0.000107308802541072,0,0,0,0,0,3.62884203650615e-05,0,0,0,0,0,0,0,0,0,0.000530785562632696,0,0,0,0,0,0,0,0,0,0,0,0,0,0,0,9.33597852724939e-05,0,0,0,0,0,0,0,0,0,0,0,0,0,0,0,0,0,0,4.81394117363886e-05,0,0,0,0,0,0,0,0,0,0,0,0,0,0,0,0,0,0,0,0,0,0,0,0,0,0,0,0,0,1.46130465279401e-05,1.66184730946921e-05,0,0,0,0,0,0,0,0,0,0,0,0,0,0,0,0,7.08112490750281e-06,0,0,0,0,0,0,0,0,0,0,0,0,0,0,0,0,0,0,0,0,0,0,0,0,0,0,0,0,0,0,0,0,0,0,0,0,0,0,0,0,0,0,0,0,0,0,0,0.000427946908248183,0,0,0,0,0,0,0,0,0,0,0,0,0,0,0,0,0,0,0,1.45169485374174e-05,0,2.43872698451408e-05,0,0,0,0,0,0,0,0,0,0,8.30514428942431e-06,0,0,0,0,0,0,0,3.97413632082408e-06,0,0,0,0,0,0,0,0,0,0,1.30874635186954e-05,0,0,0,0,0,0,0,0,0,0,0,0.991473043085946,0,0,0,0,0,0,0,0,0,0,0,0,0,0,0,0,0,0,0,0,2.30781124873359e-06,0,0,0,0,0,0,0,0,0,0,0.000127534753220253,0,0,0,0,0,0,0,0,0,0,0,0,0,0,0,0,0,0,0,0,0,0,0,0,0,0,0,0,0,0,0,0,0,0,0,0,0,0,0,0,0,5.48787180331467e-05,0,0,0,0,0,0,0,0,0,0,0,0,0,0,0,0,0,6.45994832041344e-05,0,0,0,0,0,0,0,0,0,0,0,0,0,0,5.31863919501677e-06,0,0,0
0,0,0,0,0,0,0,0,0,0,0,0,0,0,0,0,0,0,0,0,0,0,0,0,0,0,0,0,0,0,0,0,0,0,0,0,0,0,0,0,0,0,0,0,0,0,0,0,0,0,0,0,0,0,0,0,0,0,0,0,0,0,0,0,0,0,0,0,0,0,0,0,0,0,0,0,0,0,0,0,0,0,0,0,0,0,0,0,0,0,0,0,0.000666476244882415,0,0,0,0,0,0,0,0,0,0,0,0,0,0,0,0,0,0,0,0,0,0,0,0,0,0,0,0,0,0,0,0,0,0,0,0,0,0,0,0,0,0,0,0,0,0,0,0,0,0,0,0,0,0,0,0,0,0,0,0,0,0,0,0,0,0,0,0,0,0,0,0,0,0,0,0,0,0,0,0,0,0,0,0,0,0,0,0,0,0,0,0,0,0,0,0,0,0,0,0,0,0,0,0,0,0,0,0,0,0,0,0,0,0,0,0,0,0,0,0,0,0,0,0,0,0,0,0,0,0,0,0,0,0,0,0,0,0,0,0,0,0,0,0,0,0,0,0,0,0,0,0,0,0,0,0,0,0,0,0,0,0,0,0,0,0,0,0,0,0,0,0,0,0,0,0,0,0,0,0,0,0.000824402308326463,0,0,0,0,0,0,0,0,0,0,0,0,0,0,0,0,0,0,0,0,0,0,0,0,0,0,0,0,0,0,0,0,0,0,0,0,0,0.00019245236803891,0,0,0,0,0,0,0,0,0,0,0,0,0,0,0,0,0,0,0,0,0,0,0,0,0,0,3.89574973703689e-05,0,0,0,0,0,0,0,0,0,0,0,0,0,0,0,0,0,0,0,0,0,0,0,0,0,0,0,0,0,0,0,0,0,0,0,0,0,0,0,0,0,0,0,0,0,0,0,0,0,0,0,0,0,0,0,0.000129567245400363,0,0,0,0,0,0,0,0,0,0,0,0,0,1.66184730946921e-05,0,0,0,0,0,0,0,0,0,0,0,0,0,0,0,0,0,0,0,0,0,0,0,0,0,0,0,0,0,0,0,0,0,0,0,0,0,0,0,0,0,0,0,0,0,0,0,0,0,0,0,0,0,0,0,0,0,0,0,0,0,0,0,0,0,0,0,0,0,0,0,0,0,0,0,1.76360622200275e-05,0,0,0,0,0,0,0,0,0,0,0,0,0,0,0,0,0,0,0,0,0,0,0,0,0,0,0,0,0,0,0,0,0,0,0,0,0,0,0,0,0,0,0,0,0,0,0,0,0,0,0,0,0,0.988381573583367,0,0,0,0,0,0,0,0,0,0,0,0,0,0,0,0,0,0,0,0,0,0,0,0,0,0,0,0,0,0,0,0,0,0,0,0,0,0,0,0,0,0,0,0,0,0,0,0,0,0,0,0,0,0,0,0,0,0,0,0,0,0,0,0,0,0,0,0,0,0,0,0,0,0,0,0,0,0,0,0,0,0,0,0,0,0,0,0,0,0,0,0,0.000107723796186578,0,0,0,0,0,0,0,0,0,0,0,0,0,0,0,2.29007633587786e-06
0,0,0,0,0,5.53143236441076e-05,0,0,0,0,0,0,0,0,0,0,0,0,0,0,0,0,0,0,0,0,0,0,2.2265764161026e-05,0.000201355795690986,0,0,0,0,0,0,0,0,0,0,0,0,0,0,0,0,0,0,0,0,0,0,0,0,0,0,0,0,0,0,0,0,0,0,0,0,0,0,0,0,0,0,0,0,0,0,0,0,0,0,0,0,0,0,0,0,0,0,0,0,0,0,0,0,0,0,0,0,0,0,0,0,0,0,0,0,0,0,0,0,0,0,0,0,8.31089391975001e-06,0,0,0,0,0,0,0,0,0,0,6.71959467404926e-06,0,0,0,0,0,0,0,0,0,0,0,0,0,0,0,0,0,0,0,0,0,0,0,0,0,0,0,0,0,8.10418743364697e-06,0,0,0,0,0,0,0,0,0,0,0,0,0,0,0,0,0,0,0,0,0,0,0,0,0,0,0,0,0,0,0,0,0,0,0,0,0,0,0,0,0,0,0,0,0,0,0,0,0,0,0,0,3.4056465619998e-05,0,0,2.56781162533917e-05,0,0,0,0,0,0,0,0,0,0,0,0,0,0,0,0,0,0,0,0,0,0,0,0,0,0,0,0,0,0,0,0,0,0,0,0,0,0,0,0,0,0,0,0,0,0,0,0,0,0,0,0,0,0,0,0,1.30590678780149e-06,0,0,0,0,0,0,0,0,0,0,6.20628448366816e-06,0,0,0,0,0,0,0,0.000946713551528266,0,0,0,0,0,0,0,0,0,0,0,0,0,0,0,0,0,0,0,0,0,0,0,0,0,0,0,0,0,0,0,0,0,0,0,0,0,0,0,0,0,0,0,0,0,0,0,0,0,0,8.27417299640901e-06,0,0,1.39125982751161e-06,0,0,0,0,0,0,0,0,0,0,0,0,0,0,0,0,0,0,0,0,0,0,0,0,0,0,0,0,0,0,0,0,0,0,0,0,0,0,0,0,0,0,0,0,0,0,0,0,0,0,0,0,0,0,0,0,0,0,0,0,0,0,0,0,0,0,0,0,0,1.19198603945951e-06,0,0,0,0,0,0,0,0,0,0,0,0,0,0,0,0,0,0,0,0,0,0,0,0,0,0,0,0,0,0,0,0,0,0,0,0,0,0,0,0,0,0,0,0,0,0,0,0,0,0,0,0,0,0,0,0,0,0,0,0,0,0,0,0,0,0,6.97034119820165e-05,0,0,0,0,0,0,0,0,0,0,0,0,0,0,0,0,0,0,0,0,0,0,0,0,0,0,0,0,0,0,0,0,0,0,0,0,0,0.00023999533467013,0,0,0,0,0,0,0,0,0,0,0,0,0,0,0,0,0,8.0901567063354e-06,0,0,0,0,0,0.985296691755645,0,0,0,0,0,0,0,0,0,0,0,0,0,0,0,0,1.02946323786778e-05,0,0,0,0,0,0,0,0,0,0,0,0,0,0,0,0,0,0,0,0,0,0,0,0,0,0,0,0,0,0,0,0,0,0,0,0,0,0,5.07547227269497e-06,0,0,0,0,0.000104887770086008,0,0,0,0,0,0,0,0,0,0,0.00016463615409944,0,0,0.00233143137615805,0,0,0,0,0,0,0,0,0,0,0,0,0,0,0,0,0,0,0,0,0,0,0,0,0,0,4.11414277721094e-05,0,0,0,0,0,0
0,0,0,0,0,2.76571618220538e-05,0,0,0,0,0,0,0,0,0,0,0,0,0,0,0,0,0,0,0,0,0,0,0,0,0,0,0,0,0,0,8.75886835420864e-05,0,0,0,0,0,0,0,0,0,0,0,0,0,0,0,0,0,0,0,0,0,0.000619770684846607,0,0,0,0,0,0,0,0,0.00203118857292622,0,0,0,0,0,0,0,0,0.000111982082866741,0,0,0.000185459940652819,0,0,0,0,8.47199159578434e-06,0,0,0,0,0,0,0,0,0,0,0,0,0,0,0.00226485696935878,0,0,0,0,0,0,0,0,0,5.94082933977583e-05,0,0,0,0,0,0,0,0,3.26675682915515e-06,0,0,0,0,0,0,0,0,0,0,0,0,0,0,0,1.29428057414286e-05,0,0,0,0,0,0.000451977401129943,0,0,0,0.000172920629431091,0,0.000402998307407109,0,0,0,0,0,0,0,0,0,0,0,0,0,0,0,0,0,0,0,0,7.24165399377218e-05,0,0,0,0,0,0,0.000108260257659413,0,0,1.05767501877373e-05,0,0,0,0,0,0,0,0,0,0,0,0,0,0,0,0,0,0,0,0,0,0,0,0,0,0,0,0,0,0,0,0,0,0,0,0,0,0,0,0,0,0,0,0,0,0,0,0,0,0,0,0,0,0,0.000273897562311695,0,0,0,0,0,0,0,0,0,6.99581999755146e-05,0,0,0,0,0,0,8.19014234467395e-06,0,0,0,0,0,0,0,0,0,0.000110150355234896,0,0,0,0,0,0,0,0,8.16191742375933e-08,0,0,4.26564746129991e-06,0,2.83136129019471e-06,0,0,0,0,0,0,0,0,0,0,0,0,0.00019782393669634,0,0,0,0,0,0,0,0,0,0,0,0,0,0,0,0,0,0,0,0,0,0,0,0,0,0,2.40471323794638e-05,0,0,0,0,0,2.38782124336023e-05,0,0,0,0,0,0,0,0,0,0,0,0,4.84439793822424e-06,0,0,0,0,0,0,0,0,0,0,0,0,0,0,0,0,0,0,0,0,0,0,0,0,0.00217211419114605,0,0,0,0,1.67156993848623e-05,0,0,0,0,0,0,0,0,0,0,0,0,0,0,0,0,0,0,0,0,0,0,0,0,0,0,0,0,0,0,0,0,0,0,0,0,0,0,0,0,0,3.09386795371574e-05,0,0,0,0,0,0,0,0,0,0,0,0,0,0,0,0,0.000121796745590958,0,0,0,0,0,0,0,0,0,0,0,0,0,0,0,0,0,0,0,0,0,0,0,0,0,0,0,0,0,0,0,0,0,0,0,0,0,0,0,0,0,0,0,0,0,0,0,0,0,0,0,0,0,0,0,0,0,0,0,0,0,0,0,0,0,0.000128139415684264,0,0,0,0,0,0,0,0,0,0,0,0,0,0,0,0.000157952930026852,0,0,0,0,0,0,0,0,0,0,0,0,0,0,0,0,0,0,0,0,2.38685131348428e-06,0,0,0,0,6.95732838589981e-05,0,0,0,0,0,0,0,0,0,0,0,0.97700744911725,0,0,0,0.000113507377979569,0,0,0,0,0,0,0,0,0,0,0,0,0,0,0,0,0,0,0,0,0,0,2.84867821330902e-05,0,0,0,0,0,2.83350334353395e-05,0,0,0,0,0,0,0,0,0,0,0,0,0,0,0,0,0,0,0,0,0,0,0,0,0,0,0,0,0,0,0,0,0,0,0,0,0,0,0,0,0,0,0,0,0,7.93704337197351e-06,0,0,0,0,0,0,0,0,5.71363272768826e-05,0.00161498708010336,0,0,0,0,0,0,0,0,0,0,0,0,0,0,4.79156684235745e-08,0,0,0
0,0,0,0,0,0,0,0,0,0,0,0,0,0,0,0,0,0,0,0,0,0,0,0,0,0,0,0,0,0,0,0,0,0,0,0,0,0,0,0,2.21695080586162e-05,0,0,0,0,0,0,0,0,0,0,0,0,0,0,0,0.00216590859865714,0,0,0,0,0,0,0,0,0,5.71559213534522e-05,0,0,0,0,0,0,0,0,0,0,0,0,0,0,0,0,0,0,0,0,0,0,0,0,0,0,0,0,0,0,0,0,8.2060035121695e-06,0,0,0,0,0,0,0,0,0,0,0,0,0,0,0,0,0,0,0,0,0,0,0,0,0,0,0,0,0,0,0,0,0,0,0,0,0,0,0,0,0,0,0,0,0,0,0,0,0,0,0,0,0,0,0,0,0,0,0,0,0,0,0,0,0,0,2.46889196128777e-05,0,0,0.000119583848208235,0,0,0,0,0,0,0,0,0,0,0,0,0,0,0,0,0,0,0,0,0,0,0,0,0,1.92722787542399e-05,0,0,1.82575038340758e-05,0,0,0,0,0,0,0,0,0,0,0,3.76789751318764e-05,0,0,0,0,0,0,0,0,0,0,0,0,0,0,0,0,0,7.55306024824391e-05,0,0,0,0,0,0,0,0,0,0,0,0,0,1.74895499938787e-05,0,0,0,0,0,0,0.000237514127995545,0,0,0,0,0,0,0,0,0,0,0,0,0,0,0,0,0,0,0,0,0,2.84376497419994e-06,0,2.83136129019471e-06,0,0,0,0,0,0,0,0,0,0,0,0,0,0,0,0,0,0,0,0,0,0,0,0,0,0,0,0,0,0,0,0,0,0,0,0,0,0,0,0,0,0,0,0.00064034151547492,0,2.17074658487294e-06,0,0,0,0,0,0,0,0,0,0,0,0,0,0,0,0,0,0,0,0,0,0,0,0,0,0,0,0,0,0,0,0,0,0,1.58963557604419e-05,0,0,0,0,2.33399463181235e-05,0,0,0,0,0,0,0,0,0,0,0,0,0,0,0,0,0,0,0,0,0,0,0,0,0,0,0,0,0,0,0,0,0,0,0,0,0,0,0,0,0,0,0,0,0,0.000304710829422878,0,0,0,0,0,0,0,0,0,0,0,0,0,0,0,0,0,4.65116279069767e-05,0,0,0,0,0,0,0,0,0,0,0,0,0,0,0,0,0,0,0,0,0,0,0,0,0,0,0,0,0,0,5.16155672550841e-05,0,0,0,0,0,0,0,0,0,0,0,0,0,0,0,0,0,0,0,0,0,0,0,0,0,0,0,0,0,0,0,0,0,0,0,4.54256382302171e-05,0,0,0,0,0,0,0,0,0,0,0,0,0,0,0,0,0,0,0,0,0,0,0,0,0,0,0,0,0,0,0,0,0,0,0,0,0,0,0,0,0,0,0,0,0,0,0,0,0,0,0,0.981671236830711,0,0,0,0,0,0,0,0,0,0,0,0,0,0,0,0,0,0,0,0,0,0,0,0,0,0,0,0,0,8.7123192193762e-05,0,0,0,0,0.000211662609799979,0,0,0,0,0,0,0,0,0,0,0,0,0,3.04766548823601e-05,0,0,0,0,0,0,0,0,0,0,0,0,0,0,0,0,0,0,0,0,0,0,0,0,0,0,0,0,0,0,0,0,0,0,0,0,0,0,0,0,0,0,0,0,0.000240384615384615,0,0,0,0,0,0,0,0,0,0,0,0
0,0,0,0,0,0,0,0,0,0,0,0,0,0,0,0,0,0,0,0,0,0,0,0,0,0,0,0,0,0,0,0,0,0,0,0,0,0,0,0,0,0,0,0,0,0,0,0,0,0,0,0,0,0,0,0,0,0,0,0,0,0,0,0,0,0,0,0,0,0,0,0,0,0,0,0,0,0,0,0,0,0,0,0,0,0,0,0,0,0,0,0,0.000142816338189089,0,0,0,0,0,0,0,0,0,0,0,0,0,0,0,0,0,0,0,0,0,0,0,0,0,0,0,0,0,0,0,0,0,0,0,0,0,0,0,0,0,0,0,0,0,0,0,0,0,0,0,0,0,0,0,0,0,0,0,0,0,0,0,0,0,0,0,0,0,0,0,0,0,0,0,0,0,0,0,0,0,0,0,0,0,0,0,0,0,0,0,0,0,0,0,0,0,0,1.01514597799164e-05,0,0,0,0,0,0,0,0,0,0,0,0,0,0,0,0,0,0,0,0,0,0,0,0,0,0,0.00288357563378589,0,0,0,0,0,0,0,0,0,0,0,0,0,0,0,0,0,0,0,0,0,0,0,0,0,0,0,0,0,0,0,0,0,0,0,0,0,0.00125976316452507,0,0,0,0,0,0,0,0,0,0,0,0,0,0,0,0,0,0,0,0,0,0,0,0,0.000240038406144983,0,0,0,0,0,0,0,0,0,0,0,0,0,0,0,0,0,0,0,0,0,0,0,0,0,0,0,0,0,0,0.000962261840194552,0,0,0,0,0,0,0,0,0,0,0,0,0,0,0,0,0,0,0,0,0,0,0,0,0,0,0,0,0,0,0,0,0,0,0,0,0,0,0,0,0,0,0,0,0,0,0,0,0,0,8.34724540901503e-05,0,0,0,0,0,0,0,0,0,0,0,0,0,0,0,0,0,0,0,0,0,0,0,0,0,0,0,0,0,0,0,0,0,0,0,0.000202949533216074,0,0,0,0,0,0,0,0,0,0,0,0,0,0,0,0,0,0,0,0,0,0,0,0,0,0,0,0,0,0,0,0,0,0,0,0,0,0,0,0,0,0,0,0,0,0,0,0,0,0,0,0,0,0,0,0,0,0,0,0,0,0,0,0,0,0,0,0,0,0,0,0,0,0,0,0,0,0,0,0,0,0,0,0,0,0,0,0,0,0,0,0,0,0,0,0,0,0,0,0,0,0,0,0,0,0,0,8.30514428942431e-07,0,0,0,0,0,0,0,0,0,0,0,0,0,0,0,0,0,0,0,0,0,0,0,0,0,0,0,0,0,0,0,0.000203832042397065,0,0,0,0.978377173428444,0,0,0,0,0,0,0,0,0,0,0,0,0,0,0,0,0,0,0,0,0,0,0,0,0,0,0,0,0,0,0,0,0,0,0,0,0,0,0,0,0,0,0,0,0,0,0,0,0,0,0,0,0,0,0,0,0,0,0,0,0,0,0,0,0,0,0,0,0,0,0,0,0,0,0,0,0,0,0,0,0,0,0,0,0,0,0,0,0,0,0,0,0,0,0,0,0,0,0,0,0,0,0,0,1.14503816793893e-06
0,0,0,2.5990790596532e-05,0,0.000193600132754377,0.00835889109387215,0.0173972033175044,0,0,0,0,0,0,0,0,3.93344609212131e-05,0,0,1.68544533679411e-05,1.26873498663599e-05,0,2.46228598630969e-05,0,0,0,0,1.8379650051463e-05,4.4531528322052e-05,0.000100677897845493,0,0,0,0,0,0,0,0,0,0,0,7.74035744970703e-06,0,0,0,0,0,0,0,0,0,0,0,0,0,0,0,0,0,0,0.000233361602340446,0,0.000103567244269819,0,0,0,0,0,0,0,0,0,0,1.23718890884887e-05,0.00130206637934402,0,0,0,0,0,0,0,3.19693094629156e-05,0,0,0,0,0,0,0,0,0.000137971814329358,0,5.537217794157e-05,0,6.03536725209729e-05,0,4.08588530919937e-05,3.17536929544906e-06,0,0,5.71521881123449e-05,0,0,0,0.00240951759449827,0,0,0,0,0,1.21598287896106e-05,0,0,6.92574493312501e-06,0,0,3.47898691900918e-05,9.80027048746545e-06,0,0,0,0,0,0,1.67989866851232e-05,0,0,0,2.20266743025804e-05,2.24769611148573e-05,0,0,0,0,0,0,0,0,0,0,0,0,0,0,0,0,0,0,0,0,0,0,0,0,0,0,0,0,3.35502918875394e-05,0,0,0,0,0,0,0,0,0,0,0,0.000126382306477093,0,1.06086163181736e-05,0,0,0,0,0,0,0,0,0,0,0,0.000152687296416938,0.000262881177707676,3.96384969081972e-05,3.81058835484199e-05,0,0,0,0.000496847212175679,0.000631766460450729,0,0,0,5.31575590048905e-05,0,0,0,0,0,0,0.0018342448464451,0,0,0,1.7028232809999e-05,0.000180336737872354,0,8.55937208446388e-06,0,7.32235955714369e-05,0,0,0,0,0,0,0,0,0,0,0,0,7.98570558699927e-05,0,0,0,6.30424275537437e-05,0,0,0,0,0,2.12143069285926e-05,0,0,0,0,0,0,0,0,0,0,0,0,0,0,0,0,0,0,0,0,0,0,0,0,0,2.65380103922849e-06,0,7.45156482861401e-05,0,0,0,0.000261915930128437,0,2.20157632865131e-05,0,0,0,0,0,3.32845160431367e-05,0,0,6.82691293203498e-05,0,0,0,0,0.00102667452516303,0,0,0,0,0,0,0,0,0,0,2.25463891957703e-05,0,0,0,9.54077089428826e-05,0,0,0,0,0,0.00111140513363324,0,0,0,0,0,0,0,0,0,0,7.14183688044565e-05,0,0,2.17074658487294e-06,0,0,0,0,0.000111756817165847,5.62682871933378e-05,0,1.07308802541072e-05,0,0,0,0,0,0,0,0,6.6554854511088e-06,0,2.4822518989227e-05,0,0,5.00853537904178e-05,0.00418121263191686,0,0.000122737035900583,0,0,0,0,0,0,0,0,0,0,0.000572640509013786,0,0,0,0,0,0,0,0,0,0,0,0,0,0,0,0,0,0,0,0,3.55728413214125e-05,0,0,0,0,0,1.36521566994546e-05,0,0,0,0,0,0,0,0,5.00375281461096e-05,0,0,6.1012440436605e-06,0,8.34734992508254e-06,0,0,0,0,4.05794749015948e-05,0.00389796457414537,0,0,0,0,0,0,3.32369461893841e-05,0,3.69515672232447e-05,0,0,0,0,0,0,0,0,0,0,0,0,5.94078228221092e-06,0,1.41622498150056e-05,0,8.95575855274942e-05,0,0,0,6.32405613462191e-05,0.000108038029386344,0,0,0,0,0,0,0,0,8.825346394846e-05,7.37327188940092e-05,0,0,0,6.52656311186529e-05,8.52514919011083e-05,0,0,0,0,0,0,0,0.000161047884904445,0,9.33532486930545e-05,0,0,0,0,0,0.000671923730317706,0.000202234693361646,0,0,0,0,0,0,0,0,1.31675971768672e-05,0,2.92860071457857e-05,0,3.48517059910083e-05,0,0,0,0,0,0,0.000123452435540193,0,0,0,4.05284915295453e-05,0,0,0,0,0,0.000114281982629139,0,0,0,0,2.80847159855083e-05,0,0,0,0,0,0.000151469251741896,2.15933751525032e-05,0,0,0,0,2.46037430494426e-05,0,0,1.98706816041204e-05,1.57006293709431e-05,0,0,0,0,0,0,0,4.05764723292327e-05,0.00160972992309068,1.30874635186954e-05,0,0,0,0.000466200466200466,0,0,0,3.23606268253416e-05,0,0,0,0,0,0,0,0,0,0.956323719779411,0,0,9.09897409067128e-05,0,0,4.82951801410219e-05,0,0,0,0,0,1.18133490844654e-05,3.08838971360333e-05,0,6.92343374620077e-06,0,1.67302415846885e-05,0,0,0,0,0,0,0,0.00010840500108405,0,0,0,0,0,0,0,0,3.77461758405602e-05,0,0,0,0,5.44615810344168e-05,0,0.000134651118950798,0,0,0,0,0,0,0,0,1.38513747489438e-05,1.64249462083012e-05,5.72803299347004e-05,0,0.000593302276522809,0,0,0,0,0,0,0,0,0,0,0,0,0,5.48787180331467e-05,0,0,0,0,0,0,0,7.93704337197351e-06,0,0,3.83965596682537e-05,0,0,0,0,0.000167916713310198,0,0,0,0,0,0,0,0,5.76493478417525e-05,3.06032668987414e-05,0,0,0.000112998606350522,0,0,0,2.39578342117873e-07,1.82260024301337e-07,0,0
0,0,0,0,0,0,0,0,0,0,0,0,0,0,0,0,0,0,0,0,0,0,0,0,0,0,0,0,0,0,0,0,0,0,0,0,0.00289042655688885,0,0,0,0,0,0,0,0,0,0,0,0,0,0,0,0,0,0,0,0,0,0.000464828013634955,0,0,0,0,0,0,0,0,0.000131044424059756,0,0,0,0,0,0,0,0,0,0,0,0,0,5.76003686423593e-05,0,0,8.47199159578434e-06,0,0,0,0,0,0,0,0,0,0,0,0,0,0,6.5648028097356e-05,0,0,0,0,0,0,0,0,0,0.000633688462909422,0,0,0,0,0,0,0.00238284352660842,0,0,0,0,0,0,0,0,0,0,0,0,0,0,0,0,0,5.17712229657145e-05,0,0,0,0,0,7.53295668549906e-05,0,0,0,0.00259380944146637,0,0,0,0,0,0,0,0,0,0,0,0,0,0,0,0,0,0,0,0,0,0,0,0,0,0,0,0,0,0,0,0,0,0,0,0,0,0,0,0,0,0,0,0,0,0,0,0,0,0,0,0,0,1.82575038340758e-05,0,0,0,0,0,0,0,0,0,0,0,0,0,0,0,0,0,0,0,0,0,0,0,0,0,0,0,0,0,0,0,0,0,0.000273897562311695,0,0,0,0,0,0,0,0,0,8.74477499693933e-05,2.39097169089518e-05,0,0,0,0,0,0,0,0,0,0,0,0,0,0,0,0,0,0.00179018976011457,0,0,0,0,0,0,0,0,0,2.84376497419994e-06,0,0,0,0,0,0,0,0,0,0,0,0,0,0,0,0,0,0,0,0,0,0,0,0,0,0,0,0,0,0,0,0,0,0,0,0,0,0,0,0,0,1.20235661897319e-05,0,0,0,0,0,0,0,0,0,0,0,0,0,0,0,0,0,0,0,0,0,0,0,0,0,0,0,0,0,0,0,0,0,0,0,0,0,0,0,0,0,0,0,0.00072403806371535,0,0,0,0,0,0,0,0,0,0,0,0,0,0,0,0,0,0,0,0,0,0,0,0,0,0,0,0,0,0,0,0,0,0,0,0,0,0,0,0,0,0,0,0,0,0,0,0,0,0,0,0,0,0,0,0,0,0,0,0,0,0,0,0,0,0,0,0,0,0,0,0,0,0,0,0,0,0,0,0,0,0,0,0,0,0,0,0,0,0,0,0,0,0,0,0,6.45194590688552e-05,0,0,0,0,0,0,0,0,0,0,0,0,0,0,0,0,0,0,0,0,0,0,0,0,0,0,0,0,0,0,0,0,0,0,0,0,0,0,0,0,0,0,0,0,0,0,0,0,0,0,0,0,0,0,0,0,0,0,0,0,0,0,0,0,0,0,0,0,0,0,0,0,0,0,2.3191094619666e-05,0,0,0,0,0,0,0,0,0,0,0,0,0,0,0,0.982633371169126,0,0,0,0,0,0,0,0,0,0,0,0,0,0,0,0,0,0,0,0,0,0,2.84867821330902e-05,0,0,0,0,0,0,0,0,0,0,0,0,0,0,0,0,0,0,0,0,0,0,0,0,0,0,0,0,0,0,0,0,0,0,0,0,0.000718648939992814,0,0,0,0,0,0,0,0,0,0,0,0,0,0,3.96852168598675e-06,0,0,0,0,0,0,0,0,0,0.000387596899224806,0,0,0,0,0,0,0,0,0,0,0,0,0,0,0,0,0,0
0.000328731097961867,0,0,0,0,0,0,0,0,0.00035778175313059,0,0,0,0,0,0,0,0,0,0,0,0,0,0,0,0,0,0,0,0,0,0,0,0,0,0,0,0,0,0,0,0,0,0,0,0,0,0,0,0,0,0,0,0,0,0.000270197243988111,0,0,0,0,0,0,0,0,0,0,0,0,0,0,0,0,0,0,0,5.12735056977683e-05,0,0,0,0.000185459940652819,0,0,0,0,0,0,0,0,0,0,0,0,0,0,0,0,0,0,0,0,0,0,0,0,0,0,0,0,0,0,0,0,0,0,0,0,0,0,0,0,0,0,0,0,0,0,0,0,0,0,0,0,0,0,0,0.00216128596514926,0,0,0,0,0,0.000367917586460633,0,0,0,0,0,0,0,0,0,0,0,0,0,0,0,0,0,0,0,0,0,0,0,0,0,0,0,3.98612827360784e-05,0,0,0,0,0,0,0,0,0,0,0,0.000141502759303806,0,0,0,0,0,0,0,0,0.0081414935429534,5.07572988995818e-06,0,0,0,0,0,0,0,0,0,0,0,0,0,0,0,0,0,0,0,0,0,0,0,0,0,0,0,0,0,0,0,0,0,0,0,0,0,0,0,0,0,0,8.08812824536146e-06,0,0,0,0,0,0,0.00163934426229508,0,0,0,0,0,0,0,0,0,0,0,0,0,0,0,4.18616722900846e-06,0,0,0,0,0,0,0,0,0,0,0,0,0,0,0,0,0,0,0,0,0,0,0,0,0,0,0,0,0,0,0,0,0,0,0,0,0,0,0,0,0,0,0,0,0,0.000171526586620926,0,0,0,0,0,0,0,0,0,0,0,0,0,0,0,3.69026919428399e-05,0,0,0,0,5.58784085829236e-05,0,0,0,0,0,0,0,0,0,0,0,0,0,0,0,0,0,0,0,0,0,0,5.16862643752423e-06,0,0,0,0,0,0,0,0,0,0,0,0,0,0,6.6862797539449e-05,0,0,0,0,0,0,0,0,0,0,0,0,0,0,0,0,0,0,0,0,0,0,0,0,0,0,0,0,0,0,0,0,0,0,0,0.000123152709359606,0,0,0,0,0,0,0,0,0,0,0,4.66113545259625e-05,0,0,0,0,0,0,0,0,0,0,0,4.37171847881684e-06,0,0,0,0,0,0,0,0,0,0,0,0,0,0,0,0,0,0,0,0,0,0,0,0,0,0,0,0,0,0,0,0,0,0,0,0,0,0,0,0,0.000175300201595232,0,0,0,0,0,0,0,0.000321527502967946,0,0,0,0,0,0,0,0,0,0,0,0,0,0,0,0,0,0,0,0,0,0,0,0,0,0,0,0,0,0,0,0.000157952930026852,0,0,0,0,0,0,0,0,0,0,0,0,0,0,0,0,0,0,0,0,0,0,0,0,0,0,0,0,0,0,0,0,0,0,0,0,0,0,0,0,0,0,0.967506736408306,0,0,0,0,0,0,0,0,0,0,0,0,0,0,0,0,0,0,0,0,0,0,0,0,0,0,0,0,0,0,0,0,0,0,0,0,0,0,0,0,0,0,0,0,0,0,0,0,0,0,0,0,0,0,0,0,0,0,0,0,0,0,0,0,0,0,0,0,0,0,0,0,0,0,0,0,0,0,0,0,0,0,5.71363272768826e-05,0,6.23208276205908e-05,0,0,0,0,0,0,0,0,0,0,0,0,0,0,0,0,0
0,0,0,2.5990790596532e-05,0,0,5.44086778977632e-05,4.01193367908907e-05,0,0,0,0,0,0,0,0,0,0,0,2.52816800519117e-05,1.69164664884799e-05,0.00012531328320802,0.000599156256668691,0,0,0,0,0,2.2265764161026e-05,0,0,0,0,0,0,0,0,0,0,0,0,1.54807148994141e-05,0,0,0,0,0,0,0,0,0,0,0,0.000246609124537608,0,0,0,0,0,0,5.69174639854747e-06,0,0.0111723164756067,0,0,0,0,0,0,0,0,0,0,7.42313345309322e-06,0.00114581841382274,0,0,0,0,0,0,0,0,0,0,0,1.58105266486427e-05,0,0,0,0,0.00193160540061102,0,6.15246421573001e-06,0,6.03536725209729e-05,0,0,0,0,0,0,0,0,0,4.30270999017548e-05,0,3.66260117935758e-05,0,0,0,0,0,0,2.77029797325e-06,0,0,0,0,0,0,0,0,0,3.92958189248664e-05,1.34391893480985e-05,0,0,0,0,0,0,0,0,0,0,0,0,0,0,0,0,0,0,0,0,0,0,0,0,0,0,0,0,0,8.10418743364697e-06,0,0,0,0,0,0,0,0,0,0,0,0,0,0,0,0,0,0,0,0,0,0,0,0,0,0,0,0,0,0,0,0,1.27019611828066e-05,0,0,0,3.65328832482117e-06,3.10704816615113e-05,0,0,0,0,0,0,0,0,0,0,8.41396718552798e-06,0,0,0,6.81129312399959e-05,0,0,0,0,0,0,0,0,0,0,0,0,0,0,0,0,0,0.000349374619431218,0,0,0,0.000140094283452764,0,0,0,0,0,0,0,0,0,0,0,0,0,0,0,0,0,0,0,0,0,0,0,0,0,0,4.18616722900846e-06,0,0,0,0,0,0,0,0,0,0,8.37412727677707e-05,0,0,0,0,0,0,0,0.000299560644388231,0,9.13876297704343e-06,1.24125689673363e-05,0,0,0,0,1.90124912067228e-05,0,0,0,0,0,0,0,0,0,0,0,0,0,0,6.36051392952551e-05,0,0,0,0,0,0,0,0,0,0,0,0,0,0,0,0,0,0,0,0,0,0,0,0,0,0,0,0,0,0,0,0,0,0,0,0,0,0,2.4822518989227e-05,0,0,1.66951179301393e-05,3.21014405521448e-05,0,6.13685179502915e-05,0,0,0,0,0,0,0,0,0,0,0,0,0,0,0,0,0,0,0,0,0,0,0,0,0,0,0,0,0,0,0,1.77864206607062e-05,0,0,0,0,0,0,0,0,0,0,0,0,0,0,0,0,0,6.1012440436605e-06,0,0,0,0,0,0,0,3.20161361326108e-05,0,0,0,0,0,0,0,0,5.95993019729753e-06,0,0,0,0,0,0,0,0,0,0,0,0,0,0,0,0,0,0,0,0,0,1.96432780702444e-05,0,0,0,0,0,0,0,0,0,0,0,0,0,6.52656311186529e-05,0,0,0,0,0.000148720999405116,0,0,0,0,0,0,0,0,0,5.03068719187041e-05,0,1.26778062324095e-05,0,0,0,0,0,0,0,0,0,0,0,0,0,1.74258529955041e-05,0,0,0,0,0,0,1.76360622200275e-05,0,0,0,0,0,0,0,0,0,0.000146933977666035,0,0,0,0,6.24104799677962e-06,0,0,0,0,0,0,6.64411543153945e-06,0,0,0,0,2.73374922771584e-06,0,0,3.97413632082408e-06,6.7288411589756e-06,0,0,0,0,0,0,0,0.000949966822766743,0,0,0,0,0,0,0,3.66099212886692e-05,0,8.0901567063354e-06,0,0,0,0,0,0,0,0,0,2.24479768137342e-05,0,0,0.976211869611701,0,0,4.82951801410219e-05,0,0,0,0,0,0.00187832250443001,1.02946323786778e-05,0,0,0,0,0,0,0,0,0,0,0,1.8067500180675e-05,0,0,0,0,0,0,0,0,9.43654396014004e-06,0,0,0,0,2.94386924510361e-06,0,0,0,0,0,0,0,0,0,0,0,0,1.59514842856128e-05,0,1.09870791948668e-05,0,0,0.000104887770086008,0,0,0,0,0,0,0,0,0,0,0,0,0,0,0,0,0,0,3.96852168598675e-06,0,0,0,0,0,0,0,0,0,0,0,0,0,0,0,0,2.88246739208763e-05,0,0,0,0,0,0,0,1.43747005270724e-07,0,0,0
8.21827744904668e-05,0,0,0,0,0,0,0,0,0,0,0,0,0,0,0,0,0,0,0,0,0,0,0,0,0,0,0,0,0,0,0,0,0,0,0,0,0,0,0,0,0,0,0,0,0,0,0,0,0,0,0,0,0,0,0,0,0,0,0,0,0,0,0,0,0,0,0,0,0,0,0,0,0,0,0,0,0,0,0,0,0,0,0,0,0,0,0,4.83161810890467e-05,0,0,0,0,0,0,0,0,0,0,0,0,0,0,0,0,0,0,0,0,0,0,0,0,0,0,0,0,0,0,0,0,0,0,0,0,0,0,0,0,0,0,0,0,0,0,0,0,0,0,0,0,0,0,0,0,0,0,0,0,0,0,0,0,0,0,0,0,0,0,0.0014426625511642,0,0,0,0,0,0,0,0,0,0,0,0,0,0,0,0,0,0,0,0,0,0,0,0,0,0,0,0,0,0.00411522633744856,0,0,0,0,0,0,0,0,0,0,0,0,0,0,0,0,0,0,0,0,0,0,0,0,0,0,0,0,0,0,0,0,0,0,0,0,0,0,0,0,0,0,0,0,0,0,0,0,0.000230738573196568,0,0,0,0,0,0,0,0,0,0,0,0,0,0,0,0,0,0,4.18616722900846e-06,0,0,0,0,5.30760207845697e-06,0,0,0,0,0,0,0,0,0,0,0,0,0,0,0,0,0,0,0,0,0,0,0,0,0,0,0,0,0,0,0.000549752611324904,0,0,0,0,0,0,0,0,0,0,0,0,0,0,0,0,0,0,0,0,0,0,0,0,0,0,0,0,0,0,0,0,0,0,0,0,0,0,0,0,0,0,0,0,0,0,0,0,0,0,0,0,0,0,0,0,0,0,0,0,0,0,0,0,0,0,0,0,0,0,0,0,0,0,0,0,0,0,0,0,0,0,0,0,0,0,0,0,0,0,0,0,0,0,0,0,0,0.00130097573179885,0,0,0,0,0,0,0,0,0,0,0,0,0,0,2.64219407796234e-05,0,0,0,0,0,0,0,0,0,0,0,0,0,0,0,0,0,0,0,0,0,0,0,0,0,0,0,0.00108225108225108,0,0,0,0,0,0,0,0,7.37327188940092e-05,0,0,0,0,0,0,0,0,0,0.0112179487179487,0,0,0,0,0,0,0,0,0,0,0,0,0,0,0,0,0,0,0,0,0,0,0,0,0,0,0,0,0.0017043415859347,0,0,0,0,0,0,0,0,0,0,0,0,0,0,0.00019855496111632,0,0,0,0,0,0,0,0,0,0,0,0,0,0,0,0,0,0,0,0,0,0,0,0,0,0,0,0,0,0,0,0,0,0,0,0,0,0,0,0,0,0,0,0,0,0,0,0,0,0,0.979179362177534,0,0,0,0,0,0,0,0,0,0,0,0,0,0,0,0,0,0,0,0,0,0,0,0,0,0,0,0.000107169649555246,0,0,0,0,0,0,0,0,0,0,0,0,0,0,0,0,0,0,0,0,0,0,0,0,0,0,0,0,0,0,0,0,0,0,0,0,0,0,0,0,0,2.25275963054742e-05,0,0,0,0,0,0,0,0,0,0,0,0,0,0,0,0,0,0,0,0,0,0,0,0,0,0,0,0,9.02527075812274e-08,0
0,0,0,0,0,0,0,0,0,0,0,0,0,0,0,0,0,0,0,0,0,0,0,0,0,0,0,0,0,0,0,0,0,0,0,0,0,0,0,0,0,0,0,0,0,0,0,0,0,0,0,0,0,0,0,0,0,0,0,0,0,0,0,0,0,0,0,0,0,0,0,0,0,0,0,0,0,0,0,0,0,0,0,0,0,0,0,0,0,0,0,0,0,0,0,0,0,0,0,0,0,0,0.000209336403600586,0,0,0,0,0,0,0,0,0,0,0,0,0,0,0,0,0,0,0,0,0,0,0,0,0.00279173646007817,0,0,0,0,0,0,0,0,0,0,0,0,0,0,0,0,0,0,0,0,0,0,0,0,0,0,0,0,4.57847506257249e-05,0,0,0,0,0,0,0,0,0,0,0,0,0,4.77258626449673e-05,0,0,0,0,0,0,0,0,0,0,0,0,0,0,0,0,0,0,0,0,0,0,0,0,0,0,0,1.82575038340758e-05,0,0,0,0,0,0,2.68716074595582e-05,0,0,0,0,0,0,0,0,0,0,0,0,0,0,0,0,0,0,0,0,0,0,0,0,0,0,0,0,2.42643847360844e-05,0,0,0,0,0,0,0,0,0,0,0,0,0,0,0,0,0,0,0,0,0,0,0,0,0,0,0,0,0,0,0,0,0,0,0,0,0,0,0,0,0,0,0,0,0,0,0,0,0,0,0,0,0,0,0,0,0,0,0,0,0,0,0,0,0,0,0,0,0,0,0,0,0,0,0,0,0,0,0,0,0,0,0,0,0,0,0,0,0,0,0,0,0,0,0,0,0,0,0,0,0,0,0,0,0,0,0,0,0,0,0,0,0,0,0,0,0,0,0,0,0,0,0,0,0,0,0,0,0,0,0,0,0,0,0,0,0,0,0,0,0,0,0,0,0,0,0,0,0,0,0,0,0,0,0,0,0,0,0,0,0,0,0,0,0,0,0,0,0,0,0,0,0,0,0,0,0,0,0.000703482237073514,0,0,0,0,0,0,0,0,0,0,0,0,0,0,0,0,0,0,0,0,0,0,0,0,0,4.54256382302171e-05,0,0,0,0,0,0,0,0,0,0,0,0,0,0,0,0,0,0,0,0,0,0,0,0.000175300201595232,0,0,0,0,0,0,0,4.94657696873763e-05,0,0,0,0,0,0,0,0,0,0,0,0,0,0,0,0,0.000580248346292213,0,0,0,0,0,0,0,0,0,0,0,0,0,0,0,0,0,0,0,0,0,0,0,0,0,0,0,0,0,0,0,0,0,0,0,0,0,0,0,0,0,0,0,0,0,0,0,0.000334448160535117,0,0,0,0,0,0,0,0,0,0,0,0,0.986010362694301,0,0.00341546718711881,0,0,0,0,0,0,0,0,0,0,0,0,0,0,0,0,0,0,0,0,0,0.00176159718144451,0,0,0,0,0,0,0,0,0,0,0,0,0,0,0,0,0,0,0,0,0,0,0,0,0,0,0,0,0,0,0,0,0,0,0,0,0,0,0,0,0,0,0,0,0,0,0,0,0,0,0,0,0,0,0,0,0,0,0,0,0.000157711293705742,0,0,0,0,0,0,0,0,0,2.18804017241757e-05,0,0,0,0
0,0,0,0,0,0,2.86361462619806e-06,3.64721243553552e-06,0,0,0,0,0,0,0,0,0,0,0,8.42722668397057e-06,0,0,0,0,0,0,0,0,0,0,0,0,0,0,0,0,0,0,0,0,0,7.74035744970703e-06,0,0,0,0,0,0,0.000495922415693189,3.50680319820452e-05,0,0,0,0,0,0,0,0,0,0,0,0,0,0,0,0,0,0,0,0,0,0,0,0,0,0,0,0,0,0,0,0,0,0,0,0,0,0,4.83161810890467e-05,0,0,0,0,0,0,0,0,2.04294265459969e-05,0,0,0,0.000228608752449379,0,0,0,7.17118331695913e-06,0,0,0,0,0,0,0,0,0,0,0,1.73949345950459e-05,0,0,0,0,0,0,0,0,0,0,0,0,0,0,0,0,0,0,0,0,0,0,0,0,0,0,0,0,0,0,0,0,0,0,0,0,0,0,0,0,0,0,0,0,0,0,0,0,0,0,0,0,0,6.31911532385466e-05,0,1.06086163181736e-05,0,0,0,0,0,0,0,0,0,0,0,0,0,7.92769938163945e-05,0,0,0,0,0,0,0,0,0,0,0,0,0,0,0,0,0,0,0,0,0,0.000245913733462301,0,0,0,2.92894382285748e-05,0,4.30700318718236e-05,0,0,0,0,0,0,0,0,0,0,0,0,0,0,0,0,0,0,0,0,4.24286138571853e-05,0,0,0,0,0,0,0,0,0,0,0,0,0,0,0,0,0,0,0.000115366866635902,0,0,0,0,0,0,0,0,0,0,0,0,5.71334219663153e-07,0,4.40315265730263e-05,0,0,0,0,0,0,0,0,0,0,0,0,0,1.90124912067228e-05,0,0,0,0,0,0,0,0,0,0,0,0,0,0,0,0,6.07330478880083e-05,0,0,0,5.29240539825351e-05,0,0,0,0,0,0,0,0,0,0,0,0,0,0,0,0,0,0,0,0,0,0,0,0,0,0,0,0,0,0,0,0,0,0,0,0,0,0,0,0,0,5.16862643752423e-06,0,0,0,0,0,0,0,0,0,0,0,0,0,0,0,0,0,0,0,0,0,0,0,0,0,0.00213903743315508,0.00012809017548354,0,0,0,0,0,0,0,0,0,0,0,0,0,0,0,0,0,0,0,0.000146429857047852,0,0,0,0,0,0,0,0,0.000171320884015762,0,0,0,0,0,0,0,1.19198603945951e-06,0,0,0,0,0,0,0,0,0,0,0,0,0,0,0,0,0,0,0,0,5.74914194056537e-06,0,0,0,0,0,0,0,0,0,0,0,0,0,0,0,0,0,0,0,0,0,0,0,0,0,0,0,0,0,5.03068719187041e-05,0,0,0,0,0,0,0,0,0,0,0,0,0,0.00304574474316172,0,0,0,0,0,0,0,0,1.76360622200275e-05,0,0,0,0,0,0,0,0,0,0,0,0,0,0,0,0,0,0,0,0,0,8.30514428942431e-07,0,0,0,0,0,0,0,7.94827264164815e-06,0,0,0,0,0,0,0,0,0,8.94294401717045e-05,0,0,0,0,0,0,0,0,2.6967189021118e-06,0,0,0,0,0,0,0,0,0,2.49421964597046e-06,0,0,0,0,0,0.97025016903313,0,0.000166002656042497,0,0,0,0,0,0,0,0,0,0,0,0,0,0,0,0,1.8067500180675e-05,0,0,0,0,0,0,0,0,2.35913599003501e-06,0,0,0,0,0.000157497004613043,0,0.00123879029434735,0,0.00381742738589212,0,0,0,0,0,0,0,0.00109225892285203,7.25067467527853e-07,0,1.09870791948668e-05,0,0,0,0,0,0,0,0,0,0,0,0,0,0,0,0,0,0,0,0,0,0,0,0,0,0,0,0,0,0,0,0,0,0,0,0,0,0,0,0,0,0,7.53324042336811e-05,0,0,0,0,0,0,0
0,0,0,0,0,0,0,0,0,0,0,0,0,0,0,0,0,0,0,0,0,0,0,0,0,0,0,0,0,0,0,0,0,0,0,0,0,0,0,0,0,0,0,0,0,0,0,0,0,0,0,0,0,0,0,0,0,0,0,0,0,0,0,0,0,0,0,0,0,0,0,0,0,0,0,1.28183764244421e-05,0,0,0,0,0,0,0,0,0,0,0,0,0,0,0,0,0,0,0,0,0,0,0,0,0,0,0.000209336403600586,0,0,0,0,0,0,0,0,0,0,0,0,0,0,0,0,0,0,0,0,0,0,0,0,0,0,0,0,0,0,0,0,0,0,0,0,0,0,0,0,0,0,0,0,0,0,0,0,0,0,0,0,0,0,0,0.000146530881383252,0,0,0,0,0,0,0,0,0,0,0,0,0,0,0,0,0,0,0,0,0,0,0,0,0,0,0,0,0,0,0,0,5.07572988995818e-06,0,0,0,0,0,0,0,0,0,0,0,0,0,2.68716074595582e-05,0,0,0,0,0,0,0,0,0,0,0,0,0,0,0,0,0,0,0,0,0,0,0,0,0,0,0,0,5.66168977175302e-05,0,0,0,0,0,0,0,0,0,0,0,0,0,0,0,0,0,0,0,0,0,0,4.18616722900846e-06,0,0,0,0,0,0,0,0,0,0,0,0,0,0,0,0,0,0,0,0,0,0,0,0,0,0,0,0,0,0,0,0,0,0,0,0,0,0,0,0,0,0,0,0,0,0,0,0,0,0,0,0,0,0,0,0,0,0,0,0,0,0,0,0,0,0,0,0,0,0,0,0,0,0,0,0,0,0,0,0,0,0,0,0,0,0,0,0,0,0,0,0,0,0,0,0,0,0,0,0,0,0,0,0,0,8.34724540901503e-05,0,0,0,0,0,0,0,0,0,0,0,0,0,0,0,0,0,0,0,0,0,0,0,0,0,0,0,0,0,0,0,0,0,0,0,0,0,0,0,0,0,0,0,0,0,0,0,0,0,0.000351741118536757,0,0,0,0,0,0,0,0,0,0,0,0,0,0,0,0,0,0,0,0,0,0,0,0,0,0,0,0,0,0,0,0,0,0,0,0,0,0,0,0,0,0,0,0,0,0,0,0,0,0.000262950302392848,0,0,0,0,0,0,0,2.47328848436882e-05,0.000207684319833853,0,0,0,0,0,0,0,0,0,0,0,0,0,0,0,0.000116049669258443,0,0,0,0,0,0,0,0,0,0,0,0,0,0,0,0,0,0,0,0,0,0,0,0,0,0,0,0,0,0,9.12075884713608e-05,0,0,0,0,0,0,0,0,0,0,0,0,0,0,0,0,0,0,0,0,0,0,0,0,0,0,0,0,0,0.00431778929188256,0,0.981214930470847,0,0,0,0,0,0,0,0,0,0,0,0,0,0,0,0,0,0,0,0,0,0.00117439812096301,0,0,0,0,0,0,0,0,0,0,0,0,0,0,0,0,0,0,0,0,0,0,0,0,0,0,0,0,0,0,0,0,0,0,0,0,0,0,0,0,0,0,0,0,0,0,0,0,0,0,0,0,0,0,0,0,0,0,0,0,0.000615074045452395,0,0,0,0,0,0,0,0,0,0,0,0,0,0
0,0,0,0,0,0,0,0,0,0,0,0,0,0,0,0,0,0,0,0,0,0,0,0,0,0,0,0,0,0,0,0,0,0,0,0,0,0,0,0,0,0,0,0,0,0,0,0,0,0,0,0,0,0,0,0,0,0,0,0,0,0,0,0,0,0,0,0,0,0,0,0,0,0,0,0,0,0,0,0,0,0,0,0,0,0,0,0,0,0,0,0,0,0,0,0,0,2.04294265459969e-05,0,0,0,0,0,0,0,0,0,0,0,0,0,0,0,0,0,0,0,0,0,0,0,0,0,0,0,0,0,0,0,1.10133371512902e-05,0,0,0,0,0,0,0,0,0,0,0,0,0,0,0,0,0,0,0,0,0,0,0,0,0,0,0,0,0,3.35502918875394e-05,0,0,0,0,0,0,0,0,0,0,0,0,0,0,0,0,0,0,0,0,0,0,0,0,0,0,0,0.00253686380212462,0,0,0,0,0,0,0,0,0,0,0,0,0,0,0,0,0,0,0,0,0,0,0,0,0,0,0,4.30700318718236e-05,0,0,0,0,0,0,0,0,0,0,0,0,0,0,0,0,0,0,0,0,0,0,0,0,0,0,0,0,0,0,0,0,0,0,0,0,0,0,0,0,0,0,0,0,0,0,0,0,0,0,0,0,8.16191742375933e-08,0,0,0,0,0,0,0,0,0,0,0,0,0,0,0,0,0,0,0,0,0,0,0,0,0,0,0,0,0,0,0,0,6.07330478880083e-05,0,0,0,0,0,0,0,0,0,0,0,0,0,0,0,0,0,0,0,0,0,0,0,0,0,0,0,0,0,0,0,0,0,0,0,0,0,0,0,0,0,0,0,0,0,0,0,0,0,0,0,0,0,0,0,0,0,0,0,0,0,0,0,0,0,0,0,0,0,0,0,0,0,0,0,0,0,0,0,0,0,0,0,0,0.000396098430459969,0,0,0,1.05983848061555e-05,0,0,0,7.3214928523926e-05,0,0,0,0,0,0,0,0,0,0,0,0,0,0,0,0,0,0,0,0,0,0,0,0,0,0,0,0,0,0,0,0,0,0,0,0,0,0,0,0,0,0,0,0,0,0,0,0,0,0,0,0,0,0,0,0,0,0,0,0,0,0,0,0,0,0,0,0.000955830566455378,0,0,0,0,0,0,0,0,0,0,0,0,0,2.92860071457857e-05,0,0,0,0,0,0,0,2.14192387602545e-05,0,0,0,0,0,0,0,0,0,0,0,0,0,0,0,0,0,0,0,0,0.000201409869083585,0,0,0,0,0,0,0,0,0,0,0,0,0,0,0,0,0,0,0,4.47147200858523e-05,0,0,0,0,0,0,0,0,0,0,0,0,0,0,0,0,0,0,0,0,0,0,0,0,0,0,0.97808764940239,0,0,0,0,0,0,2.30781124873359e-06,0,0,0,0,0,0,0,0,0,0,0,0,0,0,0,0,0,0,0,0,0,0,0,1.4719346225518e-06,0,0,0,0.00016597510373444,0,0,0,0,0,0,0,1.64249462083012e-05,0,0,0,0,0,0,0,0,0,0,0,0,0,0,0,0,0,0,0,0,0,0,0,0,0,0,0,0,0,0,0,0,0,0,0,0,0,0,0,0,0,0,0,0,0,0,0,0,0,0,0,0,0
0,0,0,0,0,0,0,0,0,0,0,0,0,0,0,0,0,0,0,0,0,0,0,0,0,0,0,0,0,0,0,0,0,0,0,0,0,0,0,0,0,0,0,0,0,0,0,0,0,0,0,0,0,0,0,0,0,0,0,0,0,0,0,0,0,0,0,0,0,0,0,0,0,0,0,0,0,0,0,0,0,0,0,0,0,0,0,0,0,0,0,0,0,0,0,0,0,0,0,0,0,0,0,0,0,0,0,0,0,0,0.00548141086749285,0,0,0,0,0,0,0,0,0,0,0,0,0,0,0,0,0,0,0,0,0,0,0,0,0,0,0,0,0,0,0,0,0,0,0,0,0,0,0,0,0,0,0,0,0,0,0,0,0,0,0,0,0,0,0,0,0,0,0,0,0,0,0,0,0,0,0,0,0,0,0,0,0,0,0,0,0,0,0,0,0,0,0,0,0,0,0,0,0,0,0,0,0,0,0,0,0,0,0,0,0,0,0,0,0,0,0,0,0,0,0,0,0,0,0,0,0,0,0,0,0,0,0,0,0,0,0,0,0,0,0,0,0,0,0,0,0,0,0,0,0,0,0,0,0,0,0,0,0,0,0,0,0,0,0,0,0,0,0,0,0,0,0,7.49456643933148e-05,0,0,0,0,0,0,0,0,0,0,0,0,0,0,0,0,0,0,0,0,0,0,0,0,0,0,0,0,0,0,0,0,0,0,0,0,0,0,0,0,0,0,0,0,0,0,0,0,0,0,0,0,0,0,0,0,0,0,0,0,0,0,0,0,3.89574973703689e-05,0,0,0,0,0,0,0,0,0,0,0,0,0,0,0,0,0,0,0,0,0,0.000504668180671209,0,0,0,0,0.00189426554158774,0,0,0,0,0,0,0,0,0,0,0,0,0,0,0,0,0,0,0,0,0,0,0,0,0,0,0,0,0,0,0,0,0,0,0,0,0,0.00046408019305736,0,0,6.10910868104344e-05,0,0,0,0,0,0,0,0,0,0,0,0,0,0,0,0,0,0,0,0,0,0,0,0,0,0,0,0,0,0,0,0,0,0,0,0,0,0,0,0,0,0,0,0,0,0,0,0,0,0,0,0,0,0,0,0,0,0,0,0,0,0,0,0,0,0,0,0,0,0,0,0,0,0,0,0,0,0,0,0,0,0,0,0,0,0,0,0,0,0,0,0,0,0,0,0,0,0,0,0,0,0,0,0,0,0,0,0,0,0,0,0,0,0,0,0,0,0,0,0,0,0,0,0,0,0,0,0,0,0,0,0,0,0,0,0,0,0,0,0,0,0,0,0,0,0.96916533758639,0,0,0,0,0,0,0,0,0,0,0,0,0,0,0,0,0,0,0,0,0,0,0,0,0,0,0,0,0,0,0,0,0,0,0,0,0,0,0,0,0,0,0,0,0,0,0,0,0,0,0,0,0,0,0,0,0,0,0,0,0,0,0,0,0,0.000317662007623888,0,0,0,0,0,0,0,0,0,0,0,0,0.000215447592373155,0,0,0,0,0,0,0,0,0,0,0,0,0,0,0,0
0,0,0,0,0,0,0,0,0,0,0,0,0,0,0,0,0,0,0,0,2.11455831105999e-06,0.00012531328320802,0,0,0,0,0,0,0,0,0.00058021467943139,0,0,0,0,0,0,0,0,0,0,7.74035744970703e-06,0,0,0,0,0,0,0,0,0,0,0.00014682131845544,0,0,0,0,0,0,0,0,0,0,0,0.000160384923817161,0,0,0,0,0,0,0,0,0,0,0,0,0,0,0,0,0,0,0,0,0,0,0,0,0,0,0,0,0,0,0,0,0,0,0,0,0,0,0,0,0,0,0,0,0,0,0,0,0,0,0,0,5.21848037851378e-05,0,0,0,0,0,0,0,0,0,0,0,0,0,0,0,0,0,0,0,0,0,0,0,0,0,0,0,0,0,0,0,0,0,0,0,0,0,0,0,0,0,0,0,0,0,0,0,0,0,0,0,0,0,0,0,0,0,0,0,0,0,0,0,0,0,0,0,0,0,0,0,0,0,0,0,0,0,0,0,0,0,0,0,0,0,0,0,0,0.000125211294058724,0,0,0,0,0,0,0,0,0,0,0,0,0,0,0,0,0,0,0,0,0,0,0,7.00471417263819e-06,0,0,0,0,0,0,0,0,0,0,0,0,0,0,0,0,0,0,0,0,0,0,0,0,0,0,0,0,0,0,0,0,0,0,0,0,0,2.4485752271278e-07,0,0,0,0,0,0,0,0,0,0,0,0,0,0,0,0,0,0,0,0,0,0,0,0,0,0,0,0,0,0,0,0,0,0,0,0,0,0,0,0,0,0,0,0,0,0,0,0,0,0,0,0,0,0,0,0,0,0,2.14617605082145e-05,0,0,0,0,0,0,0.00203853488525021,0,0,0,8.27417299640901e-06,0,0,0,0,0,0,0,0,0,0,0,0,0,0,0,0,0,0,0,0,0,0,0,0,0,0,0,0,0,0,0,0,0,0,0,0,0.000992165315269082,5.92880688690208e-05,0,0,0,0,0,0,0,0,0,0,0,0,0,0,0,0,0,0,0,0,0,0,0,0,0,0,0,0,0,0,0,0,0,0,2.38397207891901e-06,0,0,0,0,0,0,0,0,0,0,0,0,0,0,0,0,0,0,0,0,0,0,0,0,0,0,0,0,0,0,0,0,0,0,0,0,0,0,0,0,0,0,0,0,0,0,0,0,0,0,0,0,0,0,0,0,0,0,0,0,0,0,1.31675971768672e-05,0,0,0,0,5.3984020729864e-05,0,0,0,0,0,0,0,0,0,0,0,0,0,0,0,0,0.000512132666747958,0,0,0,3.12052399838981e-06,0,0,0,0,0,0,3.32205771576973e-06,0,0,0,0,0,0,0,0,0,0,0,0,0,0,0,0,0,0,0,0,0,0,0,0,0,0,0,0,0,0,0,0,0,0,0,0,2.49421964597046e-06,0,0,0,0,0,0,0,0,0,0.965787509330679,0,0,0,0,0,0,0,0,0,0,0,0,0,0,0,0,0,0,0,0,0,0,0,0,0,0,0,0,0,0,0,0,0,0,0,0,0,0,0,0.00174527321836692,0,0,0,0,0,0,0,0,0,0,0,0,0,0,0,0,0,0,0,0,0,0,0,0,0,0,0,0,0,0,0,0,0,0,0,0,0,0,0,0,0,0,0,0,0,0,0,0,0,0,0,0,0,0
0,0,0,0,0,0,1.43180731309903e-06,0,0,0,0,0,0,0,0,0,0,0,0,0,0,0,0,0,0,0,0,0,0,0,0,0,0,0,0,0,0,0,0,0,0,0,0,0,0,0,0,0,5.51024906325766e-05,0,0,0,0,0,0,0,0,0,0,0,0,0,0,0,0,0,0,0,0,0,0,0,0,0,0,0,0,0,0,0,0,0,0,0,0,0,0,0,0.000193264724356187,0,0,0,0,0,0,0,0,0,0,0,0,0,0,0,0,0,0,0,0,0,0,0,0,0,0,0,0,0,0,0.000185082361650935,0,0,0,0,0,0,0,0,0,0,0,0,0,0,0,0,0,0,0,0,0,0,0,0,0,0,0,0,3.50274965848191e-05,5.82648721086057e-05,0,0,0,0,8.11095790412848e-05,0,0,0,0,0,0,0,0,0,0,0,0,0,0,0,0,0,0,0,0,0,0,0,0,0,0,0,0,0,0,0,0,0,0,0,0,0,0,0,0,0,0,0,0,0,0,0,0,0,0,0,0,0,0,0,0,0,0,0,0,0,0,0,0,0,0,0,0,0,0,0,0,0,0,0,0,0,0,0,0,0,0,0,0,0,0,0,0,0,0,0,0,0,0,0,0,0,0,0,0,0.000115366866635902,0,0,0,0,0,0,7.96140311768546e-06,0,0,0,0,0,8.16191742375933e-08,0,0,0,0,0,0,0,0,0,0,0,0,0,0,0,0,0,0,0,0,0,0,0,0,0,0,0,0,0,7.14694110920526e-05,0,0,0,0,0,0,0,0,0,0,0,0,0,0,0,0,0,0,0,0,0,0,0,0,0,0,0,0,0,0,0,0,0,0,0,0,0,0,0,0,0,0,0,0,0,0,0,0,0,0,0,0,0,0,0,0,0,0,0,0,0,0,0,0,0,0,0,0,0,0,0,0,0,0,0,0,0,0,0,0,0,0,0,0.000170651958743182,0,0,0,0,0,0,0,0,0.000150112584438329,0,0,0,0,0,0,0,0,0,0,8.00403403315271e-06,0,0,0,0,0,0.000102291325695581,0,0,0,0,0,0,0,0,0.000179710665828017,0,0,0,0,0,0,0,0,0,0,0,0,0,0,0,0,0,0,0,0,0,0,0,0,0,0,0,0,0,0,0,0,0,8.30426839395449e-05,0,0,0,0,0,0,0,0,0,0,0,0,0,0,0,0,0,0,0,0,0,0,0,0,0,0,0,0,0,0,0,0,2.14192387602545e-05,0,0,0,0,0.000121585474588636,0,0,0,0,0,0,0,7.72158182119023e-05,0,0,0,0,0,0,0,0,0,0,0,0,0,0,0,0,0,0,0,0,0,0,0,0,0,0,0,0,0,0,0,0,0,0,0,0,0,0,0,0,0,0,0,0,0,0,0,0,0,0,0,0,0,0,0,0,0,0.973579167458658,0,0,0,0,0,0,0,0,0,0,0,0,0,0,0,0,0,0,0,0.00166039947257899,0,0,0,0,0,0,0,0,0,0,0,0,0,0,0,0,0,0,0,8.21247310415058e-06,0,0,0,0,0,0,0,0,0,0,0,0,0,0,0,0,0,0,0,0,0,0,0,0,0,0,0,0,0,0,0,0,0,0,0,0,0,0,0,0,0,0,0,0,0,0,0,0,0,0,0,9.02527075812274e-08,0
0,0,0,0,0,0,1.14544585047923e-05,1.09416373066066e-05,0,0,0,0,0,0,0,0,0,0,0,8.42722668397057e-06,2.11455831105999e-06,0,0.00731298937933978,0,0,0,0,0,0,3.3559299281831e-05,0,0,7.44956643523347e-06,0,0,0,0,0,0,0,0,7.74035744970703e-06,0,0,0,0,0,0,0,0,0,0,7.34106592277199e-05,0,0,0,0,0,0,0,0,0,0.000453106693680456,0,0,0,0,0,0,0,0,0,0,4.94875563539548e-06,0.000638012525878569,0,0,0,0,0,0,0,0,0,0,0,0,0,0,0,0,0.0002365231102789,0,1.230492843146e-05,0,0.000160943126722594,0,0,0,0,0,1.63291966035271e-05,0,0,0,7.17118331695913e-06,0,0,0,0,0,0,0,0,0,0,0,0,6.5335136583103e-06,0,0,0,0,0,3.92958189248664e-05,3.35979733702463e-06,0,0,0,4.40533486051609e-05,0,0,0,0,0,0,0,0,0,0,0,0,0,0,0,0,0,0,0,0,0,0,0,0,0,0,0,0,0,0,0,0,0,0,0,0,0,0,0,0,0,0,0,0,0,0,0,0,0,0,0,0,0,0,0,0,0,0,3.81058835484199e-05,0,0,0,0,6.90455148033584e-06,0,0,0,0,0,0,0,0,0,0,8.41396718552798e-06,0,0,0,0,0,0,4.27968604223194e-06,0,0,0,0,0,0,0,0,0,0,0,0,0,0,2.99463959512473e-05,0,0,0,0.000476320563739397,0,0,0,0,0,0,0,0,0,0,0,0,0,0,0,0,0,0,0,0,0,0,0,0,0,0,0,0,0,0,0,0,0,0,0,0,0,1.38752596203909e-05,0,0,0,0,0,0,0,0.00798828385035282,0,9.13876297704343e-06,6.20628448366816e-06,0,0,0,0,0,0,0,0,0,0,0,0,0,0,0,0,0,0,0,0,0,0,0,0,0,5.29240539825351e-05,0,0,0,0,0,0,0,1.20235661897319e-05,0,0,0,0,0,0,0,0,0,0,0,0,0,0,0,0,0,0,4.84439793822424e-06,0,0,0,0,0,0.000148935113935362,0,0,6.95629913755803e-06,0,0,0.000409123453001943,0,0,0,0,0,0,0,0,0,0,0,0,0,0,0,0,0,0,0,0,0,0,0,0,0,0,0,0,0,0,0,4.74304550952166e-05,0,0,0,0,0,0,0,0,0,0,0,0,0,0,0,0,0,0,0,4.17367496254127e-06,0,0,0,0,0,8.00403403315271e-06,0,0,0,0,0,0,0,0,3.57595811837852e-06,0,0,0,0,0,0,0,0,0,0,0,0,1.18815645644218e-05,0,7.08112490750281e-06,0,0,0,0,0,1.72474258216961e-05,0,0,0,0,0,0,0,0,0,0,0,0,0,0,0,0,0,0.000226928895612708,0,0,0,0,0,0,0,0,0,0,0,0,0,0,5.05586733404116e-05,0,0,0,0,0,0,0,0,0,0,0,0,0,0,0,0,0,0,0,0,0,0,0,0,0,0,0,0,0,0.000636713903219487,0,0,0,0,3.12052399838981e-06,0,0,0,0,0,0.000151469251741896,1.1627202005194e-05,0,0,0,0,0,0,0,3.97413632082408e-06,4.48589410598373e-06,0,0,0,0,0,0,0,0.00262792329614619,0,0,0,0,0,0,0,3.66099212886692e-05,0,0,0,0,0,0,0,0,0,0,0,7.48265893791139e-06,0,0,0.000892836832647119,0,0,0,0,0,0,0,0,0.966568222090963,0,0,0,0,1.67302415846885e-05,0,0,0,0,0,0,0,0,0,0,0,0,0,0,0,0,2.35913599003501e-06,0,0,0,0,2.94386924510361e-06,0,2.69302237901597e-05,0,0,0,0,0,0,0,0,0,0,3.62533733763927e-06,0,0,0,0,0.000104887770086008,0,0,0,0,0,0,0,0,0,0,0.000109757436066293,0,0,3.06767286336585e-05,0,0,0,0,0,0,0,1.91982798341269e-05,0,0,3.24075574423956e-05,0,0,0,0,0,0,0,0,0,0,0,0,0,0,3.76662021168406e-05,0,0,0,9.5831336847149e-08,0,0,0
0,0,0,0,0,5.53143236441076e-05,1.57498804440894e-05,1.45888497421421e-05,0,0,0,0,0,0,0,0,0,0,0,0,5.28639577764996e-05,0,0,0,0,0,0,0,0.000267189169932312,0.000302033693536479,0.000145053669857847,0,0,0,0,0,0,0,0,0,0,7.74035744970703e-06,0,0,0,0,0,0,0,0,0,0,0,0,0,0,0,0,0,0,0,0,1.29459055337273e-05,0,0,0,0,0,0,0,0,0,0,0,0,0,0,0,0,0,0,0,0,0,0,0,0.000332021059621496,0,0,0,0,9.85512959495417e-06,0,1.230492843146e-05,0,0,0,0,0,0,0,0,0,0,0,0,0,0,0,0,0,0,0,0,6.92574493312501e-06,0,0,0,0,0,0,0,0,0,0,0.00211667232232552,0,0,0,0,0,0,0,0,0,0,0,0,0,0,0,0,0,4.29000429000429e-05,0,0,0,0,0,0,0,0,0,0,0,6.48334994691757e-05,0,0,0,0,0,0,0,0,0,0,0,0,0,0,0,0,0,1.06086163181736e-05,0,0,0,0,0,0,0,0,0,0,0,0,0,0,0,0,0,0,3.65328832482117e-06,3.10704816615113e-05,0,0,0,0,0,0,0,0,0,0,4.20698359276399e-06,0,0,0,0.0119112488505943,0,0,2.56781162533917e-05,0,1.46447191142874e-05,0,0,0,0,0,0,0,0,0,0,0,0,3.99285279349964e-05,0,0,0,2.10141425179146e-05,0,0,0,0,0,0,0.00011877895236964,0,0,0,0,0,0,0,0,0,0,0,0,0,0,0,0,0,0,0,4.18616722900846e-06,0,0,0,0,0,0,0,0,0,0,0.000388670507719419,0,0,0,0,0,0,0,0,0,9.13876297704343e-06,2.48251379346726e-05,0,0,0,0,3.80249824134456e-05,0,0,0,0,0,0,0,0,0,0,0,0,0,0,0,0,0,0,0,0,5.29240539825351e-05,0,0,0,0,0,0,0,0,0,0,0,0,0,0,0,0,0,0,0,0,0,0,0,0,0,0,0,0,0,0,0,0,0,0,0,4.73028341353946e-05,4.0126800690181e-06,0,0,0,0,0,0,0,0,0,0,0,0,0,0,0,0,0,0,0,0,0,0,0,0,0,0,0,0,0,0,0,0,0,0,0,0,0,0,0,0,0,0,0,0,0,0,0,0,0,0,0,0,0,0,0,0,0,0,0,0,0,0,0,0,0,0,0,0,1.54958185129736e-05,0,0,0,0,0,0,0,0,0,0,0,0,5.94078228221092e-06,0,0,0,0,0,0,0,5.74914194056537e-06,9.82163903512218e-06,0,0,0,0,0,0,0,0,0,0,0,0,0,0,0,0,7.5642965204236e-05,0,0,0,0,0,0,5.62841222491135e-05,0,0,0,0,0,0,0,0,0,0,0,0,0,0,0,0,0,0,0,0,3.48517059910083e-05,0,0,0,0,0,0,1.76360622200275e-05,0,0,0,0,0,0,0,0,0,1.63259975184484e-05,0,0,0,0,9.36157199516943e-06,0,0,0,0,0,0,8.30514428942431e-07,0,0,0,0,2.73374922771584e-06,0,0,3.97413632082408e-06,0.000554007922088991,0,0,0,0,0,0,0,0,0,0,0,0,0,0,0,0,0,0.00067417972552795,0,0,0,0,0,5.83464612871229e-05,0,0,0,1.24710982298523e-05,0,0,5.68685880666955e-06,0,0,0,0,0,0,0,0,1.18133490844654e-05,0.960185509275464,0,6.92343374620077e-06,0,1.67302415846885e-05,0,0,0,0,0,0,0,0,0,0,0,0,0,0,0,0,1.65139519302451e-05,0,0,0,0,0,0,0,0,0,0,0,0,0,0,0,0,0,8.04824888955917e-05,0,2.19741583897337e-05,0,0,0.000104887770086008,0,0,0,0,0,0,0,0,0,0,0,0,0,0.00021473710043561,0,0,0,0,3.96852168598675e-06,0,0,0,0,0,0,0,0.000111944475540132,0,0,0,0,0,0,0,0,0,1.53016334493707e-05,0,0,0,8.22828555442188e-06,0,0,4.79156684235745e-08,0,0,0
0,6.5837118967674e-05,0,0,0,0,0,0,0,0,0,0,0,0,0,0,0,0,0,0,0,0,0,0,0,0,0,0,0,0,0,0,0,0,0,0,0,0,0,0,0,0,0,0,0,0,0,0,0,0,0,0,0,0,0,0,0,0,0,0,0,0,0,0,0,0,0,0,0,0,0,0,0,0,0,0,0,0,0,0,0,0,0,0,0,0,0,0,0,0,0,0,0,0,0,0,0,0,0,0,0,0,0,0,0,0,0,0,0.000111794298490777,0,0,0,0,0,0,0,0,0,0,0,0,0,0,0,0,0,0,0,0,0,0,0,0,0,0,0,0,0,0,0,0,0.000367917586460633,0,0,0,0,0,0,0,0,0,0,0,0,0,0,0,0,0,0,0,0,0,0,0,0,0,0,0,0,0,0,0,0,0,0,0,0,0,0,0,0,0,0,0,0,0,0,0,0,0,3.55301092297072e-05,0,0,0,0,0,0,0,0,0,0,0.000885347498893316,0.00236779794790845,0,0,0,0,0,0,0,0,0,0,0,0,0,0,0,0,0,0,0,0,0,0,0,0,0,0,0,0,0,0,1.61762564907229e-05,0,0,0,0,0.000496031746031746,0,0,0,0,0,0,0,0,0,0,0,0,0,0,0,0,0,0,0,0,0,0,0,0,0,0,0,0,0,0,0,0,0,0,0,0,0,0,0,0,0,0,0,0,0,0,0,0,0,0,0,0,0,0,0,0,0,0,0,0,0,0,0,0,0,0,0,0,0,0,0,0,0,0,0,0,0,0,0,2.17074658487294e-06,0,0,0,0,0,0,0,0,0,0,0,0,0,0,0,0,0,0,0,0,0,0,0,0,0,0,0,0,0,0,0,0,0,0,0,0,0,0,0,0,0,0,0,0,0,0,0,0,0,0,0,0,0,0,0,0,0,0,0,0,0,0,0,0,0,0,0,0,0,0,0,0,0,0,0,0,0,0,0,0,0,0,0,0,0,0,0,0,0,0,0,0,0,0,0,0,0.00249584026622296,0,0,0,0,0,0,0,0,0,0,0,0,0,0,0,0,0,0,0,0,0,0,0,0,0,0,0,0,0,0,0,0,0,0,0,0,0,0,0,0,0,0,0.000685635927322592,0,0,0,0,0,0,0,0,0.00262123197903014,0,0,0,0,0,0,0,0,0,0,0,0,0,0,0,0,0,0,0,0,0,0,0,0,0,0,0,0,0,0,0,0,5.83294447036864e-05,0,0,0,0,0,0,0,0,0,0,0,0,0,0,0,0,0,0,0,0,0,0,0,0,0,0,0,0,0,0,0,0,0,0,0,0,0,0,0,0,0,0,0,0,0,0,0,0,0,0,0,0,0,0,0,0,0.984881736161912,0,0.00237529691211401,0,0,0,0,0,0,0,0,0,0,0,0.000261369576581286,0,0,0,0,0,0,0,0,0,0,0,0,0,0,0,0,0,0,0,0,0,0,0,0,0,0,0,0,0,0,0,0,0,0,0,0,0,0,0,0,0,0,0,0,0,0,0,0,0,0,0,0,0,0,0,0,0,0,0,0,0,0,0,0,0,0,0,0,0,0,0,0,0,0,0,0
0,0,0,4.33179843275533e-06,0,0.000110628647288215,2.72043389488816e-05,1.09416373066066e-05,0,0,0,0,0,0,0,0,0.000393344609212131,0,0,8.42722668397057e-06,2.74892580437798e-05,0.00012531328320802,1.64152399087313e-05,0,0,0,0,0,4.4531528322052e-05,0.000100677897845493,0,0,7.44956643523347e-06,0,0,0,0,0,0,0,0,0,0,0,0,0,0,0,0,0,0,0,0,0,0,0,5.41477149664284e-05,0,0,0,3.41504783912848e-05,0,1.29459055337273e-05,0,0,0,0,0,0,0,0,0,0,4.94875563539548e-06,5.20826551737608e-05,0,0,0,0,0,0,0,0,0,1.27079873936765e-05,0,0.0020395579376749,0,4.83161810890467e-05,0,0,0,0,0.00556798011523565,9.67202174270488e-06,2.01178908403243e-05,0,0,9.52610788634718e-06,0,0,3.26583932070542e-05,0,0,0,3.58559165847957e-05,0,0,0,0,0,0,0,0,2.9088128719125e-05,0,0,0,9.80027048746545e-06,0,0,0,0,0,0,2.01587840221478e-05,0,0,0,1.10133371512902e-05,0.000202292650033715,0,0,0,1.29428057414286e-05,0,0,0,4.07697325505545e-05,0,0,0,0,0,0,0,0,0,3.50274965848191e-05,0,0,0,0,9.13659205116492e-05,0,0.000170187936106586,0,0,0,0,0,0,0,0,0,0,0,0,0,0,0,0,0,1.06086163181736e-05,0.000108260257659413,0,0,0,0,0,0,0,0.000630878641890342,0,0,0.000763436482084691,0.000262881177707676,0,3.81058835484199e-05,0,0,0,2.92263065985694e-05,1.03568272205038e-05,0,1.92722787542399e-05,0,5.31575590048905e-05,0,0,0,0,0,0,8.41396718552798e-06,0,0,0,8.51411640499949e-06,3.27884977949735e-05,0,3.42374883378555e-05,0,0.000483275730771484,0,0,0,0,0,0,0,0,0,0,0,0.000142040410496786,2.99463959512473e-05,0,0,0,7.705185589902e-05,0,0,0.000137741046831956,8.08812824536146e-06,0,0,0,0,0,0,0,0,0,0,0,0,0,9.19286633572348e-05,0,0,0,0,0,0,0,0,0,0,5.50751776174478e-05,0,0,2.65380103922849e-06,0,0.00022354694485842,0,0,0,5.41135125195243e-05,0,0,8.53129492259983e-06,0,0,0,0,0,0,9.13876297704343e-06,6.82691293203498e-05,0,0,7.97448165869218e-05,0,5.70374736201685e-05,4.10515772015961e-05,0,0,0,0,0,0,0,0,0,0,0,0,0,0,0,0,0,0,0,0,0,0,0,0,0,0,0,1.20235661897319e-05,0,0,0,0,0,4.34149316974587e-06,0,0,0,0,0,0,0,0,0,0,3.58628604217472e-05,0,9.68879587644847e-06,3.62884203650615e-05,0,0,0,0,8.27417299640901e-06,0,0,0.000105735746890882,1.60507202760724e-05,0,6.13685179502915e-05,0,0,3.10117586251454e-05,0,0,0,0,0,0,0,2.12089077412513e-05,0,0,0,0,0,0,1.67156993848623e-05,0,0,0,0,0,0,0.000194628260023355,0,0,0,0,0,3.42125970782442e-05,3.55728413214125e-05,0,0,0,0,0,0,2.83575317604356e-05,0,0,0,0,0,0,0,0,6.69030574697264e-05,0,1.83037321309815e-05,0,1.25210248876238e-05,0,0,0,0,4.05794749015948e-05,1.60080680663054e-05,0,0,0,0,0,0,0,0,0.000188333794234602,0,0,0,0,0,0,0,0,0,0,0,0,1.78223468466328e-05,0,0,0,8.95575855274942e-05,0,0,0,2.29965677622615e-05,0.000805374400880019,0,0,0,0,0,0,0,0,0.00052952078369076,0,0,0,0,0,8.52514919011083e-05,0,0,0,0,0,0,0,0,0,0,0,0,0,0,0,1.26778062324095e-05,0.000505586733404115,0,0,0,0,0,0,0,0,1.97513957653007e-05,0,2.92860071457857e-05,0,1.74258529955041e-05,0,0,0,0,0,0,0.00109343585764171,0,0,0,0,0,0,0,0,0,4.89779925553451e-05,0,3.30924935193867e-05,0,0,0.0174718138669845,0,0,0,0,0,0,1.99323462946183e-05,0,0,0,0,0.0168973039765116,2.11931757973932e-05,0,3.97413632082408e-06,4.71018881128292e-05,0,0,0,0,0,0,0,3.34159183887799e-05,0.000134144160257557,3.92623905560863e-05,0,0,0,0.000155400155400155,0,0,0,1.3483594510559e-05,0,0,0,0,0,0,0,0,0,9.97687858388185e-06,0,0,0,0,0,0,0,0,0,0,0,1.18133490844654e-05,5.14731618933888e-06,0,0.961819570700951,0,1.67302415846885e-05,0,0,0,0,0,0,0,0,0,0,0,0,0,0,0,0,6.84149437110153e-05,0,0.000355745286374956,0,0,1.76632154706217e-05,0,0,0,0,0,0,0,0,0,0,0,0,3.98787107140319e-05,0,4.39483167794673e-05,0,0,0,0,0,0,0,0,0,0,0,0,0,0.000109757436066293,0,0,9.20301859009755e-05,0,0,0,0,1.5874086743947e-05,0,0,0,0,0,9.72226723271867e-05,0,0.000223888951080264,0,0,6.23208276205908e-05,0,0,0,0,0,2.88246739208763e-05,0.0113002563023603,0,0,0,3.29131422176875e-05,7.7930174563591e-05,0,3.35409678965022e-07,3.64520048602673e-07,9.02527075812274e-08,0
0,0.00144841661728883,0,0,0,0,0,0,0,0,0,0,0,0,0,0,0,0,0,0,0,0,0,0,0,0,0,0,0,0,0,0,0,0,0,0,0,0,0,0,0,0,0,0,0,0,0,0,0,0,0,0,0,0,0,0,0,0.00151889120941713,0,0,0,0,0,0,0,0,0,0,0,0.000124470998257406,0,0,0,0,0,0,0,0,0,0,0,0,0,0,0,0,0,0,0,0,0,0,0,0,0,0,0,0,0,0,0,0,0,0,0,0,0,0,0,0,0,0,0,0,0,0,0,0,0,0,0,0,0,0,0,0,0,0,0,0,0,0,0,0,0,0,0,0,0,0,0,0,0,0,0,0,0,0,0,0,0,0,0,0,0,0,0,0,0,0,0,0,0,0,0,0,0,0,0,0,0,0,0,0,0,0,0,0,0,2.85160260066157e-05,0,0,0,0,0,0,0,0,0,0,0,0.0012130994437,0,0,0,0,0,0,0,0,0,0,0.000442673749446658,0.000789265982636148,0,0,0,0,0,0,0,0,0,0,0,0,0,0,0,0,0,0,0,0,0,0,0,0,0,0.000349040139616056,0,0,0,0,4.85287694721687e-05,0,0,0,0,0,0,0,0,0,0,0,0,0,0,0,0,0,0,0,0,0,0,0,0,0,0,0,0,0,0,0,0,0,8.16191742375933e-08,0,0,0,0,0,0,0,0,0,0,0,0.000182154892376818,0,0,0,0,0,0,0,3.77643504531722e-05,0,0,0,0,0,0,0,0,0,0,0,0,0,0,0,0,0,0,0,0,0,0,0,0,0,0,0,0,0,0,6.51223975461881e-06,0,0,0,0,0,0,0,0,0,0,0,0,0,0,0,0,6.6554854511088e-06,0,0,3.89574973703689e-05,0,0,0,0,0,0,0,0,0,0,0,0,0,0,0,0,0,0,0,0,0,0,0,0,0,0,0,0,0,0,0,0,0,0,0,0,0,0,0,0,0,0,0,0,0,0,0,0,0,0,0,0,0,0,0,0.000129567245400363,0,0,0,3.38249222026789e-05,0,0,0,0,0,0,8.8073135932078e-06,4.07273912069562e-05,0,0,0,0,0,0,0,0,0.00062396006655574,0,0,0,0,0,0,0,0,0,0,0,0,0,0,0,0,0,0,0,0,0,0,0,0,0,0,0,0,0,0,0,0,0,0,2.7680894646515e-05,0,0,0,0,0,0,0,0.000342817963661296,0,0,0,0,0,0,0,0,0.00131061598951507,0,0.000320615581917281,2.47328848436882e-05,0,0,0,0,0,0,0,0,0,0,0,0,0,0,0,0,0.000232099338516885,0,0,0,0,0,0,0,0,0,0,0,0,0.000233317778814746,0,0,0,0,0,0,0,0,0,0,0,0,0,0,0,0,0,0,0,0,0,0,0,0,0,0,1.44684298859888e-05,0,0,0,0,0,0,0,0,0,0,0,0,0,0,0,0,0,0,0,0,0,0,0,0,0,0,0,0,0,0.00585223116313094,0,0.964489311163895,0,0,0,0,0,0,0,0,0,0,0,0,0,0,0,0,0,0,0,0,0,0,0,0,0,0,0,0,0,0,0,0.000644033489741467,0,0,0,0,0,0,0,0,0,0,0,0,0,0.000557724484104852,0,0,0,0,0,0,0,0,0,0,0,0,0,3.96852168598675e-06,0,0,0,0,0,0,0,0,5.71363272768826e-05,0,0,0,0,4.73133881117227e-05,0,0,0,0,0,0,0,0,0,0,0,0,0,3.81679389312977e-07
0,0,0,0.00518083092557537,0,0,0,3.64721243553552e-06,0,0,0,0,0,0,0,0,0,0,0,5.05633601038234e-05,2.11455831105999e-06,0,0,0,0,0,0,3.6759300102926e-05,0,0,0,0,0,0,0,0,0,0,0,0,0,0.000170287863893555,0,0,0,0,0,0,0,3.50680319820452e-05,0,0,0,0,0,0,0,0,0,0,0,0,6.47295276686366e-06,0,0,0,0,0,0,0,0,0,0,1.48462669061864e-05,1.30206637934402e-05,0,0,0,0,0,0,0,0,0,4.23599579789217e-06,1.78094390026714e-05,0,0,0,0,0,2.95653887848625e-05,0,0,0,0,0,2.04294265459969e-05,0,0,0,0,0,0,0,0,0,3.66260117935758e-05,0,0,0,0,0,0,1.385148986625e-06,0,0,1.73949345950459e-05,2.28672978040861e-05,0,0,0.000440722785368004,0,0,0,0,0,0,0,1.10133371512902e-05,0,0,0,0,1.29428057414286e-05,0,0,0,0,0,0,0,0,0,0,0,0,0,0,0,0,0,0,0,0,0,0,0,0,0,0,0,0,0,0,0,0,0,0,0,0,6.31911532385466e-05,0,0,0,0,0,0,0,0,0,0,0,0,0,0,0,0,7.62117670968397e-05,0,0,0,3.65328832482117e-06,0,0,0,0,5.31575590048905e-05,0,0,0,0,0,0,0,0,6.2605647029362e-05,0,0,1.63942488974868e-05,0,0,0,0,0,0,0,0,0,0,0,0,0,0,0,0,0,0,0,0,7.00471417263819e-06,2.7680894646515e-05,0,0,0,0,0,0,0,0,0,0,0,0,0,0,0,0,0,0,0,0,0,0,0,0,0,4.18616722900846e-06,0,0,0,0,0,0,0,0,0,0,1.55076431051427e-06,0,0,0,9.57982871266262e-06,0,0,0,0,0,0.000191914022517912,0,0,0,0,0,0,0,0,0,0,0,0,0,0,0,0,0,0,0,0,0,0,0,0,0,0,0,0,0,0,0,0,0,0,1.20235661897319e-05,0,0,0,0,0,0,0,0,0,0,0,0.00320729237002026,0,2.14617605082145e-05,0,0,0.000771051499067566,0,4.84439793822424e-06,3.62884203650615e-05,0,0,0,0,1.6548345992818e-05,0,0,1.39125982751161e-06,4.0126800690181e-06,0,6.13685179502915e-05,0,0,9.30352758754361e-05,0,0,0,0,0,0,0,0,0,0,0,0,0,0,0,0,0,0,0,0,2.37665177298222e-05,0,0,0,0,0,0,0,0,2.25326723749437e-05,0,0,0,0,0,0,6.23596906959342e-05,0,0,0,0,0,1.05983848061555e-05,0,0,0,0,0,9.18208491759079e-05,0,0,0,0,0,0,0,0,0,0,0,0,0.000216040150230997,0,1.19198603945951e-06,0,0,0,0,0,0,0,0,0,0,0,0,0,0,0.000796626552094066,0,0,0,0,0,3.44948516433922e-05,9.82163903512218e-06,0,0,0,0,0,0,0,0,0,0,0,0,0,0,0,0,0,0,0,0,0,0,0,0,0,0,0,0,0,0,0,5.05586733404116e-05,0,0,0,0,0,0,0,0,6.58379858843358e-06,0,2.92860071457857e-05,0,0,0,0,0,0,0,0,0,0,0,0,0,0,0,0,0,0,0.000179585972702932,0,0,0,0,3.12052399838981e-06,0,0,0,0,0,0,0.000903599698689365,0,0,0,0,0,0,0,0.000425232586328176,0,4.1262636682484e-05,0,0,0,0,0,0,1.67079591943899e-05,0,0,0,0,0,0,0,0,0,0,0,0,0,0,0,0,0,0,0,2.49421964597046e-06,0,0,1.70605764200086e-05,0,0,0,0,0,0,0.000124409056979348,0,0,0,0,4.61562249746718e-06,0,0.95114769457271,0,0.000161995788109509,5.67730214602021e-05,0,0,0,0,0,0,0,0,0,0,0,0,0,1.65139519302451e-05,0,0,0,0,7.35967311275902e-06,0,0,0,0,0,0,0,0,0,0,2.77027494978877e-05,8.21247310415058e-06,1.45013493505571e-06,0,0,0,0,0,0,0,0,0,0,0,0,0,0,0,0,0,0,0,0,0,0,0.000317662007623888,0,0,0,1.91982798341269e-05,0,0,0,0,0,0,0,0,0,0,0,0,0,0,0,0,0,0,0,0,0,9.5831336847149e-08,0,1.80505415162455e-07,0
0,0,0,0,0,0,0,0,0,0,0,0,0,0,0,0,0,0,0,0,0,0,0,0,0,0,0,0,0,0,0,0,0,0,0,0,0,0,0,0,0,0,0,0,0,0,0,3.36620998417881e-05,0,0,0,0,0,0,0,0,0,0,0,0,0,0,0,0,0,0,0,0,0,0,0,0,0,0,0,0,0,0,0,0,0,0,3.19693094629156e-05,0,0,0,0,0,0,0,0,0,0,0,0,0,0,0,0,0,0,0,0,0,0,0,0,0,0,0,0,0,0,0,0,0,0,0,0,0,0,0,0,0,0,0,0.00345754898194391,0,0,0,0,0,0,0,0,0,0,0,0,0,0,0,0,0,0,0,0,0,0,0,0,0,0,0,0,0,0,0,0,0,0,0,0,0,0,0,0,0,0,0,0,0,0,0,0,0,0,0,0,0,0,0,0,0,0,0,0,0,0,0,0,0,0,0,0,0,0,0,0,0,0,0,0,0,0,0,0,0.000150647785477553,0,0,0,0,0,0,0,0,0,0,0,0,0,0,0,0,0,0,0,0,0,0,0,0,0,0,0,0,0,0,0,0,0,0,0,0,0,0,0,0,0,0,0,0.000491642084562439,0,0,0,0,0,4.60478395190931e-05,0,0,0,0,0,0,0,0,0,0,8.16191742375933e-08,0,0,0,0.000162857088115264,0,0,0,0,0,0,0,0,0,0,0,0,0,0,0,0,0,0,0,0,0,0,0,0,0,0,0,0,0,0,0,0,0,0,0,0,0,0,0,0,0,0,0,0,0,0,0,0,0,0,0,0,0,0,0,0,0,0,0,0,0,0,0,0,0,0,0,0,0,0,0,0,0,0,0,0,0,0,0,0,0,0,0,0,0,0,0,0,0,0,0,0,0,0,0,0,0,0.00015271838729383,0,0,0,0,0,0,0,0,0,0,0,0,0,0,0,0,0,0,0,0,0,0,0,0,0,0,0,0,0,0,0,0,0,0,0,0,0,0,0,0,0,0,0,0,0,0,0,0,0,0,0,4.37171847881684e-06,0,0,0,0,0,0,0,0,0,0,0,0,0,0,0,0,4.54256382302171e-05,0,0,0,0,0,0,0,0,0,0,0,0,0,0,0,0,0,0,0,0,0,0,0,0,0,0,0,0,0,0,0,0,0,0,0,0,0,0,0,0,0,0,0,0,0,0,0,0,0,0,0,0,0.000323310701584222,0,0,0,0,0,0,0,0,0,0,0,0,0,0,0,0,0,0,0,0,0,0,0,0,0,0,0,0,0,0,0,0,0,0,0,0,0,0.000155400155400155,0,0,0,0,0,0,0,0,0,0,0,0,0,0,0,0,0,0,0,0,0,0,0,0,0,0,0,0,0,0,0,0.968289920724802,0,0,0,0,0,0,0,0,0,0,0,0,0,0,0,0,0,0,9.22253988748501e-05,0,0,0,0,0,0,0,0,0,0,0,0,0,0,0,0,0,0,0,0,0,0,0,0,0,0,0,0,4.78973081712808e-05,0,0,0,0,0,0,0,0,0,0,0,0,0,0,0,0,0,0,0,0,0,0,0,0,0.000209951711106446,0,0,0,0,0,0,0,0,0.000306325624138459,0,0,0,0
0,0,0,0,0,0,1.43180731309903e-06,0,0,0,0,0,0,0,0,0,0,0,0,0,0,0,0,0,0,0,0,0,0,0,0,0.00012293570462648,0,0,0,0,0,0,0,0.000289771080846132,0,0,0,0,0,0,0,0,0,0,0,0,0,0,0,0,0,0,0,0,0,0,0,0,0,0,0,0,0,0,0,0,0,3.71156672654661e-05,0,0,0,0,0,0,0,0,0,0.000260756192959583,0,0,0,0,0,0,0,0,0,0,0,0,0,0,0,0,0,0,0,0,0,0,0,0,0,0,0,0,0,0,1.385148986625e-06,0,0,0,3.26675682915515e-06,0,0,0.000110180696342001,0,0,0,0,0,0,0,0,0,0,0,0,0,0,0,0,0,0,0,0,0,0,0,0,0,0,0,5.82648721086057e-05,0,0,0,0,0,0,0,0,0,0,0,0,0,0,0,0,0,0,0,0,0,0,0,0,0,0,0,0,0,0,0,0,0,0,0,0,0,0,0,0,0,0,0,0,0,0,0,0,1.82575038340758e-05,0,0,0,0,0,0,0,0,0,0,0,0,0,0,0,0,0,0,0,0,0,0,0,0,0,0,0,0,0,0,0,0,0,0,0,0,0,0,0,0,0,0,0,0,0,0,0,0,0,0,0,0,0,0,0,0,0,0,0,0,0,0,0,1.06152041569139e-05,0,0,0,0,0,0,0,0,0,0,0,0,0,0,0,9.13876297704343e-06,0,0,0,0,0,0,0,0,0,0,0,0,0,0,0,0,0,0,0,0,0,0,0,0,0,0,0,0,0,0,0,0,0,0,0,0,0,0,0,0,0,0,0,0,0,0,0,0.000589010742434017,1.07308802541072e-05,0,0,0,0,9.68879587644847e-06,0,0,0,1.99664563533264e-05,0,0,0,0,0,0,0,0,0,0,1.55058793125727e-05,0,0,0,0,0,0,0,0,0,0,0,0,0,0,0,0,0,0,0,0,0,0,0,0,0,0,0,0,0,0,0,0,0,0,6.8260783497273e-05,0,0,0,0,0,0,0,0,0,0,0,0,0,1.66946998501651e-05,0,0,0,0,0,0,0,0,0,0,0,1.46130465279401e-05,0,0,0,0,0,0,0,0,0,0,0,0,0,0,0,0,0,0,0,0,0,0,0,0,0,0,0,0,0,0,0,0,0,0,0,0,0,0,0,0,0.000154942671211652,0,0.000138404473232575,0.00252825698988697,0,0,0,0,0,0,0,0,0,0,0,0,0,0,0,0,0,0,0,0,0,0,0,0,0,0,0,0,0,0,0,0,0,0,0,0,4.05284915295453e-05,0,0,0,0,0,0,0,0,0,0,0,0,0,0,0,0,0,1.66102885788486e-06,0,0,0,0,0,0,0,0,0,0,0.0017982017982018,0,0,0,0,0,0,4.47147200858523e-05,0,0,0,0,0,0,0.000109829763866008,0,0,0,0,0,0,0,0,0,0,0,0,0,0,0,0,0,0,0,0,0,0,0,0,0,0,4.61562249746718e-06,0,0,0,0.979750526486311,0,0,0,0,0,0,0,0,0,0,0,2.44176393026322e-05,0,0,0,0,0,0,0,0,0,0,0,0,0,0,0,0,0,0,0,0,0,0,0,0,0,0,0,5.8173356602676e-05,0,0,0,0,0,0,0,0,0,0,0,0,0,0,0,0,7.93704337197351e-06,0,0,0,0,0,0,0,0,0,0,0,0,0,0,0,0,0,0,0,0,0,0,0,0,0,0,0,0
0,0,0,1.2995395298266e-05,0,2.76571618220538e-05,0,0,0,0,0,0,0,0,0,0,0,0,0,8.42722668397057e-06,0,0,0,0,0,0,0,0,0,0,0,0,0,0,0,0,0,0,0,0.000289771080846132,0,2.32210723491211e-05,0,0,0,0,0,0,0,0.000105204095946136,0,0,0,0,0,0,0,0,0,0,0,0,0,0,5.34616412723871e-05,0,0,0,0,0,0,0,0,0.00118522697467722,0,0,0,0,0,0,0,0,0,0,8.47199159578434e-06,0,0,0,0,0,0,0,0,0,0,2.01178908403243e-05,0,0,0,0,0,8.16459830176355e-06,0,0,0,0,0,0,0,0,0,0,0,0,0,0,0,0,1.96005409749309e-05,0,0,0.000991626267078008,0,0,0,3.35979733702463e-06,0,0,0,0,0,0,0,0,0,0,0,0,4.07697325505545e-05,0,0,0,0,0,0,0,0,0,0,0,0,0,0,0,0,0,0,0.00470673425054309,0,0,0,0,0,0,0,0,0,0,0,0,0,0,0,1.06086163181736e-05,0,0,0,0,0,0,0,0,0,0,0,0,0,0,0,0,0,0,0,0,0,0,0,0,0,0,0,0,0,0,0,0,0,0,0,0,0,0,0,0,0,0,0,0,0,0.00830231892356141,0,0,0,0,0,0,0,0,0,0,0,1.38404473232575e-05,0,0,0,0,0,0,0,0,0,0,0,0,0,0,0,0,0,0,0,0,0,0,0,0,0,0,0,0,0,0,0,0,0,0,0,0,0,0,0,0,0,0,0,0,0,0,9.13876297704343e-06,0,0,0,0,0,0,0,0,0,0,0,0,0,0,0,0,0,0,0,0,0,0,0,0,0,0,0,0,0,0,0,0,0,0,0,0,0,0,0,0,0,0,0,0,0,0,0.000112536574386676,2.8048130592096e-05,0,0.000132520540683806,0,0.000430354325060967,0,9.68879587644847e-06,0,0,0,0,0,0,0,0,0,4.0126800690181e-06,0,0,0,0,0.000124047034500581,0,0,0,0,0,0,0,0,0,0,0,0,0,0,0,0,0,0,0,0,7.12995531894667e-05,0,0,0,0,0,0.00012809017548354,0,5.92880688690208e-06,0,0,0,0,0,0,0,0,0,0,0,0,0,1.05983848061555e-05,0,0,0,0,0,1.25210248876238e-05,0,0,0,0,0,8.00403403315271e-06,0,0,0,0,0,0,3.32369461893841e-05,0,0,0,0,0,0,0,0,0,0,0,0,0,0,0,0,1.7702812268757e-05,0,0,0,0,0,0,0,0,0,0,0,0,0,0,0,0,0,0,0,0,0,0,0,0,2.7680894646515e-05,0,0,0,0,0,0,0,0,0,0,0,0,0,0,0,0,0,0,0,0,0,0,6.58379858843358e-06,0,0,0,0,0,0,0,0,0,0,0,0,0,0,0,0,0,0,0,0,0,0,0,0,0,0,0,0,0,0,0,0,4.98308657365459e-06,0,0,0,0,0,0,0,0,0,4.1262636682484e-05,0,0,0,0,0,0,0,0,0,0,0,0,0,0,0,0,0,0,0,0,0,0,0,0,0,0,2.49421964597046e-06,0,0,0,0,0,0,0,0,0,0,0,1.18133490844654e-05,0,0,0,0,1.67302415846885e-05,0,0.000161995788109509,0.98032814806404,0,0,0,0,0,0,0,0,0,0,0,0,0,0,0,0,0,0,4.41580386765541e-06,0,2.69302237901597e-05,0,0,0,0,0,0,0,0,0,8.21247310415058e-06,0,0,0,0,0,0,0,5.8173356602676e-05,0,0,0,0,0,0,0,0,0,0,0,0,0,0,0,0,7.93704337197351e-06,0,0,0,0,0,0,0,0,0,0,0,0,0,0,0,0,0,0,0,0,0,0,0,0,0,0,0,0
0,0,0,0,0,0,0,0,0,0,0,0.000288267512251369,0,0,0,0,0,0,0,0,0,0,0,0,0,0,0,0,0,0,0,0,0,0,0,0,0,0,0,0,0,0,0,0,0,0,0,0,0,0,0,0,0,0,0,0,0,0,0,0,0,0,0,0,0,0,0,0,0,0,0,0,0,0,0,0,0,0,0,0,0,0,0,0,0,0,0,0,0,0,0,0,0,0,0,0,0,0,0,0,0,8.16459830176355e-06,0,0,0,0,0,0,0,0,0,0,0,0,0,0,0,0,0,0,0,0,0,0,0,0,0,0,0,0,0,0,0,0,0,0,0,0,0,0,0,0,0,0,0,0,0,0,0,0,0,0,0,0,0,0,0,0,0,0,0,0,0,0,0,0,0,0,0,0,0,0,0,0,0,0,0,0,0,0,0,0,0,0,0,0,0,0,0,0,0,0,0,0,0,0,0,0,0,0,0,0,0,0,0,0,0,0,0,0,0,0,0,0,0,0.00111982082866741,0,0,0,0,0,0,0,0,0,0,0,0,0,0,0,0,0,0,0,0,0,0,0,0,0,0,0,0,0,0,0,0,0,0,0,0,0,0.000683526999316473,0,0,0,0,0,0,0,0,0,0,0,0,0,0,0,0,0,0,0,0,0,0,0,0,0,0,0,0,0,0,0,0,0,0,0,0,0,0,0,0,0,0,0,0,0,0,0,0,0.000432931668951584,0,0,0,0,0,0,0,0,0,0,0,0,0,0,0,0,0,0,0,0,0,0,0,0,0,0,0,0,0,0,0,0,0,0,0,0,0,0,0,0,0,0,0,0,0,0,0,0,0,0,0,0,0,0,0,0,0,0,0,0,0,0,0,0,0,0,0,0,0,0,0,0,0,0,0,0,0,0,0,0,0,0,0,0,0,0,0,3.17951544184666e-05,0,0,0,0,0,0,0,0,0,0,0,0,0,0,0,0,0,0,0,0,0,0,0,0,0,0,0,0,0,0,0,0,0,0,0,0,0,0,0,0,0,0,0,0,0,0,0,0,0,0,0,0,0.000110599078341014,0,0,0,0,0,0,0,0,0,0,0,0,0,0,0,0,0,0,0,0,0,0,0,0,0,0,0,0,0,0,0,0,2.92860071457857e-05,0,0,0,0,0,0,0,0,0,0,0,0,0,0,0,0,0,0,0,0,2.20616623462578e-05,0,0,0,0,0,0,0.000660109578189979,0,0,0,0,0,0,0,0,0,0,0,0,0,0,0,0,0,0,0,0,0,0,0,0,0,0,0,0,0,0,0,0,0,0,0,0,0,0,0,0,0,0,0,0,0,0,0,0,0,0,0,0,0,0,0,0,0,0,0,0,0.98376415295877,0,0,0,0,0,0,0,0,0,0,0,0,0,0,0,0,0,0,0,0,0,0,0,0,0,0,0,0,0,0,0,0,0,0,0,0,0,0,0,0,0,0,0,0,0,0,0,0,0,0,0,0,0,0,0,0,0,0,0,3.96016078252777e-05,0,0,0,0,0,0,0,0,0,0,0,0,0,0,0,0,0,0,0,0,0,9.02527075812274e-08,0
0,6.5837118967674e-05,0,0,0,0,0,0,0,0,0,0,0,0,0,0,0,0,0,0,0,0,0,0,0,0,0,0,0,0,0,0,0,0.00233644859813084,0,0,0,0,0,0,0,0,0,0,0,0,0,0,0,0,0,0,0,0,0,0,0,0,0,0,0,0,0,0,0,0,0,0,0,0,0,0.00085397096498719,0,0,0,0,0,0,0,0,0,0,0,0,0,0,0,0,0,0,0,0,0,0,0,0,0,0,0,0,0,0,0,0,0,0,0,0,0,0,0,0,0,0,0,0,0,0,0,0,0,0,0,0,0,0,0,0,0,0,0,0,0,0,0,0,0,0,0,0,0,0,0,0,0,0,0,0,0,0,0,0,0,0,0,0,0,0,0,0,0,0,0,0,0,0,0,0,0,0,0,0,0,0,0,0,0,1.05767501877373e-05,0,0,0,0,0,0,0,0,0,0,0,0,0,0,0,0,0,0,0,0,0,0.000782064650677789,0,0,0.000442673749446658,0,0,0,0,0,0,0,0,0,0,0,0,0,0,0,0,0,0,0,0,0,0,0,0,0,0,0,0,0,0,0,0,0.000216076058772688,0,0.00023755790473928,0,0,0,0,0,0,0,0,0,0,0,0,0,0,0,0,0,0,0,0,0,0,0,0,0,0,0,0,0,0,0,0,0,0,0,0,0,0,0,0,0,0,0,0,0,0,0,0,0,0,0,0,0,0,0,0,0,0,0,0,0,0,0,0,0,0,0,0,0,0,0,0,0,0,0,0,0,0,0,0,0,2.17074658487294e-06,0,0,0,0,0,0,0,0,0,0,0,0,0,0,0,0,0,0,0,0,0,0,0,0,0,0,0,0,0,0,0,0,0,0,0,0,0,0,0,0,0,0,1.67156993848623e-05,0,0,0,0,0,0,0,0,0,0,0,0,0,0,0,0,0,0,0,0,0,0,0,0,0,0,0,0,0,0,0,0,0,0,0,0,0,0,0,0,0,3.09386795371574e-05,0,0,2.03636956034781e-05,0,0,0,0,0,0,0,0,0,0,0,0,0,0,0,0,0,0,0,0,0,0,0,0,0,0,0,0,0,0,0,0,0,0,0,0,0,0,0,0,0,0,0,0,0,0,0,0,0,0,0,0,0,0,0,0,0,0,0,0,0,0,0.000320615581917281,0,0,0,0,0,0,0,0,0,0,0,0,0,0,0,0,0,0,0,0,0,0,0,0,0,0,0,0,0,0,0,0,0,0,0,0,0,0,0,0,0,0,0,0,0,0,0,0,0,0,0,0,0,0,0,0,0,0.00011574743908791,0,0,0,0,0,0,0,0,0,0,0,0,0,0,0,0,0,0,0,0,0,0,0,0,0,0,0,0,0,0,0,0,0,0,0,0,0,0.974505723204995,0,0,0,0,0,8.7123192193762e-05,0,0,0,0,0,0,0,0,0,0,0,0,0,0,0,0,0,0,0,0.00101205262673659,0,0,0,0,0,0,0,0,0,0,0,0,0,0,0,0,0,0,0,0,0,0,0,0,0,0,0,0,0,0,0,0,0,0,0,0,0,0,0,0,0,0,0,0,0,0,0,0,0,0,0,0,0,0,0,0
0,0,0,0,0,0,0,0,0,0,0,0,0,0,0,0,0,0,7.63009308713566e-05,0,0,0,0,0,0,0,0,0,0,0,0,0,0,0,0,0,0,0,0,0,0,0,0,0,0,0,0,0,0,0,0,0,0,0,0,0,0,0,0,0,0,0,0,0,0,0,0,0,0,0,0,0,0,0,0,0,0,0,0,0,0,0,0,0,0,0,0,0,0,0.00190181024160034,0,0,4.76054460630296e-05,0,0,0,0,0,0,0,0,0,0,0,0,0,0,0,0,0,0,0,0.000126766812448501,0,0,0,0,0,0,0,0,0,0,0,0,0,0,0,0,0,0,0,0,0,0,0,0,0,0,0,0,0,0,0,0,0,0,0,0,0,0,0,0,0,0,0,6.10463341676332e-05,0,0,0,0,0,0,0,0,0,0,0,0,0,4.77258626449673e-05,0,0,0,0,0.000152072751604368,0,0,0,0.00173947758640356,0.00053194061608395,0,0,0,0,0,0,0,0,0,0,5.07572988995818e-06,0,0,0,0,0,0,0,0,0,0,0,0,0,0,0,0,0,0,0,0,0,0,0,0,0,0,0,0,0,0,0,0,0,0,0,0,0,0,0,0,0,0,8.08812824536146e-06,0,0,0,0,0,0,0,0,0,0,0,0,0,0,0,0,0,0,0,0,0,0.000251952632905014,0,0,0,0,0,5.30760207845697e-06,0,0,0,0,0,0,0,0,0,0,0,0,0,0,0,0,0,0,0,0,0,0,0,0,0,0.000113293051359517,0,0,0,0,0,0,0,0,0,0,0,0,0,0,0,0,0,0,0,0,0,3.77914666868221e-05,0,1.74956698217191e-05,0,0,0,0,0,0,0,0,0,0.000271517784414879,0,0,0,0,0,0,0,0,0.000183933416103371,0,0,0,0,0,0,0,0,0,0,0,0,0,0,0,0,0,0,0,0,0,0,0,0,0,0,0,0,0,0,0,8.34724540901503e-05,0,0,0,0,0,0,0,0,0,0,0,0,0,0,0,0,0,0,0,0,0,0.00136612021857923,0,0.000979431929480901,0,0,0,0,0,6.4112153527237e-05,0,0,0,0,0,0.000101474766608037,0,0,0,0,0,0,0,0,0,0,0,0,0,0,0,0,0,0,0,0,0,0,8.74343695763368e-06,0,0,0,0,0.000602845430431637,0,0,0,0,0,9.82163903512218e-06,0,0,0,0,0,0,0,0,0,0,0,0,0,0,0,0,0,0,0,0,0,0,0,0,0,0,0,0,0,0,0,0,0,0,0,0,0,0,0,0,0,0,0,0,0,0,0,0,0,0,0,0,0,0,0,0,0,0,0,0,0,0,0,1.10308311731289e-05,0,0,0,0,0.000642880102860816,0,0,0,0,0,0,0,0,0,0,0,0,0,0,0,0,9.12075884713608e-05,0,0,0,0,0,0,0,0,0,0,0,0,0,0,0,0,0,0,0,0,0,0,0,0,0,0,0,0,0,0,0,0,0,0,0,0,0,0,0,0,0,0,0,0,0,0,0,0.987841530054645,0,0,0,0,0,0,0,0,0,0,0,0.000933416303671437,0,0,0,0,0,0,0,0,0,0,0,0,0,0,0,0,0,0,0,0.000238606537819136,0,0,0,0,0,0,0,0,0,0,0,0,0,0,0,0,0,0,0,0,0,0,0,0,0.000377358490566038,0,0,0,0,0,0,0,0,0,1.57711293705742e-05,0,0,0,0,0,0,0,0,0,0,0,0,0,3.81679389312977e-07
0,0,0,0,0,2.76571618220538e-05,0,0,0,0,0,0,0,0,0,0,0,0,0,0,0,0,0,0,0,0,0,0,0,0,0,8.19571364176536e-05,0,0,0,0,0,0,0,0,0,7.74035744970703e-06,0,0.00026123301985371,0,0,0,0,0,0,0,0,0,0.000493218249075216,0.00017860332202179,0,5.41477149664284e-05,0,0,0,0,0,0,0,0,0,0,0,0,0,0,0,0,4.94875563539548e-06,0,0,0,0,0,0,0,0,0,0.000260756192959583,0.00038971161340608,3.56188780053428e-05,0,0,0,0,0,0,0,3.076232107865e-06,9.67202174270488e-06,0,0,0,0,0,0,8.16459830176355e-06,0,0,0,0,0,0,0,1.98027644659194e-05,0,0,0,0,0,0,0,1.73949345950459e-05,0,0,0,0,0,0,0,0,0,0,0,0,0,0,2.96577495699626e-05,0,2.58856114828573e-05,0,0,0,8.15394651011089e-05,0,0,0,0,0,0,0,0,0,0,5.82648721086057e-05,0,0,0,0,8.11095790412848e-05,0,0,0,0,0,0,0,0,0,0,0,0.000790045427612088,0,0,0,0,0,0,0,0,0,0,1.05767501877373e-05,0,0,0,0,0,0.000208811860513677,0,0,0,0,0,0,0,0,3.65328832482117e-06,0,0,0,0,0,5.47725115022274e-05,0,0,5.26094276094276e-05,0,0,0,0,0,0,0,0,0,0,0,0,0,0,0,0,0,0,0,0,0,0,0,0,0,0,5.03537349882928e-05,0,7.00471417263819e-06,0,0,0,0,0,0,0,2.09762339269608e-05,0,0,0.000182149362477231,1.74895499938787e-05,0,0,0,0,0,0,8.19014234467395e-06,0,0,0,0,0,0,0,0,0,0,0,0,2.65380103922849e-06,0,0,0,0,0,5.71334219663153e-07,0,0,9.9531774096998e-06,0,0,0,0,0,0,0,0,0,0,0,0,0,0,0.00019782393669634,0,0,0,0,0,0,0,0,0,6.70106546940964e-05,0,0,0,0,0,0,0,0,0,0,0,0,0,0,0,0,0.000120235661897319,0,9.26011667747014e-05,0,0,0,4.34149316974587e-06,0,0,0,0,0,0,0,0,0,0,0,0,0,3.62884203650615e-05,0,0,6.6554854511088e-06,0,8.27417299640901e-06,0,0,1.39125982751161e-06,0,0,0,0,0,0,0,0,0.000340251786321878,0,0,0.000210172341319882,0,0,0,0,0,0,0,0,1.67156993848623e-05,0,0,0,0,0.000136855070480361,0,0,0,0,0,0,0,0,5.92880688690208e-06,0,0,0,0,0,0,0,0,0,0,0,0,0,0,0,0,0,6.1012440436605e-06,0,1.25210248876238e-05,0,0,0,0,0,0,0,0,0,0,0,0,0,4.66113545259625e-05,1.19198603945951e-06,0,0,0,0,0,0,0,0,0,0,0,0,0,0,3.5405624537514e-06,0,0,0,0,0,0,0,0,0,0,0,0,0,0,0,0,0,0,0,0,0,0,0,0,0,0,0,0,0,0,0,0,0,0,0,0,0,0,0,0,0,0,0,0,0,0,0,0,0,0,0,0,0,0,0,0,0,0,0,0,0,0,0,0,0,0,0,0,0,0,0,0,0,3.12052399838981e-06,0,0,0,0,0,0,2.49154328682729e-06,0,0,0,0,2.73374922771584e-06,0,0,0,0,0,0,0,0,0,0,0,4.77370262696856e-06,0,2.61749270373909e-05,0,0,0,0,0,0.000109829763866008,0,0,0,0,0,0,0,0,0,0,0,0,0,0,0,0,0,0,0,0,0,0,0,0,0,0,0,0,0,0,0,0,0,0,0,0.978122151321787,0,0,0,0,0,0,0,0,0,2.35913599003501e-06,0,0.000355745286374956,0,0,0,0,0,8.93974611121044e-05,0,0,0,0,0,0,0,0,0,7.25067467527853e-07,0,0,0,0,0,0.00121037899992435,0,0,0,0,0,0,0,0,0,0,0,0,0,0,0,0,0,0.00204378866828318,0,0,3.83965596682537e-05,0,0,0,0,0,5.71363272768826e-05,0,0,0,0,0,0,0,0,0,0,0,0,0,0,0,1.43747005270724e-07,0,0,0
0,0,0,4.33179843275533e-06,0,5.53143236441076e-05,4.2954219392971e-06,0,0,0,0,0,0,0,0,0,0,0,0,1.68544533679411e-05,0,0,0,0,0,0,0,0,0,0,0,0,0,0,0,0,0,0,0,0,0,0,0,0,0,0,0,0,5.51024906325766e-05,0,0,0,0,0,0,0,0,0,0,0,0,0,0,0,0,0,0,0,0,0,0,0,0,9.89751127079096e-06,0,0,0,0,0,0,0,0,0,0,0,0,0,0,0,0,0,0,0,0,0,2.01178908403243e-05,0,0,0,0,0,0.00185336381450033,0,0,0,1.43423666339183e-05,0,0,0,0,0,0,0,0,0,0,0,0,0,0,0.000177935943060498,0,0,0,0,0,0,0,0,0,0,0,0,0,0,0,0,0,0,0,0,0,0,0,0,0,0,0,3.50274965848191e-05,0,0,0,0,0,0,0,0,0,0,0,0,0,0,0,0,0,0,0,0,0,0,0,0,1.06086163181736e-05,0,0,0,0,0,0,0,0,0,0,0,0,0,0,0,0,0,0,1.09598649744635e-05,1.03568272205038e-05,0,0,0,0.000212630236019562,0,0,0,0,0,0,8.41396718552798e-06,0,0,0,0,1.63942488974868e-05,0,4.27968604223194e-06,0,4.39341573428622e-05,0,0,0,0,0,0,0,0,0,0,0,1.77550513120983e-05,0,0,0,0,7.00471417263819e-06,0,0,0,0,0,2.12143069285926e-05,0,0,0,0,0,0,0,0,0,0,0,0,0,0,0,0,0,0,0,0,0,0,0,0,0,0,0,0,0,0,0,1.55076431051427e-06,0,0.00160715071991546,0,0,0,0,0,0,0,0,0,0,0,0,0,0,0,0,0,0,0,0,0,0,0,0,0,0,0,0,0,0,3.03665239440041e-05,0,0,0,0,0,0,0,0,0,0,0,0,0,0,0,0,0,0,0,0,0,0,0,5.62682871933378e-05,0,0,0,0,0,0,0,0,0,0,0,0,0,0,0,0,2.40760804141086e-05,0,0,0,0,0,0,0,0,0,0,0,0,2.12089077412513e-05,0,0,0,0,0,0,0,0,0,0,0,0,2.37665177298222e-05,0,0,0,0,0.00106951871657754,0.00999103368771615,0,0,0,0,0,0,0,0,0,0,0,0,0,0,0,0,0,0,0,5.49111963929445e-05,0,0,0,0,0,0,0,1.60080680663054e-05,0.000616755182456742,0,0,0,0,0,0,0,2.38397207891901e-06,0,0,0,0,0,0,0,0,0,0,0,0,0,0,0,0,8.95575855274942e-05,0,0,0,5.17422774650883e-05,0,0,0,0,0,0,0,0,0,0,0,0,0,0,0,0,0,0,0,0,0,0,0,5.36826283014816e-05,0,0,0,0,0,0,0,0.00196505996602348,0,0,0,0,0,0,0,0,0,0,0,0.000468576114332572,0,0,0,0,0,0,0,0,0,0,0,0,0,0,0,0,0,0,0,0,0,0,0,3.12052399838981e-06,0,0,0,0,0,0,7.47462986048188e-06,0,0,0,0,0,2.11931757973932e-05,0,7.94827264164815e-06,0,0,0,0,0,0,0,0,0,8.94294401717045e-05,0,0,0,0,0.000155400155400155,0,0,0,0,0,0,0,0,0,0,0,0,0,1.24710982298523e-05,0,0,0,0,0,0.000144885540423066,0,0,0,0,0,0,0,0,2.30781124873359e-06,0,0,0,0.000161995788109509,0,0,0,0,0,0.979818602298186,0,0,0,0,0,0,0,0,4.71827198007002e-06,0,0,0,0,0.000466603275348922,0,2.69302237901597e-05,0,0.00016597510373444,0,0,0,0,0,0,0,1.64249462083012e-05,7.25067467527853e-07,0,6.5922475169201e-05,0,0,0,0,0,0,0,0,0,0,0,0,0,0,0,0,0,0,0,0,0,0,0,0,0,0,0,6.48151148847911e-05,0,0,0,0,0,0,0,0,0,0,0,0,0,0,5.64993031752608e-05,0,0,0,4.79156684235745e-08,0,0,0
0,0,0,0,0,0,0,0,0,0,0,0,0,0,0,0,0,0,0,0,0,0,0,0,0,0,0,0,0,0,0,0,0,0,0,0,0,0,0,0,0,0,0,0,0,0,0,0,0,0,0,0,0,0,0,0,0,0,0,0,0,0,0,0,0,0,0,0,0,0,0,0,0,0,0,0,0,0,0,0,0,0,0,0,0,5.34283170080143e-05,0,0,0,0,0,9.85512959495417e-06,0,0,0,0,0,0,0,0,0,0,0,0,0,0,0,0,0,0,0,0,0,0,0,0,0,0,3.26675682915515e-06,0,0,0,0,0,0,0,0,0,0,0,0,0,0,0,0,0,0,0,0,0,0,0,0.000618789356823063,0,0,0,0,0,0,0,0,0,0,0,0,0,0,0,0,0,0,0,0,0,0,0,0,0,0,0,0,0,0,0,0,0,0,0,0,0,0,0,0,0,0,0,0,0,0,0,0,0,0,0,0,0,0,0,0,0,0,0,0,0,0,0,0,0,0,0,0,0,0,0,0,0,0,0,0,0,0,0.000154320987654321,0,0,0,0,0,0,0,0,0,0,0,0,0,0,0,0,0,0,0,0,0,0,0,0,0,0,0,0,0,0,0,0,0,0,0,0,0,0,5.82055237041995e-05,0,0,0,0,0,0,0,0,0,0,0,0,0,0,0,0,0,0,0,0,0,0,0,0,0,0,0,0,0,0,0,0,0,0,0,0,0,0,0,0,0,0,0,5.48179495894136e-05,0,0,0,0,0,0,0,0,0,0,0,0,0,0,0,0,0,0,0,0,0,0,0,0,0,0,0,0,0,0,0,0,0,8.27417299640901e-06,0,0,0,0,0,0,0,0,0,0.00049252996223937,0,0,0,0,0,7.94817788022096e-06,0,0,0,0,0.000466798926362469,0,0,0,0,0,0,0,0,0,0,0,0,0,0,0,0,0,0,0,0,0,0,0,0,0,0,0,0,0,0,0,0,0,0,0,0,0,0,0,0,0,0,0,0,0,0,0,0,0,0,0,0,0,0,0,0,0,0,0,0,0,0,0,0,0,0,0,0,0,0,0,0,0,0,0,0,0,0.000179436569172797,0,0,0,0,0,0,0,0,0,0,0,0,0,0,0,0,0,0,0,0,0,0,0,0,0,0,0,0,0,0,0,0,0,0,0,0,0,0,0,0,0,0,0,0,0,0,0,0,0,0,0,0,0,0,0,0,2.90338970748349e-05,0,0,0,0,0,0,0,0,0,0,0,0,2.49154328682729e-06,0,0,0,0,0,0,0,0,0,0,0,0,0,0,0,0,0,0,0,0,0,0,0,0,0,0.00154707044107966,0,0,0,0,0,0,0,0,0,0,0,0,0,0,0,0,0,0,0,0,0,0,0,0,0,0,0,0,0,0,0,0,0,0,0,0,0.982782808315266,0,0,0,0,0,0,0,0,0,0,0,0,0,0,0,0,0,0,0,0,0,0,0,0,0,0,0,0,0,0,0,0,0,0,0,0,0,0,0,0,0,0,0,0,0,0,0,0,0,0,0,0,0,0,0,0,0,0,0,0,0,0,0,0,0,0,0,0,0,0,0,0,0,0,0,0,0,0
0,0,0,0,0,0,0,0,0,0,0,0,0,0.00147130946542423,0,0,0,0,0,0,0,0,0,0,0,0,0,0,0,0,0,0,0,0,0,0,0,0,0,0,0,0,0,0,0,0,0,0,0,0,0,0.00226830848995463,0,0,0,0,0,0,0,0,0,0,0,0,0,0,0,0,0,0,0,0,0,0,0,0,0,0,0,0,0,0,0,0,0,0,0,0,0,0,0,0,0,0,0,0,0,0,0,0,0,0,0,0,0,0,0,0,0,0,0,0,0,0,0,0,0,0,0,0,0,0,0,0,0,0,0,0,0,0,0,0,0,0,0,0,0,0,0,0,0,0,0,0,0,0,0,0,0,0,0,0,0.0055,0,0,0,0,0,0,0,0,0,0,0,0,0,0,0,0,0,0,0,0,0,0,0,0,5.28837509386866e-05,0,0,0,0,0,0,0,0,0,0,0,0,0,0,0,0,0,0,0,0,0,0.000260688216892596,0.00010972130787799,0,0,0,0,0,0,0,0,0,0,0,0,0,0,0,0,0,0,0,0,0,0.00846805234795997,0,0,0,0,0,0,0,0,0,0,0,0,0,0,0.00023755790473928,0,0,0,0,0,0,0,0,0,0,0,0,0,0,0,0,0,0,0,0,0,0,0,0,0,0,0,0,0,0,0,0,0,0,0,0,0,0,0,0,0,0,0,0,0,0,0,0,0,0,0,0,0,0,0,0,0,0,0,0,0,0,0,0,0,0,0,0,0,0,0,0,0,0,0,0,0,0,0,0,0,1.08537329243647e-05,0,0,0,0.000243387960408892,0,0,0,0,0,0,0,0,0,0,0,0,0,0,0,0,0,0,0,0,0,0,0,0,0,0,0,0,0,0,0,0,0,0,0,0,0,0,0,0,0,0,0,0.000136855070480361,0,0,0,0,0,0,0,0,0,0,0,0,0,0,0,0,0,0,0,0,0,0,0,0,0,0,0,0,0,0,0,3.38249222026789e-05,0.00623650755576877,0,0,0,3.09386795371574e-05,0,0,4.07273912069562e-05,0,0,0,0,0,0,0,0,0,0,0,0,0.00636942675159236,0,0,0,0,0,0,0,0,0,0,0,0,0,0,0,0,0,0,0,0,0,0,0,0,0,0,0,0,0,0,0,0,0,0,0,0,0,0,0,0,0,0,0,0,0,0,0,0,0,0,0,0,0,0,0,0,0,0,0,0,0,0,0,0,0,0,0,0,0,0,0,0,0,0,0,0,0,0,0,0,0,0,0,0,0,0,0,0,0,0.00236406619385343,0,0,0,0,0,0,0,0,0,0,0,0,0.000524109014675052,0,0,0,0.000141522785168412,0.000491926616123618,0,0,0,0,0,0,0,0,0,0,0,0,0,0,0,0,0,0,0,0,0,0,0,0,0,0,0,0,0,0,0,0,0,0,0,0,0,0,0,2.84867821330902e-05,0,0,0.982820191101245,0,0,0,0,0,0,0,0,0,0,0,0,0,0,0,0,0,8.93814801573114e-05,0,0,0,0,0,0,0,0,0,0,7.5041272699985e-05,0,0,0,0,0,0,0,0,0,0,0,0,0,0,0,0,0,0,0,0,0,0,0,0,0,0,0,0,0,6.45994832041344e-05,0,0,0,0,0,0,0,0,0,0,0,0,0,0,4.79156684235745e-08,0,0,0
0,6.5837118967674e-05,0,0,0,0,0,0,0,0,0,0,0,0,0,0,0,0,0,0,0,0,0,0,0,0,0,0,0,0,0,0,0,0,0,0,0,0,0,0,0,0,0,0,0,0,0,0,0,0,0,0,0,0,0,0,0,0,0,0,0,0,0,0,0,0,0,0,0,0,0,0.0173640762880729,0,0,0,0,0.000111982082866741,0,0,0,0,0,0,0,0,0,0,0,0,0,0,0,9.52108921260592e-05,0,0,0,0,0,0,0,0,0,0,0,0.000143410296859315,0,0,0,0,0,0,0,0,2.4515812699191e-05,0,0,0,0,0,0,0,0,0,0,0,0,0,0,0,0,0,0,0,0,0,5.40321491287316e-05,0,0,0,0,0,0,0,0,0,0,0,0,0,0,0,0,0,0,0,0,0,0,0,0,0,0,0,0,0,0,0,0,0,0.000279028979152549,0,0,0,0,0.000108260257659413,0,0,0.000306725755444382,0,0,0,0,0,0,0,0,0,0,0,0,0,3.04543793397491e-05,0,0,0,0,0,0,0,0,0,0,0.0030987162461266,0.000789265982636148,0,0,0,0,0,0,0,0,0,0,0,0,0,0,0,0,0,0,0,0,0,0,0,0,0,0,0,0,0,0,1.61762564907229e-05,0.000216076058772688,0,0,0,0.000992063492063492,0,0,1.74895499938787e-05,0,0,0,0,0,0,0,0,0,0,0,0,0,0,0,0,0,0,0,0,0,0,0,0,0,1.63238348475187e-07,0,0,1.42188248709997e-06,0,0,3.74728321966574e-05,0,0,0,0,0,0,0,0,0,0,0,0,0,0,0,0,0,0,0,0,0,0,0,0,0,0,0,0,0,0,0,0,0,0,0,0,0,6.99826792868765e-05,0,0,0,0,0,0,7.16346373008069e-05,0,0,0,0,0,0,0,0,0,0,0,0,0,0,0,0,0,0,0,0.000116872492111107,0,0,0,0,0,0,0,0,0,0,0,0,0,0,0,0,0,0,0,0,3.85104170678168e-05,0,1.67156993848623e-05,8.34724540901503e-05,0,0,0,0,0,0,0,0,0.000383656244005371,0,0,0,0,0,0,0,0,0,0,0,0,0,0,0,0,2.26244343891403e-05,0,0,0,0,0,0.000129567245400363,4.17367496254127e-06,0,0.00381773399014778,3.38249222026789e-05,0,0,0,0,0,0,0,2.03636956034781e-05,0,0,4.66113545259625e-05,0,0,0,0,0,0.00124792013311148,0,0,0,0,0,4.37171847881684e-06,0,0,0,0,0,0,0,0,0,0,0,0,0,0,0,0,0,0,0,0,0,9.48586605957124e-05,0,0,0,0,0,0,0,0,0,1.2903891813771e-05,0,0,0,0,0.00754199520054851,0,0,0,0,0,0,0,0,0,0,0.00128246232766912,0,0,0,0,0,0,0.00108459869848156,0,0,0,0,0,0,0,0,0,0,0,0,0,0,0,0,0,0,0,0,0,0,0,0.000116658889407373,0,0,0,0,0,0,7.98849656494648e-05,0,0,0,0,0,0,0,0,0,0,0,0,0,0.000110277900308778,0,0,0,0,0,0,0,0,0,0,0,0,0,0,0,0,0,0,0,0,0,0,0,0,0,0,0,0,0,0,0,0,0,0,0,0.000243842965130456,0,0,0,0,0,0,0,0.00104058272632674,0,0,0,0,0,0.977347970029622,0,0,0,0,0,0,0,0,0,0,0,0.000825218682950982,0,0,0,0,0,0,0,0.000552028705492686,0,0,0,0,0,0,0,0.00045024763619991,0,0,0,0,0,0,0,0,0,0,0,0,0,0,0,0,0,0,0,0,0,0,0,0,0,0,0,0,0,0,0,0,0,0,0,0,0,0,0,0,0,0,0,0,0,0,0,1.52671755725191e-06
0,0,0,0,0,0,0,0,0,0,0,0,0,0,0,0,0,0,0,0,0,0,0,0,0,0,0,0,0,0,0,0,0,0,0,0,0,0,0,0,0,0,0,0,0,0,0,3.36620998417881e-05,0,0,0,0,0,0,0,0,0,0,0,0,0,0,0,0,0,0,0,0,0,0.000124470998257406,0,0,0,0,0,0,0,0,0,0,0,0,0,0,0,0,0,0,0,0,0,0,0,0,0,0,0,0,0,8.2060035121695e-06,0,0,0.000628009210801758,0,0,0,0,0,0,0,0,0,0,0,0,0,0,0,0,0,0,0,0,0,0,0,0,0,0,0,0,0,0,0,0,0,0,0,0,0,0,0,0,0,0,0,0,0,0,0,0,0,0,0,0,0,0.0001831390025029,0,0,0,0,0,0,0,0,0,0,0,0,0,0,0,0,0,0,0,0,0,0,0,0,0,0,0,0,0,0,0,0,0,0,5.07572988995818e-06,0,0,0,0,0,0,0,0,0,0,0,0,0,0,0,0.000301295570955107,0,0,0,0,0,0,0,0,0,0,0,0,0,0,0,0,0,0,0,0,0,0,0,0,0,0,8.08812824536146e-06,0,0,0,0,0,0,0,0,0,0,0,0,0,0,0,0,0,0,0,0,0,0,1.25585016870254e-05,0,0,0,0,0,0,0,0,0,0,0,0,0,0,0,0,0,0,0,0,0,0,0,0,0,0,0,0,0,0,0,0,0,0,0,0,0,0,0,0,0,0,0,0,0,0,0,0,0,0,0,0,0,0,0,0,0,0,0,0,0,0,0,0,0,0,0,0,0,0,0,0,0,0,0,0,0,0,0,0,0,0,0,0,0,0,0,0,0,0,0,0,0,0,0,0,0,0,0,0,0,0,0,0,0,0,0,0,0,0,0,0,0,0,0,0,0,0,0,0,0,0,0,0,0,0,0,0,0,0,0,0,0,0,0,2.13707178424123e-05,0,0,0,0,0,3.38249222026789e-05,0,0,0,0,0,0,0,0,0,0,0,0,0,0,0,0,0,0,0,0,0,0,0,0,0,0,0,0,0,0,0,0,0,0,0,0,0,0,0,0.000726810211683474,0,0,0,0,0,0,0,0,0,0,0,0,0,0,0,0,0,0,0,0,0,0,0,0.000350600403190464,0,0,0,0,0,0,0,0,0,0,0,0,0,0,0,0,0,0,0,0,0,0,0,0,0.000928397354067541,0,0,0,0,0,0,0,0,0,0,0,0,0,0,0,0,0,0,0,0,0,0,0,0,0,0,0,0,0,0,0,0,0.000165070980521624,0,0,0,0,0,0,0,0,0,0,0,0,0,0,0.000167224080267559,0,0,0,0,0,0,0,0,0,0,0,0,0.00241796200345423,0,0.000243961941937058,0,0,0,0,0,0,0,0,0,0,0,0,0,0,0,0,0,0,0,0,0,0.980916030534351,0,0,0,0,0,0,0,0,0,0,0,0,0,0,0,0,0,0,0,0,0,0,0,0,0,0,0,0,0,0,0,0,0,0,0,0,0,0,0,0,0,0,0,0,0,0,0,0,0,0,0,0,0,0,0,0,0,0,0,0,0,0.000419903422212891,0,0,0,0,0,0,0,0,0,0,0,0,0
0,0,0,0,0,0,0,0,0,0,0,0,0,0,0,3.03324435816549e-05,0,0,0,0,0,0,0,0,0.000134977053900837,0,0,0,0,0,0,0,0,0,0,0,0,0,0,0,0.000554237701465404,0,0,0.00026123301985371,0,0,0,0,0,0,0,0,0,0,0,0,0,0,0,0,0,0,0,0,0,0,0,6.55222120298781e-05,0,0,0,0,0,0,0,0,0,0,0,0,0,0,0,0,1.69439831915687e-05,8.90471950133571e-05,0,0,0,0,0,0,0,0,1.93440434854098e-05,0,0,0,0,0,0,0,0,0,0,0,4.98690936292233e-05,0,0,0,0,0,0,0,1.385148986625e-06,0,0,0,1.30670273166206e-05,0,0.000533807829181495,0,0,0,0,0,0,0,0,1.10133371512902e-05,0,0,0,0,3.88284172242859e-05,0,0,0,4.07697325505545e-05,0,0,0,0,0,0,0,0,0,0,0,0,0.000297000297000297,0,0,8.11095790412848e-05,0,0,0,0,0,0,0,0,0,0.00019108036840295,0,2.46889196128777e-05,0,0,0,0,0,0,0,0,0,0,0,0,0,0,0,0,0,0,0,0,0,0,0,0,0,0,0,0,5.78168362627197e-05,0,0,0,0,0,0,0,0,0,0,0,0,0,0,0.000226073850791258,0,0,0,0,0,0,0,0,0,0.000161030595813205,0,0,0,0,0,0,0,0,0,0,0,0,0,0,0,0,0,0,0,0,0,0,7.17291507268554e-05,0.00150047742463511,0,0,0,0,0,0,0,0,0,0,0,0,4.18616722900846e-06,0,0,0,0,0,0,0,0,0,0,4.08095871187966e-07,0,0,0.000942708088947281,0,8.49408387058414e-06,0,0,0,0,0,0,0,0,0,0,0,0,0,0,0,0,0,0,0,0,0,0,0,0,0,0,0,0,0,0,0,0,0,0,0,0,0,0,0,0,0,9.26011667747014e-05,0,0,0,8.68298633949174e-06,0,0,0,0,0,0,0,0,0,0,0,0,0,0.000145153681460246,0,0.000304012971220105,6.6554854511088e-06,0,8.27417299640901e-06,0,0,0,0,0,0,0,0,0,0,0,0.000226834524214585,0,0,0,0.000182808091245082,0,0,0,0,0,0,0,0,0,0,0,0,0,0,0,0,0,0,0,0,0,0,0.000202794051374493,0,0,0,0.000168208578637511,0,0,0,0,0,0,0,0,0,0,0.000936642804576169,0,0,0,4.17367496254127e-06,0,0,0,0,0,0,0,0,0,0,0,0,0,0,0,0,0,0,0,0,0,0,0,0,0,0,0,0,0.000240587032358956,0,0,0,0,0,0,0,0,0,0.000131440588853838,0,0,0,0,0,0.000141376060320452,0,0,0,0.000275558004960044,0,0.00228429708915285,0,0,0,0,0,0,0,0.000131700250230475,0,0,0,0,0,0,0,0,0,0,0,0,0,0,0,0,0,0,0,0,0,0,0,0,0,0,0,0,0,0,0,0,0,0,0,0,0,0,0,0,0,0,0,0,0,0,0,0,0,0,0,8.30514428942431e-07,0,0,0,0,0,0,0,0,0,0,0,0,0,0,0,0,2.38685131348428e-06,0,5.23498540747818e-05,0,0,0,0,0,0,0,0,0.000223164472216023,0,0.000467508181393174,0,0,0,0,0,0,0,0,0,0,0,0,0,0,0,0,0,0.0001900779319521,0,0,0,0,0,0,0,0,0,0,0,0,0,0,0,0,0,0,0.975121840643772,0,0,0,0,0,0,0,0,0,0,0,0,0,0.000279121697059918,0,0,0.000152383274411801,0,0,0,0,7.25067467527853e-07,0,0,0,0,0,0,0,0,0,0,0.000144320969836917,0,0,0,0,0,3.19959045242209e-05,0,0,0,0,0,0,7.93704337197351e-06,0,0,0,0,0,0,0,0,0,0,0,0,0,0,0,0,0,7.65081672468536e-06,0,0,0,8.22828555442188e-06,0,0,2.39578342117873e-07,0,9.02527075812274e-08,0
0,0,0,0,0,0,1.43180731309903e-06,3.64721243553552e-06,0,0,0,0,0,0,0,0,0,0,0,0,0,0,0,0,0,0,0,0,1.1132882080513e-05,0,0,4.09785682088268e-05,7.44956643523347e-06,0,0,0,0,0,0.000220653133274493,0,0,0,0,0,0,0,0,0,0,0,0,0,0,0,0,0,0,0,0,0,5.69174639854747e-06,0,0,0,0,7.84559861917464e-05,0,0,0,0,0,0,0,2.47437781769774e-06,0,3.84551292733262e-05,0,0,0,0,0,0,0,0,4.23599579789217e-06,0,0,0,0.00028989708653428,0,0,0,0,0,0,0,0,0,0,0,0,0,0,0,0,0,0,0,0,0,0,0,0,0,0,0,0,0,3.26675682915515e-06,0,0,0,0,0,0,0,0,0,8.5397096498719e-05,0,0,0,0,0,0,0,0,0,0,0,0,0,0,0,0,0,0,0,0,0.000466118976868846,0,0,0,0,0,0,3.05231670838166e-05,0,0,0,0,0,0,0,0,0,0,0,0,0,0,0,0,0,0,3.04145503208735e-05,0,0,0,0,0,0,0,0,0,0,0.000262881177707676,0,0,0,0,5.07572988995818e-06,0,0,0,0,0,0,0,0,0,0,0,0,0,0.000134358037297791,0,0,0,1.63942488974868e-05,0,0,0,0,0,0,0,0,0,0,0,0,0,0,0,0,0,0,0,0,0,0,0,0,8.08812824536146e-06,0,0,0,2.09762339269608e-05,0,0,0,0,0,0,0,0,0,0,0,0,0,0,0,0,0.000115366866635902,0,4.18616722900846e-06,0,5.50751776174478e-05,0,0,7.96140311768546e-05,0,0,0,0,0,1.14266843932631e-06,0,0,1.42188248709997e-06,0,0,0,0,0,0,0,0,0,0,0,0,0,0,0,0,0,0,0,0,0,0,0,0,0,0,7.14694110920526e-05,0,0,0,7.21552781585973e-05,0,0,0,0,0,0,0,0,0,1.74956698217191e-05,0,0,0,0,0,0,0,0,0,0,0,0,0,2.8048130592096e-05,0,0,0,0,0,4.84439793822424e-06,0,0,0,8.65213108644144e-05,0,0,0,0,1.39125982751161e-06,0,0,0,0,0,0,0,0,0,0,0,0,0,0,0,0,0,0,0,0,0,0,0,0,0,0,0,0,0,0,0,0,0,0,0,0,0,0,0,0,0.00150856331528973,2.83575317604356e-05,0,0,0,0,0,0,0,0,0,0,0,0,0,0,0,0,0,0,0,0,0,0,8.8073135932078e-06,0,0.000540682721533785,0,0,1.19198603945951e-06,0,0,0,0,0,0.0100637972863689,0,0,0,0,0,0,0,0,0,0,0,0,0,0.000146670577882077,1.14982838811307e-05,0,0,0,0,0,0,4.54256382302171e-05,0,0,0,3.68663594470046e-05,0,0,0,0,0.000255754475703325,0.000774713356058258,0,0.00102419310192105,0.000297441998810232,0,0,0,0,0,0,0,0,0,0,0,0,0,0,0,0,0,0,0,0,0,0,0,0,0,0,0,0,0,0,0,0.000107096193801272,0,0,0,0,0.000851098322120451,0,0,0,0,0,0,0,0.000110308311731289,0,0,3.12052399838981e-06,0,0,0,0,0,0,0,0,0,0,0,2.73374922771584e-06,0,0,3.97413632082408e-06,2.24294705299187e-06,4.1262636682484e-05,0,0,0,0,0,0,0,4.47147200858523e-05,0,0,0,0,0.000466200466200466,0,0.000256269449020685,0,0,0,0,0,0,0,0,0,0,0,0,0,0,0,0,0,0,0,0,0,0,0.0138756890325033,0,0,0,2.30781124873359e-06,0,0,0,0.000323991576219018,0,0,0,0,0,0,0,0,0,0,0,0.983786687503052,0,0,0,0,0,0,0,1.4719346225518e-06,0,0,0,0,0,0,0,3.04766548823601e-05,0,0,0,2.46374193124518e-05,7.25067467527853e-07,0,0,0,0,0,0,0,0,0,0,0,0,0,0,0,0,0,0,0,0,0,2.25275963054742e-05,0,3.96852168598675e-06,0,0,0,0,0,0,0,0,0,0,0,0,0,0,0,0,0,0,0,0,5.64993031752608e-05,0,0,0,4.79156684235745e-08,0,0,0
0,0,0,0,0,0,0,0,0,0,0,0,0,0,0,0,0,0,0,0,0,0,0,0,0,0,0,0,0,0,0,0,0,0,0,0,0,0,0,0,0,0,0,0,0,0,0,0,0,0,0.00286280554943845,0,0,0,0,0,0,0,0,2e-04,0,0,0,0,0,0,0,0,0,0,0,0,0,0,0,0,0,0,0,0,0,0,9.59079283887468e-05,0,0,0,0,0.000130446125750065,0,0,0,0,0,0,0,0,0,0,0,0,0,0,0,0,0,0,0,0,0,0,0,0,0,0,0,0,0,0,0,0,0,0,0,0,0,0,0,0,0,0,0,0,0,0,0,0,0,0,0,0,0,0,0,0,0,0,0,0,0,0,0,0,0,0,0,0,0,0,0,6.71005837750788e-05,0,0,0,0,0,0.000233154581487526,0,0,0,0,0,0,0,0,0,0,0,0,0,0,0,0,0,0,0,0,0,0,0,0,0,0,0,0,0,0,0.00028169014084507,0,0,0,0,0,0,0,0,0,0,0,0,0,0,0,0,0,0,0,0,0,0,0,0,0,0,0,0,0,0,0,0,0,0,0,0,0,0,0,0,0,6.29287017808823e-05,0,0,0,0,0,0,0,0,0,0,0,0,0,0,0,0,0,0,8.37233445801693e-06,0,0,0,0,0,0,0,0,0,0.000153491941673062,1.63238348475187e-07,0,0,0,5.74789722759757e-05,0,0,0,0,0,0,0,0,0,0,0,0,0,0,0,0,0,4.01364639775236e-05,0,0,0,0,0,0,0,0,0,0,0,0,0,0,0,0,0,0,0,0,0,0,0,0.000240038406144983,0,0,0,0,2.17074658487294e-06,0,0,0,0,0,0,0,0,0,0,0,0,0,0,0,0,0,0,0,0,0,0,0,0,0,0,0,0,0,0,0,0,0,0,0,0,0,0,0,0,0,0,0,0,0,0,0,0,0,0,0,0,0,0,0,0,0,0,0,0,0,0,0,0,0,0,0,0,0,0,0,0.000100075056292219,0,0,0,0,0,0,0,0,0,0,0,0,0,0,0.000951189868066442,0,0,0,0,0,0,0,0,0,0,0,0,0,0,0,0,0,0,0,0,0,0,0,0,0,0,0,0.000216450216450216,0,0,0,0,0,0.000373692077727952,0,0,0,0,0,0,0,0,0,0,0,0,0,0,0,0,0,0,0,0,0,0,0,0,0,0,0,0,0,0,0,0,0,0,0.000515929317683477,0,0,0,0,0,0,0,0,0,0,0,0,0,0,0,0,0.000323310701584222,0,0,0,0,0,0,0,0,0,0,0,0,0.00040281973816717,0,0,0,0,0,0,0,0,0,0,0,0,0,0,0,0,0,0,0,0,0,0,0,0,0,0,0,0,0,0,0,0,0,0,0,0,0,0,0,0,0,0,0.000101564086938858,0,0,0,0,0,0,0,0,0,0,0,0,0,0,0,0,0,0,0,0,0,0,0,0,0,0,0,0.975993998499625,0,0,0,0,9.22253988748501e-05,0,0,0,0,0,0,0,0,0,0,0,0,0,0,0,0,0,0,0,0,0,0,0,0,0,0,0,0,0,0,0,0,0,0,0,0,0,0,0,0,0,0,0,0,0,0,0,0,0,0,0,0,0,0,0,0,0,8.05282654211628e-05,0.00018000990054453,0,0,0,0,0,0,1.62454873646209e-06,0
0,0,0,0,0,0,0,0,0,0,0,0,0,0,0,0.000485319097306479,0,0,0,0,0,0,0,0,0,0,0,0,0,0,0,0,0,0,0,0,0,0,0,0,0,0,0,0,0,0,0,0,0,0,0,0,0,0,0,0,0.000270738574832142,0,0,0,0,0,0,0,0,0,5.71559213534522e-05,0,0,0,0,0,0,0,0,0,0,0,0,0,0,0,0,0,8.47199159578434e-06,0,0,0,0,0,0,0,0,0,0,0,0,0,0,8.2060035121695e-06,0,0,0,0,0,0,2.49345468146116e-05,0,0,0,0,0,0,0,0,0,0,0,0,0,0,0,0,0,0,0,0,0,0,0,0,0,0,0,2.58856114828573e-05,0,0,0,0,0,0,0,0,0,0,0,0,0,0,0,0,0,0,0,0,0,0,0,0,0,0,0,0,0,0,0,0,0,0,3.98612827360784e-05,0,0,0,0,0,0,0,0,0,0,0,0,0,0,0,0,0,0,0,0,0,0,0,0,0,0,0,0,3.65150076681516e-05,0,0,5.26094276094276e-05,0,0,0,0,0,0,0,0,0,0,0,0,0,0,0,0,0,0,0,0,0,0,0,0,0,0,0.000981897832271709,0,0,0,0,0,0,0,0,0,0,0,0,0,1.74895499938787e-05,0,0,0,0,0,0,9.00915657914135e-05,0,0,0,0,0,0,0,0,0,0,0,0,2.65380103922849e-06,0,0,0,0,0,0,0,0,1.84844723322996e-05,0,0,0,0,0,0,0,0,0,0,0,0,0,0,9.89119683481701e-05,0,0,0,0,0,0,0,0,0,0,0,0,0,0,0,0,0,0,0,0,0,0,0,0,0,0,1.20235661897319e-05,0,0,0,0.00426894343649947,0,0,0,0,0,0,0,0,0,0,0,0,0,0,0,3.62884203650615e-05,0,0.000202675314146737,0,0,0,0,0,0,0,0,0,0,0,0,0,0,0,0,0,0,7.15336009219886e-05,0,0,0,0,0,0,0,0,0,0,0,0,0,0,0,0,0,0,0,0,0,0,0,0,0,0,0,0,0,0,0,0,0,0,0,0,0,0,0,0,0,0,0,0,0,0,0,0,0,0,0,0,0,0,0,0,0,0,0,0,0,0,0,0,0,0,0,0,0,0,0,0,0,0,0,0,0,0,0,0,0,0,0,0,0,0,0,0,0,0,0,1.66575050388953e-05,6.52656311186529e-05,0,0,0,0,0,0,0.000890368535150201,0,0,0,0,0,0,0,0,0,0,0,0,0,0,0,0,0,0,0,0,0,0,0,0,0,0,0,0,0,0,0,0,0,0,0,9.08512764604343e-05,0,0,0,0,0,0,0,0,2.00156121774984e-05,0,0,0,0,0,0,0,0,0,0,0,0,0,0,0,0,0,0,0,0,0,0,0,0,0,0,0,0,0,0,0,0,0,0,0,0,0,0,0,0,0,0,0.000865925819021504,0,0,0,0,0,0,0,0,0,0,0,0,0,0,0,0,0,0,0,0,0,0,0,0,0,0,0,0,0,0,0,0,0,0,0.991004339083501,0,0,0,0,0,0,0,0,0,0,0,0,0,6.09533097647202e-05,0,0,0,0,0,0,0,0,0,0,0,0,0,0,0,0,0,0,0,0,0,1.59979522621104e-05,0,0,0,0,0,0,0,0,0,0,0,0,0,0,0,0,0,0,0,0,0,0,0,0,0,0,0,0,0,0,0,9.5831336847149e-08,0,0,0
0,0,0,4.33179843275533e-06,0,8.29714854661615e-05,5.15450632715652e-05,0.000102121948194995,0,0,0,0,0,0,0,0,0.000137670613224246,0,0,5.8990586787794e-05,0.000331985654836418,0,2.46228598630969e-05,0,0,0,0,1.8379650051463e-05,6.6797292483078e-05,6.7118598563662e-05,0,0,0,0,0,0,0,0,0,0,0,1.54807148994141e-05,0,0,0,0,0,0,0,0,0,0,0,0,0,0,0,0,0,0,4.55339711883797e-05,0,4.53106693680456e-05,0,0,3.92279930958732e-05,0,0,0,0,0,0,0,4.94875563539548e-06,0.000104165310347522,0,0,0,0,0,0,0,0,0,4.23599579789217e-06,0,0.000142294739837784,0,0,0,0,5.9130777569725e-05,0,0.000224564943874145,9.67202174270488e-06,4.02357816806486e-05,7.32225232481511e-05,0,1.27014771817962e-05,0,0,0,0,0,0,9.32253831204687e-05,0,3.66260117935758e-05,0,0,0,0,0,0,1.5236638852875e-05,0,0,0,9.80027048746545e-06,0,0,0,0,0,0,5.71165547294187e-05,0,0,0,1.10133371512902e-05,0,0,0,0,0,0,0,0,0,0,0,0,0,0,0,0,0,0,0,0,0,0,0,0,0,0.000437626121416936,0,0,0,0,0,0,0,0,0,0,0,0,0,0,0,0,0,1.06086163181736e-05,0,0,0,0,0,0,0,0,5.73526038082129e-05,0,0,0.000101791530944625,0,0,3.81058835484199e-05,0,0,5.07572988995818e-06,8.40256314708869e-05,0.000117377375165709,0,0,0,0,1.82575038340758e-05,0,0,0,0,0,3.36558687421119e-05,0,0,0,0.000102169396859994,6.5576995589947e-05,0,1.28390581266958e-05,0,0.000146447191142874,0,0,0,0,0,0,0,0,0,0.000284711018316409,0,0,7.98570558699927e-05,0,0,0,3.50235708631909e-05,2.7680894646515e-05,0,0,0,0,0,0,4.19524678539215e-05,0,0,0,0,0,0,0,0,0,9.19286633572348e-05,0,0,0,0,0,0,0,0,0,0,0,0,0,5.30760207845697e-06,0,0,0,0,0,0.000803622389543343,0,0,4.26564746129991e-06,0,2.83136129019471e-06,0,0,6.65690320862735e-05,0,1.82775259540869e-05,0.00137779515537433,0,0,0,0,7.60499648268913e-05,0,0,6.76223965377333e-05,0,0,0,0,0,0,0,1.12731945978851e-05,0,0,0,6.36051392952551e-05,0,0,0,0,0,5.29240539825351e-05,0,0,0,0,0,0,0,0,0,0,0,0,0,2.17074658487294e-06,0,0,0,0,0,0,0,1.07308802541072e-05,0,0,0,0,0,0,0,0,0,0,1.6548345992818e-05,0,0,0.00186428816886555,9.63043216564343e-05,0,2.04561726500972e-05,0,0,1.55058793125727e-05,0,0,0,0,0,0,7.94817788022096e-06,0.000127253446447508,0,0,0,0,0,0,0,0,0,0,0,0,0,0,0,0,0,0,0,0,7.7074489529727e-05,0,9.62788234727772e-05,0,0,0,0,0,0,0,0,0,0,0,0,0,0,0,0,0,4.17367496254127e-06,0,0,0,0,0,4.00201701657635e-05,0,0,0,0,0,0,0,0,0.00875275348775115,0,0,0,0,0,0,0,0,0,0,0,0,5.94078228221092e-06,0,1.41622498150056e-05,0,0,0,0,0,2.87457097028269e-05,0.000324114088159032,0,0,0,0,0,0,0,0,0,0,0,0,0,0,8.52514919011083e-05,0,0,0,0,0,0,0,0,0,0.000186706497386109,0,0,0,0,0,0.000126778062324095,0.000252793366702058,0,0,0,0,0,0,0,0,6.58379858843358e-06,0,0,0,5.22775589865124e-05,0,0,0,0,0,0,0.000476173679940743,0,0,0,0,0,0,0,0,0,4.89779925553451e-05,2.43872698451408e-05,1.10308311731289e-05,0,0,6.24104799677962e-05,0,0,0,0,0,0,1.07966875762516e-05,0,0,0,0,6.01424830097486e-05,0,0,7.94827264164815e-06,2.69153646359024e-05,0,0,0,0,0,0,0,3.34159183887799e-05,0,0,0,1.44684298859888e-05,0,0.000621600621600622,0,0,0,5.3934378042236e-05,0,0,0,0,0,0,0,0,0,4.73901732734388e-05,0,0,2.27474352266782e-05,0,0,0,0,0,0,0,0,0,4.1178529514711e-05,0,6.23109037158069e-05,0,5.01907247540654e-05,0,0,0,0,0,0,0,0.00010840500108405,0,0,0,0,0,0,0,0,0.953265516037407,0,0,0,0,2.35509539608289e-05,0,0,0,0,0,0,0,0,0,0,1.38513747489438e-05,0,7.10566118177296e-05,0,3.29612375846005e-05,0,0,0.000104887770086008,0,0,0,0,0,0,0,0,0,0,0,0,0,6.1353457267317e-05,0,0,0,0,0,0,0,3.83965596682537e-05,0,0,0,0,0,0,0,0,0,0,0,0,0,5.76493478417525e-05,5.35557170727975e-05,0,0,0,0,0,0,3.83325347388596e-07,6.07533414337789e-08,0,0
0,0,0,0,0,0,0,0,0,0,0,0,0,0,0,0,0,0,0.000839310239584923,0,0,0,0,0,0,0,0,0,0,0,0,0,0,0,0,0,0,0,0,0,0,0,0,0,0,0,0,0,0,0,0,0,0,0,0,0,0,0,0,0,0,0,0,0,0,0,0,0,0,0,0,0,0,0,0,0,0,0,0,0,0,0,0,0,0,0,0,0,0,0,0,0,0,0,0,0,0,0,0,0,0,0,0,0,0,0,0,0,0,0,0,0,0,0,0,0,0,0,0,0,0,0,0,0,0,0,0,0,0,0,0,0,0,0,0,0,0,0,0,0,0,0,0,0,0,0,0,0,0,0,0,0,0,0,0,0,0,0,0,0,0,0,0,0,0,0,0,0,0,0,0,0,0,0,0,0,0,0,0,2.85160260066157e-05,0,0,0,0,0,0,0,0,0,0,0,0,0,0,0,0,0,0,0,0,0,0,0,0,0,0,0,0,0,0,0,0,0,0,0,0,0,0,0,0,0,0,0,0,0,0,0,0,0,0,0,0,0,0,0,0,0,0,0,0,0,0,0,0,0,0,0,0,0,0,0,0,0,0,0,0,0,0,0,0,0,0,0,0,0,0,0,0,0,0,0,0,0,0,0,0,0,0,0,0,0,0,0,0,0,0,0,0,0,0,0.000120409391932571,0,0,0,0,0,0,0,0,0,0,0,0,0,0,0,0,0,0,0,0,0,0,0,0,0,0,0,0,0,0,0,0.00013575889220744,0,0,0,0,0,0,0,0,0,0,0,0,0,0,0,0,0,0,0,0,0,0,0,0,0,0,0,0,0,0,0,0,0,0,0,0,0,0,0,0,0,0,0,0,0,0,0,0,0,0,0,0,0,0,0,0,0,0,0,0,0,0,0,0,0,0,4.52488687782805e-05,0,0,0,6.4112153527237e-05,0,0,0,0,0,0,0,0,0,0,0,0,0,0,0,0,0,0,0,0,0,0,0,0,0,0,0,0,4.80889032669852e-05,0,0,0,0,0,0,0,0,0,0,0,0,0,0,0,0,0,0,0,0,0,0,0,0,0,0,0,0,0,0,0,0,0,0,0,0,0,0,0,0,0,0,0,0,0,0,0,0,0,0,0,0,0,0,0,0,0,0,0,0,0,0,0,0,0,0,0,0,0,0,0,0,0,0,0,0,0,0,0,0.00353584056573449,0,0,0,0,8.30514428942431e-07,0,0,0,0,0,0,0,0,0,0,0,0,0,0,0,0,0,0,0,0,0,0,0,0,0,0,0,0,0,0,0,0,0,0,0,0,0,0,0,0,0,0,0,0,0,0,0,0,0,0,0,0,0,0,0,0,0,0,0,0,0,0,0,0,0,0,0,0,0,0,0,0.975420037336652,0,0,0,0,0,0,0,0,0,0,0,0,0,0,0,0,0,0,0,0,0,0,0,0,0,0,0,0,0,0,0.000143691924513842,0,0,0,0,0,0,0,0,0,0,0,0.00314606741573034,0,0,0,0,0,0,0,0,0,0,0,0,0,0,0,0,0,0,0,0,0,0,0,0,0,0
0,0,0,0,0,0,0,0,0,0,0,0,0,0,0,0,0,0,0,0,0,0,0,0,0,0,0,0,0,0,0,0,0,0,0,0,8.75886835420864e-05,0,0,0,0,0,0,0,0,0,0,0,0,0,0,0,0,0,0,0,0,0,0,0,0,0,0,0,0,0,0,0,0,0,0,0,0,0,0,0,0,0,0,0,0,0,0,0,0,0,0,0,0,0,0,0,0,0,0,0,0,0,0,0,0,0,0,0,0,0,2.49345468146116e-05,0,0,1.98027644659194e-05,0,0,0,0,0,0,0.000317712470214456,0,0,0,0,0,0,0,0,0,0,0,0,0,0,0,0,0,7.76568344485718e-05,0,0,0,0,0,0,0,0,0,0,0,0,0,0,0,0,0,0,0,0,0,0,0,0,0,0,0,0,0,0,0,0,0,0,0,0,0,0,0,0,0,0,0,0,0,0,0,0,0,0,0,0,0,0,0,0,0,0,0,0,0,0,0,0,0,0,0,0,0,0,0,0,0,0,0,0,0,0,0,0,0,0,0,0,0,0,0,0,0,0,0,0,0,7.55306024824391e-05,0,0,0,0,0,0,0,0,0,0,0,0,0,0,0,0,0,0,0,0,1.63802846893479e-05,0,0,0,0,0,0,0,0,0,0,0,0,0,0,0,0,0,0,8.16191742375933e-08,0,0,1.42188248709997e-06,0,0,0,0,0,0,0,0,0,0,0,0,0,0,0,0,0,0,0,0,0,0,0,0,0,0,0,0,0,0,0,0,0,0,0,0,0,0,0,0,0,0,0,0,0,0,0,2.17074658487294e-06,0,0,0,0,0,0,0,0,0,0,0,0,0,0,0,0,0,0,0,0,0,0,0,0,0,0,0,0,0,0,0,0,0,0,1.58963557604419e-05,0,0,0,0,0,0,0,0,0,0,0,0,0,0,0,0,0,0,0,0,0,0,0,0,0,0,0,0,0,0,0,0,0,0,0,0,0,0,0,0,0,0,0,0,0,0,0,0,0,0,0,0,0,0,0,0,0,0,0,0,0,0,0,0,0,0,0,0,0,0,0,0,0,0,0,0,0,0,0,0,0,0,0,0,0,0,0,0,0,0,0,1.66575050388953e-05,0,0,0,0,0,0,0,0.000322597295344276,0,0,0,0,0,0,0,0,0,0,0,0,0,0,0,0,0,0,0,0,0,0,0,0,0,0,0,0,0,0,0,0,0,0,0,0,0,0,0,0,0,0,0,0,2.00156121774984e-05,0,0,0,0,0,0,0,0,0,0,0,0,0,0,0,0,0,0,0,0,0,0,0,0,0,0,0,0,0,0,0,0,0,0,0,0,0,0,0,0,0,0,0.000144320969836917,0,0,0,0,0,0,0,0,0,0,0,0,0,0,0,0,0,0,0,0,0,0,0,0,0,0,0,0,0,0,0,0,0,0,0,0,0,0.980434009249377,0,0,0,0,0,0,0,0,0,0,0,0,0,0,0,0,0,0,0,0,0,0,0,0,0.00215594681997844,0,0,0,0,0,0,0,0,0,0,0,0,0,0,7.93704337197351e-06,0,0,0,0,0,0,0,0,0,0,0,0,0,0,0,0,0,0,0,0,0,0,0,0,0,0,0,0
0,0,0,0,0,0,0,0,0.000765257317773101,0,0,0,0,0,0,0,0,0,0,0,0,0,0,0,0,0,0,0,0,0,0,0,0,0,0,0,0,0,0,0,2.21695080586162e-05,0,0,0,0,0,0,0,0,0,0,0,0,0,0,0,0,0,0,0,0,0,0,0,0,0,0,0,0,0,0,0,0,2.47437781769774e-06,0,1.28183764244421e-05,0,0,0,0,0,0,0,0,0,0,0,0,0,0,0,0,0,0,0,0,0,0,0,0,0,0,0,0,0,0,0,0,0,0,0,0,0,0,0,0,0,0,0,0.000185082361650935,0,0,0,0,0,0,0.000384172109104879,0,0,0,0,0,0,0,0,0,0,0,0,0,0,0,0,0,0,0,0,0,0,0,0,0,0,0,0,0,1.52615835419083e-05,0,0,0,0,0,0,0,0,0.000233154581487526,0,0,0,0,4.77258626449673e-05,0,0,0,0,0,0,0,0,0,0,0,0,0,0,0,0,0,0,0,0,0,0,0,0,0,0,0,0,0,0,0,0,0,0,2.68716074595582e-05,0,0.000150647785477553,0,0,0,0,0,0,0,0,0,0,0,0,0,0,0,0,0,0,0,0,0,0,0,0,0,0,0,0,0,0,0,0,0,0,0,0,0,0,0,0,0,0,0,0,0,0,0,0,0,0.00117631299135138,0,0,0,0,1.32690051961424e-05,0,0,0,0,0.000306983883346124,1.63238348475187e-07,0,0,0,0,0,0,0,0,0,0,0,0,0,0,0,0,0,0,0,0,0,0,0,0,0,0,0,0,0,0,0,0,0,0,0,0,0,0,0,0,0,0,0,0,0,0,0,0,0,0,0,0,0,0,0,0,0,0,0,0,0,0,0,0,0,0,0,0,0,0,0,0,0,0,0,0,0,0,0,0,0,0,0,0,0,0,0,0,0,0,0,0,0,0,0,0,0,0,0,0,0,0.00015271838729383,0,0,0,0,0,0,0,0,0.000292740046838407,0,0,0,0,0,0,0,0,0.000520381613183001,0,0,0,0,0,0,0,0,0,0,0,0,0,0,0,0,0,1.76146271864156e-05,0,0,0,0,0,0,0,0,0,0,0,0,0,0,0,4.37171847881684e-06,0,0,0,0,0,0,0,0,0,0,0,0,0,0,0,0,0.000136276914690651,0,0,0,0,0,0,0,0,0,0,0,2.7680894646515e-05,0,0,0,0,0,0,0,0,0,0,0,0,0,0,0,0,0,0,0,0,0,0,0,0,0,0,0,0,0,0,0,0,0,0,0,0,0,0,0,0,0,0,0,0,0,0,0,0,0,0,0,0,0,0,0,0,0,0,0,0,0,0,0,0,0,0,0,0,0,0,0,0,0,0,0,0,0,0,0.000155400155400155,0,0,0,0,0,0,0,0,0,0,0,0,0,0,0,0,0,0,0,0,0,0,0,0,0,0,0,0,0,0,0,0,0,0,0,0,0,0,0,0,0,0,0,0,2.44176393026322e-05,0,0,0,0,0,0.958314119708568,0,1.4719346225518e-06,0,0,0,0,0,0,0,0,0,0,0,0,0,0,0,0,0,0,0,0,0,0,0,0,0,0,0,0,0,0,0,0,0,0.000654450261780105,0.000901103852218968,0,3.96852168598675e-06,0,0,0,0,0,0,0,0,0.000228545309107531,0,0,0,0,0,0,0,0,0,0,0,1.88331010584203e-05,0,0,0,0,0,9.02527075812274e-08,0
0,6.5837118967674e-05,0,0,0,0,0,0,0,0,0,0,0,0.00122609122118686,0,0,0,0,0,0,0,0,0,0,0,0,0,0,0,0,0,0,0,0,0,0,0,0,0,0,0,0,0,0,0,0,0,0,0,0,0,0,0,0,0,0,0,0,0,0,0,0,0,0,0,0,0,0,0,0,0,0,0,0,0,0,0,0,0,0,0,0,0,0,4.23599579789217e-06,0,0,0,0,0,0,0,0,0,0,0,0,0,0,0,0,0,0,0,0,0,0,0,0,0,0,0,0,0,0,0,0,0,0,0,0,0,0,0,0,0,0,0,0,0,0,0,0,0,0,0,0,0,0,0,0,0,0,0,0,0,0,0.00201748486886348,0,0,0,0,0,0,0,0,0,0,0,0,0,0,0,0,0,0,0,0,0,0,0,0,0,0,0,0,0,0,0,0,0,0,0,0,0,0,0,0,0,0,0,0,0,0,0,0,0,0,0,0,0.00032916392363397,0,0,0,0,0,0,0,0,0,0,0,0,0,0,0,0,0,0,0,0,0,0,0,0,0,0,0,0,0,0,0,0,0,0,0,0,0,0,0,0,0,0,0,0,0.00236406619385343,0,0,0,0,0,0,0,0,0,0,0,0,0,0,0,0,0,0,0,0,0,0,0,0,0,0,0,0,0,0,0,0,0,0,0,0,0,0,0,0,0,0,0,0,0,0,0,0,0.000548847420417124,0,0,0,0,0,0,0,0,0,0,0,0,0.00366178428761651,0,0,0,0,0,0,0,0,0,0,0,0,2.5306205081486e-05,0,0,0,0,0,0,0,0,0,0,0,0,0,0,0,0,0,0,0,0,0,0,0,0,0,0,0,0,0,0,0,0,0,0,0,0,0,0,0,0,0,0,0,0,0,0.0020664714999139,0,0,0,0,0,0,0,0,0,0,0,0,0,0,0,0,0,0,0,0,0,0,0,0,0,0,0,0,0,0,0,0,0,0.000239865675221876,0,0,0,0.00139224057917208,0,0,6.10910868104344e-05,0,0,0,0,0,0,0,0,0,0,0,0,0,0,0,0,0,0,0,0,0,0,0,0,0,0,0,0,0,0,0,0,0,0,0,0,0,0,0,0,0,0,0,0,0,0,0,0,0,0,0,0,0,0,0,0,0,0,0,0,0,0,0,0,0,0,0,0,0,0,0,0,0,0,0,0,0,0,0,0,0,0,0,0,0,0,0,0,0,0,0,0,0,0,0,0,0,0,0,0,0,0,0,0,0,0,0,0,0,0,0,0,0,0,0,0.000524109014675052,0,0,0,0,1.44684298859888e-05,0,0,0,0,0,0,0,0,0,0,0,0,0,0,0,0,0,0,0,0,0,0,0,0,0.000531632110579479,0,0,0,0,0,0,0,0,0,0,0,0,0,0,0,0,0,0,0,0,0,0,0,0,0,0,0,0,0.973178542834267,0,0,0,0,0,0,0,0,0,0,0,0,0,0,0,0,0,0,0,0,0,0,0,0,0,0,0,0,0,0,0,0,0,0,0,0,0.000952986022871665,0,0,0,0,0,0,0,0,0,0,0,0,0,0,0,0,0,0,0,0,0,0,0,0,0,0,0,0,0
0,0,0,6.93087749240852e-05,0.000130565347956652,0.000221257294576431,0.000108817355795526,0.000335543544069268,0,0,0,0.000576535024502739,0,0,0,0,1.96672304606065e-05,0,0,0.00119666618912382,1.90310247995399e-05,0.00012531328320802,1.64152399087313e-05,0,0,0,0,1.8379650051463e-05,5.5664410402565e-05,3.3559299281831e-05,0,4.09785682088268e-05,2.23486993057004e-05,0,0,0,0,0,0,0,0,4.64421446982422e-05,0,0,0.00100755667506297,0,0,0,0.00115715230328411,0.000420816383784542,0,0,0,0,0,0,0,0,0,0,3.41504783912848e-05,0,5.17836221349093e-05,0,0.000106923282544774,0,0,0,0,0,0,0,0,7.42313345309322e-05,7.81239827606411e-05,0,0,0,0.000431965442764579,0,0,0,3.19693094629156e-05,0,2.11799789894608e-05,0,6.32421065945707e-05,0,9.66323621780934e-05,0,0,4.92756479747709e-05,0,3.691478529438e-05,9.67202174270488e-06,0.000261532580924216,0,0.000735459355655887,6.35073859089812e-06,0,0,0.0541312867406924,0,0,0,0.000229477866142692,0,0,0,0,0,0,0,0,1.8006936826125e-05,0.000205136620989579,0,6.95797383801837e-05,4.2467838779017e-05,0,0,0.000330542089026003,0,0,0,3.02381760332217e-05,0,0,0,3.30400114538706e-05,0,0,2.96577495699626e-05,0,1.29428057414286e-05,0,0,0,4.07697325505545e-05,0,0,0,0,8.58000858000858e-05,0,0,0,0,7.00549931696382e-05,5.82648721086057e-05,6.69792364367046e-05,0.000594000594000594,0,0,0,1.62083748672939e-05,0,0,0,0.000201301751325237,0,0,1.33738114025116e-05,0,0,0,0,0,0,0,0,6.31911532385466e-05,0,4.24344652726945e-05,0,0,0,0,0,0,0,0,0,0,0,0.000356270358306189,0.000788643533123028,0.000594577453622959,6.35098059140331e-05,0.000329218106995885,0,5.07572988995818e-06,2.92263065985694e-05,4.48795846221829e-05,0,0,0,0.000372102913034233,1.82575038340758e-05,0,0,0,0,0,0.000143037442153976,8.06148223786747e-05,2.08685490097873e-05,0,2.55423492149985e-05,0.00342639801957473,0,2.99578022956236e-05,0,0.000234315505828598,0.000349406009783368,4.30700318718236e-05,0,0,0,0.000286286859433152,0,7.71604938271605e-05,0,0,0.000683526999316473,3.55101026241966e-05,1.99642639674982e-05,0,0,0,3.50235708631909e-05,2.7680894646515e-05,0,0.000275482093663912,0,0,0.00040307183164326,0,6.29287017808823e-05,0,0,0,0,2.39097169089518e-05,0,0,0,0,0,0,0,0,0,0.000227842333105491,0,0.000461467466543609,0,1.25585016870254e-05,0,0,0,0,3.44994135099703e-05,0,0,0,0,0,5.31340824286732e-05,0,0.0156752234599974,9.9531774096998e-06,9.57982871266262e-06,2.83136129019471e-06,0,9.35716290820623e-05,0.000133138064172547,0.00207296849087894,7.31101038163474e-05,4.34439913856771e-05,0,0,7.97448165869218e-05,0,0.000323212350514288,2.46309463209577e-05,0,0,0,4.93559054340852e-05,0,0,6.08124543906592e-05,0,0,1.12731945978851e-05,0,0,0,9.54077089428826e-05,0,0.000759163098600103,7.21552781585973e-05,0,0,0.000264620269912675,0,0,0,0,0,0,0,1.20235661897319e-05,0,0,0,0,0,2.17074658487294e-06,0,0,0,0,0.000447027268663388,0.000281341435966689,5.60962611841921e-05,2.14617605082145e-05,0,0,0.000286902883373978,0,2.90663876293454e-05,3.62884203650615e-05,0,0,3.99329127066528e-05,0,4.1370864982045e-05,0,0,4.45203144803714e-05,0.000100317001725452,0,0.00014319320855068,0,0,4.13490115001938e-05,0,0.000300255216934394,0,0,0,0,0,0.00532343584305408,0.000130327121073895,0,0,0,0,0,0,0,0,0,0,0,0.000499096872326267,0,0.00030543677458766,0,0,0.00437530384054448,0.00371461508902267,3.42125970782442e-05,4.15016482083146e-05,0,4.81394117363886e-05,0,0.000116822429906542,0,0.000116043331945364,2.83575317604356e-05,0,0,0.000445610734267465,0,0,2.26244343891403e-05,0.0001907709265108,5.00375281461096e-05,6.69030574697264e-05,0,0.00103721148742229,0,3.33893997003301e-05,0,0,0,0,0,0.000104052442430985,0.00342641768031523,0,0,2.64219407796234e-05,0,2.92260930558803e-05,0.000116329311662844,0,3.33756091048662e-05,8.06907124989914e-05,0,0,0,0,8.98553329140084e-05,0,0,0,0,4.37171847881684e-06,0,5.94078228221092e-06,0,4.60273118987682e-05,0,0.000895575855274942,0,0.000475059382422803,0,0.00565715566951632,4.91081951756109e-05,0.000216450216450216,0,0,0,0,0,0,0,0,7.37327188940092e-05,0,0,0,0,0.000255754475703325,0,0,0,0.000148720999405116,0,0,0,0.0121859566244363,0,0,0,0,0,0.000150920615756112,0,0.00100154669236035,0.000101117346680823,0,0,0,0,0,0,0,0,1.97513957653007e-05,0,0.0352896386106718,0,1.74258529955041e-05,0.000107968041459728,0,0,0.000269106566200215,0.000349711488022382,0,0.000123452435540193,0,0,0,0,0,0,0,0,0,0.000342845947887416,0,8.82466493850312e-05,0,0,3.74462879806777e-05,0,0,0,0.000198032873456994,0,0,0.000121255106625595,0,0,0,0,1.36687461385792e-05,0,0,0.000460999813215593,2.01865234769268e-05,4.1262636682484e-05,0,0,0,0,0,0,0.000112182011733761,0.0029958862457521,1.30874635186954e-05,0,0,0,0.00155400155400155,0,0,3.2916392363397e-05,1.07868756084472e-05,0,0,0,6.76742612226483e-05,0,0,0,0,0,7.23323697331434e-05,0,0,1.13737176133391e-05,0,0,0.00608519269776876,0,0.000830013280212483,0,0,0,2.36266981689309e-05,5.14731618933888e-06,0,2.53859237360695e-05,0,0.000150572174262196,0,0.000161995788109509,8.51595321903032e-05,0,0,0,0,0.00668497506684975,0,0,0,0,5.66700668706789e-05,4.88352786052644e-05,0.000107169649555246,0,4.01053118305952e-05,0,0,0,0,0.977957779027287,0,0.0201707376188296,0,0.00232365145228216,0,0,0,0,0,0,0,0.0013468455890807,3.55283059088648e-05,0,0.00270282148193724,0,0,0,0,0,0,0,0,0,0,0,0,0.000157306905773163,0.000109757436066293,0,0,3.06767286336585e-05,0,0,0,0.000317662007623888,2.38111301159205e-05,0,0,3.83965596682537e-05,0,7.92032156505554e-05,3.24075574423956e-05,0,0.000167916713310198,0,6.45994832041344e-05,0,0,0,0,0,0,1.44123369604381e-05,2.29524501740561e-05,0,0,0.00804173415194546,1.64565711088438e-05,7.7930174563591e-05,0,3.83325347388596e-07,6.07533414337789e-08,1.80505415162455e-07,0
0,0,0,0,0,0,0,0,0,0,0,0,0,0,0,0,0,0,0,0,0,0,0,0,0,0,0,0,0,0,0,0,0,0,0,0,0,0,0,0,0,0,0,0,0,0,0,0,0,0,0,0,0,0,0,0,0,0,0,0,0,0,0,0,0,0,0,0,0,0,0,0.00170794192997438,0,0,0,0,0.000335946248600224,0,0,0,0,0,0,0,0,0,0,0,0,0,0,0,0,0,0,0,0,0,0,0,0,0,0,0,0,0,0,0,0,0,0,0,0,0,0,0,0,0,0,0,0,0,0,0,0,0,0,0,0,0,0,0,0,0,0,5.40321491287316e-05,0,0,0,0,0,0,0,0,0,0,0,0,0,0,0,0,0,0,0,0,0,0,0,0,0,0,0,0,0,0,0,0,0,0.00223223183322039,0,0,0,0,0,0,0,4.23070007509493e-05,0,0,0,0,0,0,0,0,0,0,0,0,0,0,0,0,0,0,0,0,0,0,0,0,0.000442673749446658,0,0,0,0,0,0,0,0,0,0,0,0,0,0,0,0,0,0,0,0,0,0,0,0,0,0,0,0,0,0,0,0,0,0,0,0,0,0,0,0,0,0,0,0,0,0,0,0,0,0,0,0,0,0,0,0,5.50751776174478e-05,0,0,0,0,0,0.000190949016612564,0,0,0,0,0,0,0,0,0,0,0,0,0,0,0,0,0,0,0,0,0,0,0,0,0,0,0,0,0,0,0,0,0,0,0,0,0,0,0,0,0,0,0,0,0,0,0,0,0,0,0,0,0,5.42686646218234e-05,0,0,0,0,0,0,0,0,0,0,0,0,0,0,0,0,0,0,0,0,0,0,0,0,0,0,0,0,0,0,0,0,0,0,0,0,0,0,0,0,0.000115531251203451,0,0.000100294196309174,0,0,0,0,0,0,0,0,0,0.000959140610013428,0,0,0,0,0,0,0,0,0,0,0,0,0,0,0,0,0,0,0,0,0,0,0,0,0,0.00110837438423645,0,0,0,0,0,0,0,0,2.03636956034781e-05,0,0,4.66113545259625e-05,0,0,0,0,0,0,0,0,0,0,0,0,0,0,0,0,0,0,0,0,0,0,0,0,0,0,0,0,0,0,0,0,0,0,0,0,0,0,0,0,0,0,0,0,0,0,0,0,0,0,0,0,0,0,0,0,0,0,0,0,0,0,0,0,0,0,0.00379609544468547,0,0,0,0,0,0,0,0,0,0,0,0,0,0,0,0,0,0,0,0,0,0,0,0,0,0,0,0,0,0,0,0,0,0,0,0,0,0,0,0,0,0,0,0,0.000110277900308778,0,0,0,0,0.000141522785168412,0,0,0,0,0,0,0,0,0,0,0,0,0,0,0,0,0,0,0,0,0,0,0,0,0,0,0,0,0,0,0,0,0,0,0,0,0,0,0.000520291363163372,0,0,0,0,0,0.00043561596096881,0,0,0,0,0,0,0,0,0,0,0,0.977719095560323,0,0,0,0,0,0,0,9.20047842487809e-05,0,0,0,0,0,0,0,7.5041272699985e-05,0,0,0,0,0,0,0,0,0,0,0,0,0,0,0,0,0,0,0,0,0,0,0,0,0,0,0,0,0,0,0,0,0,0,0,0,0,0,0,0,0,0,0,0,0,0,0,0
0,0,0,4.33179843275533e-06,0,0,0,7.29442487107104e-06,0,0,0,0,0,0,0,0,0,0,0,1.68544533679411e-05,2.11455831105999e-06,0,0,0,0,0,0,0,1.1132882080513e-05,0,0,0,0,0,0,0,0,0,0,0,0,0,0,0,0.000100755667506297,0,0,0,0.000275512453162883,0,0,0,0,0,0,0,0,0,0,0,0,0,0,0,0,0,0,0,0,0,0,0,0,0,0,0,0,0,0,0,0,0,0,0,0,0,0,0,0,0,0,0,0,3.076232107865e-06,0,2.01178908403243e-05,0,0.000122576559275981,0,0,0,0.000171456564337035,0,0,0,0,0,0,0,0,0,0,0,0,1.385148986625e-06,0,0,0,0,0,0,0,0,0,0,0,0,0,0,0,0,0,0,0,0,0,0,0,0,0,0,0,0,0,0,0,0,0,0,0,0,0,0,0,0,0,0,0,0,3.35502918875394e-05,0,0,0,0,0,0,0,0,0,0,0,0,0,0,0,0,0,0,0,0,0,0,0,0,0,0,0.000262881177707676,0,0,0,0,0,0,0,0,0,0,0,0,0,0,0,0,0,8.41396718552798e-06,0,0,0,0,0.00463957243798875,0,0,0,0,0,0,0,0,0,0,0,0,0,0,0,0,0,0,0,0,7.00471417263819e-06,0,0,0,0,0,0,0,0,0,0,0,0,0,0,0,0,0,0,0,0,0,0,0,0,0.000115366866635902,0,0,0,0,0,0,0,0,0,0,0,0,1.2242876135639e-06,0,2.20157632865131e-05,0,0,0,0,0,0,0,9.13876297704343e-06,0,0,0,0,0,1.90124912067228e-05,0,0,0,0,0,0,0,0,0,0,0,0,0,0,0,0,0,0,0,0,0,0,0,0,0,0,0,0,0,0,0,0,0,0,0,0,0,0,0,0,0,0,0,0,0,0,0,4.84439793822424e-06,0,0,0,0,0,0,0,0,1.39125982751161e-06,0,0,0,0,0,0,0,0,0,0,0,0,0,0,0,0,0,0,0,0,0,0,0,0,0,0,4.75330354596445e-05,0,0,0,0,0.000194457948468644,0,0,0,0,0,0,0,0,0,0,0,0,0,0,0,0,0,0,0,0,2.4404976174642e-05,0,0,0,0,0,0,0,1.60080680663054e-05,6.85283536063046e-05,0,0,0,0,0,0,0,0,0,0,0,0,0,0,0,0,0,0,0,0,0,0,7.08112490750281e-06,0,0,0,0,0,2.87457097028269e-05,0,0,0,0,0,0,0,0,0,0,0,0,0,0,0,0,0,0,0,0,0,0,0,0.000107365256602963,0,0,0,0,0,0,0,1.26778062324095e-05,0,0,0,0,0,0,0,0,0,0,0,0.00248931060739179,0,0,0,0,0,0,5.82852480037303e-05,0,1.76360622200275e-05,0,0,0,0,0,0,0,0,0,0,0,0,0,0,0,0,0,0,0,0,0,4.15257214471216e-06,0,0,0,0,0,0,0,7.94827264164815e-06,0,0,0,0,0,0,0,0,4.77370262696856e-06,4.47147200858523e-05,0,0,0,0,0.000155400155400155,0,0,0,0,0,0,0,0,0,0,0,0,0,1.24710982298523e-05,0,0,0,0,0,0.00193180720564088,0,0,0,0,0,0,0,0,0,0,0,0,0,2.83865107301011e-05,0,0,0,0,5.4202500542025e-05,0,0,0,0,0,0,0,0,0,0,0,0,0,0.00109806322842365,0,0.960304850133305,0,0.00016597510373444,0,0,0,0,0,0,0,0.00070627268695695,7.25067467527853e-07,0,2.19741583897337e-05,0,0,0,0,0,0,0,0,0,0,0,0,0,0,0,0,0,0,0,0,0,0,0,0,0,0,0,0,0,0,0,0,0,0,0,0,0,0,0,0,0,0,0.000941655052921014,0,0,0,0,0,0,0
0,0,0,0,0,0,0,0,0,0,0,0,0,0,0,0,0,0,0,0,0,0,0,0,0,0,0,0,0,0,0,0,0,0,0,0,0,0,0,0,0,0,0,0,0,0,0,0,0,0,0,0,0,0,0,0,0,0,0,0,0,0,0,0,0,0,0,0,0,0,0,0,0,0,0,0,0,0,0,0,0,0,0,0.000260756192959583,0.000169439831915687,0,0,0,0,0,0,0,0,0,0,0,0,0,3.17536929544906e-06,0,0,0,0,0.00260669253152279,0,0,0,0,0,0,0,0,0,0,0,0,0,0,0,0,0,0,0,0,0,0,0,0,8.5397096498719e-05,0,0,0,0,0,1.29428057414286e-05,0,0,0,0,0,0,0,0,0,0,0,0,0,0,0,0,0,0,0,0,0,0,0,0,0,0,0,0,0,0,0,0,0,0,0,0,0,0,0,0,0,0,0,0,0,0,0,0,0.00354980162873251,0,0,0,0,0,0,0,0,0,0,0,0,0,0,0,0,0,0,0,0,0,0,0,0,0,0,0,0,0,0,0,0,0,0,0,0,0,0,0,0,0,0,0,0,0,0,0,0,0,0,0,0,0,0,0,0,0,0,0,0,0,0,0,0,0,0,0,0,0,0,0,0,0,0,0,0,0,0,5.30760207845697e-06,0,0,0,0,0,0,0,0,0,0,0,0,0,0,0,0,0,0,0,0,0,0,0,0,0,0,0,0,0,0,0,0,0,0.000134021309388193,0,0,0,0,0,0,0,0,0,0,0,0,0,0,0,0,0.000204400625225442,0,0,0,0,0,0,0,0,0,0,0,0,0,0,0,0,0,0,4.84439793822424e-06,0,0,0,0,0,0,0,0,0,0,0,0,0,0,0,0,0,0,0,0,0,1.58963557604419e-05,0,0,0,0,0,0,0,0,0,0,0,0,0,0,0,0,0,0,0,0,0,0,0,0,0,0,0,0,0,0,0,0,0,0,0,0,0,0,0,0,0,0,0,0,0,0,0,0,0,0,0,0,0,0,0,0,0,0,0,0,0,0,0,0,0,0,0,0,0,0,0,0,0,0,0,0,0,0,0,0,0,0,0,0,0,0,0,0,0,0,0,0.00031649259573901,0,0,0,0,0,0,0,0,0,0,0,0,0,0,0,0,0,0,0,0,0,0,0,0,0,0,0,0,0,0,0,1.74258529955041e-05,0,0,0,0,0,0,0,0,0,0,0,0,0,0,0,0,0,0,0,0,0,0,0,0,0,0,0,0,0,0,0,0,0,0,0,0,0,0,0,0,0,0,0,0,0,0,0,1.30874635186954e-05,0,0,0,0,0,0,0,0,0,0,0,0,0,0,0,0,0,0,0,0,0,0,0,0,0,0,0,0,0,0,0,0,0,0,0,0,0,0,0,0,0,0,0,0,0,0,0,0,0,0,0,0,0,0,0,0,0,0,0,0.986500983372072,0,0,0,0,0,0,0,0,0,7.25067467527853e-07,0,0,0,0,0,0,0,0,0,0,0,0,0,0,0,0,0,0,0,0,0,0,0,1.19055650579603e-05,0,0,0,0,0,0,0,0,0,0,0,0,0,0,0,0,0,0,0,0,0,0,0,0,0,0,0,0
0,0,0,0,0,0,0,0,0,0,0,0,0,0,0,0,0,0,0,0,0,0,0,0,0,0,0,0,1.1132882080513e-05,0,0,0,0,0,0,0,0,0,0,0,0,0,0,0,0,0,0,0,0,0,0,0,0,0,0,0,0,0,0,0,0,0,0,0,0,0,0,0,0,0,0,0,0,0,0,0,0,0,0,0,0,0,0,0,0,0,0,0,0,0,0,0,0,0,0,0,0,0,0,0,0,3.26583932070542e-05,0,0,0,0,0,0,0,0,0,0,0,0,4.155446959875e-06,0,0,0,0,0,0,0,0,0,0,0,0,0,0,0,0,0,0,0,0,0,0,0,0,0,0,0,0,0,0,0,0,0,0,0,0,0,0,0,0,0,0,0,0,6.71005837750788e-05,0,0,0,0,0,0,0,0,0,0,0,0,0,0,0,0,0,0,0,0,0,0,0,0,0,0,0.000262881177707676,0.000198192484540986,0,0,0,0,0,0,0,0,0,0,0,0,0,0,0,0,0,0,0,0,0,0,0,0,0,0,0,4.30700318718236e-05,0,0,0,0,0,0,0,0,0.000341763499658237,0,0,0,0,0,0,0,0,0,0,0,0,0,0,0,0,0,0,0,0,0,0,0,0,0,0,0,0,5.69605832763727e-05,0,0,0,0,0,0,0,0,0,0,0,0,0,0,1.63238348475187e-07,0,0.000110078816432566,0,0,0,0,0,0,0,0,6.20628448366816e-06,0,0,0,0,0,0,0,0,0,0,0,3.5650623885918e-05,0,0,0,0,0,0,0,0,0,3.03665239440041e-05,0,0,0,0,0,0,0,0,0,0,0,0,0,0,0,0,0,0,0,0,0,0,0,0,0,0,0,0,0,0,0,0,0,0,0,0,0,0,0,1.39125982751161e-06,0,0,0,0,0,5.16862643752423e-06,0,0,0,0,0,0,0,0,0,0,0,0,0,0,0,0,0,0,0,0,0,0,0,0,0,0.00213903743315508,0,0,0,0,0,0,0,0,0,0,0,0,0.000297073822844977,0,0,0,0,0,0,0,0.0010189077552913,0,0,0,0,0,0,0,0,3.42641768031523e-05,0,0,8.8073135932078e-06,0,0,0,0,0,0,0,0,0,0,0,0,0,0,0,0,0,0,0,0,0,0,0,0,0,0,0,0,0,0,0,0,0,0,0,0,0,0,0,0,0,0,0,0,0,0,0,0,0,5.36826283014816e-05,0,0,0,0,0,5.03068719187041e-05,0,0,0,0,0,0,0,0,0,0,0,0,0,0.000146430035728929,0,0,0,0,0,0,0,0,0,0,0,0,0,0,0,0,0,0,0,0,0,0,0,0,0,0,0,0,0,0,8.30514428942431e-07,0,0,0,0,0,0,0,0,0,0,0,0,0,0,0,0,0,4.47147200858523e-05,0,0,0,0,0,0,0,0,0,0,0,0,0,0,0,0,0,0,0,0,0,0,0,0,0.00106249396310248,0,0.000332005312084993,0,0,0,0,0,0,2.30781124873359e-06,0,0,0,0,0,0,0,0,0,7.22700007227e-05,0,0,0,0,0,0,0.000107169649555246,0,0,0,0,0,0,2.64948232059325e-05,0,0,0,0.952697095435685,0,0,0,0,0,0,0,4.92748386249035e-05,0,0,0,0,0,0,0,0,0,0,0,0,0,0,0,0,0,0,0,0,0,0,0,0,0,0,0,0,0,3.96016078252777e-05,0,0,0,0,0,0,0,0,0,0,0,0,0,0,4.50024751361325e-05,0,0,0,0,0,0,0,0
0,0,0,0,0,0,0,0,0,0,0,0,0,0,0,0,0,0,0,0,0,0,0,0,0,0,0,0,0,0,0,0,0,0,0,0,0,0,0,0,0,0,0,0.00391849529780564,0,0,0,0,0,0,0,0,0,0,0,0,0,0,0,0,0,0,0,0,0,0,0,0,0,0,0,0,0,0,0,0,0,0,0,0,0,0,0,0,1.69439831915687e-05,0,0,0,0,0,0,0,0,0,0,0,0,0,0,0,0,0,0,0,0,0,0.00162074554294976,0,0,3.96055289318389e-05,0,0,0,0,0,0,0,0,0,0,0,0,0,0,0,0,0,0,0,0,0,0,0,0,0.000414169783725716,0,0,0,4.07697325505545e-05,0,0,0,0,0,0,0,0,0,0,0,0,0,0,0,0,0,0,0,0,0,0,0,0,0,0,0,7.40667588386332e-05,0,0,0,0,0,0,0,0,0,0,0,0,0,0,0,0,0,0,0,0,0,0,0,0,0,0,0,0,1.92722787542399e-05,0,0,0,0,0,0,0,0,0,0,0,0,0,0,0,0,0,0,0,0,0,0,0,0,0,0,0,0,0,0,0,0,0,0,0,0,0,0,0,0,0,0,0,0,0,0,5.2468649981636e-05,0,6.8203519301596e-05,0,0,0.000111994624258036,0,1.63802846893479e-05,0,0,0,0,0,0,0,0,0,0,0,0,0,0,0,0,0,0,8.16191742375933e-08,0,0,0.000167782133477797,0,0,0,0,0,0,0,0,0,0,0,0,0,0,0,0,0,0,0,0,0,0,0,0,0,0,0,0,0,0,0,0,0,0,0,0,0,0,0,0,0,0,0,0.000833410500972312,0,0,0,0,0,0,0,0,0,0,0,0,0,0,0,0,0,0,0,0.00253344142683421,0,0,0,0,0,0,0,0,0,0,0,0,0,0,0,0,0,0.000840689365279529,9.53781345626515e-05,0,0,0,0,0,0,0,0,0,0,0,0,0,0,0,0,0,0,0,0,0,0,9.01306894997747e-05,0,0,0,0,0,0,0,0,0,0,0,0,0,0,0.000334515287348632,0,0,0,0,0,0,0,0,0,0,0,0,0,0,2.03636956034781e-05,0,0,0,0,0,0,0,0,0,0,0,0,0,0,0,0,0,4.00978387264926e-05,0,0,0,0,0,0,0,0,0,0,0,0,0,0,0,0,0,0,0,0,0,6.52656311186529e-05,0,0,0,0,0,0,3.87116754413131e-05,0.000131700250230475,0,0,0,0,0,0,0,0,0,0,0,0,0,0,0,0,0,0,0,0,0,0,0,0,0,0,0,0,0,0,0,0,0,0,0,0,0,0,0,0,0,0,0,6.00468365324953e-05,0,0,0,0,0,0,0,0,0,0,0,0,0,0,0,0,0,0,0,0,0,0,0,0,0,0,0,0,0,0,0,0,0,0,0,0,0,0,0,0,0,0,0,0,0,0,0,0,0,0,0,0,0,0,0,0,0,0,0,0,0,0,0,0,0,0,0,0,0,0,0,0,0,0,8.50051003060184e-05,2.44176393026322e-05,0,0,0,0,0,0,0,0,0,0,0,0,0.980740602902866,0,0,0.000883822991588443,0,0,0,0,0,0,0,0,0,0,0,0,0,0.000179662234998203,0,0,0,0,0,0,0,1.59979522621104e-05,0,0,0,0,0,0,3.96852168598675e-06,0,0,0,0,0,0,0,0,0,0,0,0,0,0,0,0,0,0,0,0,0,0,0,0,4.79156684235745e-08,0,0,0
0,0,0,0,0,0,0,0,0,0,0,0,0,0,0,0,0,0,0,0,0,0,0,0,0,0,0,0,0,0,0,0,0,0,0,0,0,0,0,0,0,0,0,0,0,0,0,0,0,0,0,0,0,0,0,0,0.000270738574832142,0,0,0,0,0,0,0,0,0,0.000400091449474166,0,0,0,0,0,0,0,0,0,0,0,0,0,0,0,0,0,0,0,0,0,0,0,0,0,0,0,0,0,0,0,0,0,0,0,0,0,0,0,0,0,0,0,0,0,0,0,0,0,0,0,0,0,0,0,0,0,0,0,0,0,0,0,0,0,0,0,0,0,0,0.000970520441586801,0,0,0,0,0,0,0,0,0.000161199322962844,0,0,0,0,0,0,0,0,0,0,0,0,0,0,0,0,0,0,0,0,0,0,0,0,0,0,0,0,0,0,0,0,0,0,0.000141502759303806,0,0,0,0,0,0,0,0,0,0,0,0,0,0,0,0,0.00140582779522384,0,0,5.26094276094276e-05,0,0,0,0,0,0,0,0,0,0,0,0,0,0,0,0,0,0,0,0,0,0,0,0,0,0,0,0,0,0,0,0,0,0,0,0,0,0,0,0,0,0,0,0,0,0,0,0.000131042277514783,0,0,0,0,0,0,0,0,0,0,0,0,0,0,0,0,0,0,0,0,0,2.84376497419994e-06,0,0,0,0,0,0,0,0,0,0,0,0,0,0,0,0,0,0,0,0,0,0,0,0,0,0,0,0,0,0,0,0.000171526586620926,0,0,0,0,0,0,0,0,1.74956698217191e-05,0,0,0,0,0,0,2.38782124336023e-05,0,0,0,8.11293201362973e-05,0,0,0,0,0,0,0,0,0,0,0,0,0,0,0,0,0,0,0,0,0,0,0,5.16862643752423e-06,0,0,0,0,0,0,0,0,0,0.000103434009102193,0,0,0,0,3.34313987697245e-05,0,0,0,0,0,0,0,0,0,0,0,0,0,0,0,0,0,0,0,0,0,0,0,0,0,0,0,0,0,0,0,0,0,0,0,0,0,0,0,0,0,0,0,0,0,0,0,9.32227090519251e-05,0,0,0,0,0,0,0,0,0,0,0,0,0,0,0,0,0,0,0,0,0,0,0,0,0,0,0,0,0,0,0,0,0,0.000284575981787137,0,0,0,0,0,0,0,0,0,1.2903891813771e-05,0,0,0,0,0,0,0,0,0,0,0,0,0,0,0.000456516776991554,0,0,0,0,0,0,0,0,0,0,0,0,0,0,0,0,0,0,0,0,0,0,0,0,0,0,0,0,0,0,0,0,0,0,0,0,0,0,0,0,0,0,0,0,0,0,0,0,0,0,0,0,0,0,0,0,0,0,0,0,0,0,0,0,0,0,0,0,0,0,0,5.86544665376268e-05,0,0,0,0,0,0,0,0,0,0,0,0,0,0,0,0,0,0,0,0,0,0,0,0,0,0,0,0,0,0,0,0,0,0,0,0,0,0,0,0,0,0,0,0,0,0,0,0.981587415087594,0,0,0,0,0,0,7.25067467527853e-07,0,0,0,0,0,0,0,0,0,0,0,0,0,0,0,0,0,0,0,0,0,0,0,0,0,0,0,0,0,0,0,0,0,0,0,0,0,0,0,0.0103365384615385,0,0,0,0,0,0,0,0,4.31241015812171e-07,0,0,0
0,0,0,0,0,0,0,0,0,0,0,0,0,0,0,0,0,0,0,0,0,0,0,0.0128986866791745,0,0,0,0,0,0,0,4.09785682088268e-05,0,0,0.000310366232153942,0,0,0,0,0,0,0,0,0,0,0,0,0,0,0,0,0,0,0,0,0,0,0,0,0,0,0,0,0,0,3.92279930958732e-05,0,0,0,0,0,0,0,0,0,0,0,0,0,0,0,0,0,0,4.23599579789217e-06,0,0,0.000130446125750065,0,0,0,0,0,0,0,0,0,0,0,0,0,0,0,0,0,0,0,0,0,0,0,0,0,0,0,0,0,0,0,0.00370164723301869,0,0,0.0150375939849624,0,0,0,0,0,0,0,0,0,0,0,0,0,0,0,0,0,0,0,0,0,0,0,0,0,0,0,0,0,0,0,0,0,0,0,0,0,0,0,0,0,0,0,0,0,0,0,0,0,0,0,0,0,0,0,0.00490998363338789,2.85160260066157e-05,0,0,0,0,0,0,0,0,0,0,0,0,0,0,0,0,0,0,0,0,0,0,0,0,0,5.37432149191165e-05,0,0,0,1.63942488974868e-05,0,0,0,0,0,0,0,0,0,0,0,0,0,0,0,0,0,0,0,0,0,0,0,0,0,0,0,0,4.19524678539215e-05,0,0,0,0,0,0,0,0,0,0,0,0,0,0,0,0,0,0,1.25585016870254e-05,0,0,0,0,0.000270687706001306,0,0,0,0,0,0,0.00407925407925408,0,0,0,0,0,0,0,0,0,0,0,0,0,0,0,0,0,0,0,0,0,0,0,0,0,0,0,0,7.14694110920526e-05,0,0,0,0,0,0,0,0,0,0,0,0,0,0,0,0,0,0,0,0,0,0,0,0,0,0,0,0,0,0,0,0,0,0,0,0,0,6.6554854511088e-06,0,0,0,0,0,0,0,0,0,0,0,0,0,0,0,0,0,0,0,0,0,0,0,0,0,0,0,0,0,0,0,0,0,0.00290164935858277,0,0,0,0,0,0,0,0,0.000292740046838407,0.000116822429906542,0,0,0,0,0,0,0,0.000173460537727667,0,0,0,0,0,0,0,0,0,0,0,0,0,0,0,0,0,8.8073135932078e-06,0,1.46130465279401e-05,0,0,0,0,0,0,0,0,0,0,0,0,0,0,0,0,0,0,0,0,0,0,0.000660017600469346,0,0,0,0,0,0,0,0,0,0,0,0,0,0,1.66575050388953e-05,0,0,0,0,0,0,0,0,0,0,0,0,0,0,0,0,0,0,0,0,0,0,0,0,0,0,0,0,0,0,0,0,0,0,0,0,0,6.42577162807634e-05,0,0,0,0,0,0,0,0,0,0,1.63259975184484e-05,0,1.10308311731289e-05,0.000150060024009604,0,0,0,0,0,0,0,0,0,0,0,0,0,0,0,0,0,0,0,0,0,0.000836820083682008,0,0,0,0,0,0,0,0,4.63821892393321e-05,0.000155400155400155,0,0,0,0,0,0,0,0,0,0,0,0,0,0,0,0,0,0,0,0,0,0,0,0,0,0,0,0,0,0,0,0,0,0,0,0,0,0,0,0,0,0,0,0,0,0,0,0,0,0,0.0001844507977497,0,0,0,0,0,0,0,0,0.978625954198473,0,0,0,0,0,0,0.000414164423276041,0,0,0,0,0,0,0,0,0,0,0,0,0,0,0,0,0,0,0,0,0.000180220770443794,0,0,0,0,0,0,0,0,0,0,0,0,6.23208276205908e-05,0,0,0,0,0,0,0,0,0,0,0,0,0,0,0,0,0
0,0,0,0,0,0,0,0,0,0,0,0,0,0,0,0,0,0,0,0,0,0,0,0,0,0,0,0,0,0,0,0,0,0,0,0,8.75886835420864e-05,0,0,0,0,0,0,0.000522466039707419,0,0,0,0,0,0,0,0,0,0,0,0,0,0,0,0,0,0,0,0,0,0,0,0,0,0,0,0.000569313976658127,0,0,0,0,0,0,0,0,0,0,0,0,8.47199159578434e-06,0,0,0,0,0,0,0,0,0,0,0,0,0,0,8.2060035121695e-06,0,0,0,0,0,0,0.000199476374516893,0,0,5.94082933977583e-05,0,0,0,0,0,0,0.000158856235107228,0,3.26675682915515e-06,0,0,0,0,0,0,0,0,0,0,1.10133371512902e-05,0,0,2.96577495699626e-05,0,0.000918939207641432,0,0,0,0,0,0,0,0,0,0,0,0,0,0,0,0,0,0,0,0,0,0,0,7.32654406916258e-05,0,0,0,0,0,0,0,0,0,0,0,0,0,0,0,0,0,0,0,0,0,0,0,0,0,0,0,0,0,0,0,0,0,0,0,0,0,0,0,1.82575038340758e-05,0,0,0,0,0,0,0,0,0,0,0,0,0,0,0,0,0,0.000396353547364249,0,0,0,0,0,0,0,0,0,0,0,0.000100707469976586,0,0,0,0,0,0,0,0,0,0,0,0,0,3.49790999877573e-05,0,0,0,0,0,0,8.19014234467395e-06,0,0,0,0,0,0,0,0,0,0,0,0,2.65380103922849e-06,0,0,0,0,0,0,0,0,0.000213282373064996,0,2.83136129019471e-06,0,0,0,0,0,0,0,0,0,0,0,0,0,0,0,0,0,0,0,0,0,0,0,0,0,0,0,0,0,0,0,0,0,0,0,0,0,0,0,1.20235661897319e-05,0,0,0,0,0,0,0,0,0,0,0,0,0,0,0,0,0,0,0,0,0,0.000506688285366842,0,0,0,0,0,0,0,0,0,0,0,0,0,0,0,0,0,0,0.00154194650876287,0,0,0,0,0,0,0,0,0,0,0,0,0,0,0,0,0,0,0,0,0,0,2.25326723749437e-05,0,0,0,0,0,0,0,0,0,0,0,0,0,0,0.000133806114939453,0,0,0,0,0,0,0,0,0,0,0,0,0,0,0,0,0,0,0,0,0,0,0,0,0,0,0,0,0,0,0,0,0,0,0,0,0,0,0,0,0,0,0,0,0,0,0,0,0,0,0,0,0,0,6.52656311186529e-05,0,0,0,0,0,0,1.2903891813771e-05,0,0,0,0,0,0,0,0,0,0,0,0,0,0,0,0,0,0,0,0,0,0,0,0,0,0,0,0,0,0,0,0,0,0,0,0,0,0,0,1.45169485374174e-05,0,0,0,0,6.00468365324953e-05,0,0,0,0,0,0,0,1.66102885788486e-06,0,0,0,0,0,0,0,0,0,0,0,0,0,0,0,0,0,0,0,0,0,0,0,0,0,0,0,0,0,0,0,0,0,0,0,0,0,0,0,0,0,0,0,0,0,0,0,0,0,0,0,0,0,0,0,0,0,0,0,0,0,0,0,0,0,0,5.66700668706789e-05,0,0,5.29156524499947e-05,0,0,0.000355745286374956,0,0,0,0,0,0,0,0.00120952735392631,0,0,0.982414970132878,0,0,0,0,0,0,0,0,0,0,0,0,0,0.000179662234998203,0,0,0,0,0,0,0,0,0,0,0,0,0,0,3.96852168598675e-06,0,0,0,0,0,0,0,0,0,0,0,0,0,0,0,0,0,0,0,0,0,0,0,0,4.79156684235745e-08,0,9.02527075812274e-08,0
0,0.00184343933109487,0,0,0,0,0,0,0,0,0,0,0,0,0,0,0,0,0,0,0,0,0,0,0,0,0,0,0,0,0,0,0,0.000389408099688474,0,0,0,0.000360230547550432,0,0,0,0,0,0,0,0.000354484225451967,0,0,0,0,0,0,0,0,0,0,0,0.000569584203531422,0,0,0,0,0,0,0,0,0,0,0,0,0,0.00170794192997438,0,0,0,0,0,0,0,0,0,0,0,0,0,0,0,0,0,0,0,0,4.76054460630296e-05,0,0,0,0,0,0,0,0,0,0,0,0,0,0,0,0,0,0,0,0,0,0,0,0,0,0,0,0,0,0,0,0,0,0,0,0,0,0,0,0,0,0,0,0,0,0,0,0,0,0,0,0,0,0,0,0,0,0,0,0,0,0,0,0,0,0,0,0,0,0,0,0,0,0,0,0,0,0,0,0,0,0,0,0,9.51907516896358e-05,0,2.85160260066157e-05,0,0,0,0,0,0,0,0,0,0,0,5.07572988995818e-05,0,0,0,0,0,0,0,0.000260688216892596,0,0,0,0.00710339384372534,0,0,0,0,0,0,0,0,0,0,0,0,0,0,0,0,0,0,0,0,0,0,0,0,0,0,0,0,0,0,0,0.000864304235090752,0,0.00023755790473928,0,0.000496031746031746,0,0,0,0,0,0,0,0,0,0,0,0,0,0,0,0,0,0,0,0,0,0,0,0,0,0,0,0,0,0,0,0,0,0,0,0,0,0,0,0,6.07182974589393e-05,0,0,0,0,0,0,0,0,0,0,0,0,0,0,0,0,0,0,0,0,0,0,0,0,0,0,0,0,0,0,0,0,0,0,0,0,0,0,2.17074658487294e-05,0,0,0,0,0,0,0,0,0,0,0,0,0,0,0,0,0,0,0,0,0,0,0,0,0,0,0,0,0,0,0,0,0,0,0,0,0,0,0,0,0,0,8.35784969243113e-05,0,0,0,0,0,0,0,0,0,0,0,0,0,0,0,0,0,0,0,0,0,0,0,0,0,0,0,0,0,0,0,0,0.000259134490800726,0,0,0,0,0,0,0,0,0,0,0,2.03636956034781e-05,0,0,0,0,0,0,0,0,0,0,0,0,0,0,0,0,0,0,0,0,0,0,0,0,0,0,0,0,0,0,0,0,0,0,0,0,0,0,0,0,0,0,0,0,0,0,0,0,0,0,0,0.00102845389098389,0,0,0,0,0,0,0,0,0,0,0.0051298493106765,0,0,0,0,0,0,0,0,0,0,0,0,0,0,0,0,0,0,0,0,0,0,0,0,0,0,0,0,0,0,0,0,0,0,0,0,0,0,0,0,0,0,0,0,0,0,0,0,0,0,0,0,0,0,0,0,0,2.89368597719775e-05,0,0,0,0,0,0,0,0,0,0,0,0,0,0,0,0,0,0,0,0,0,0,0,0,0,0,0,0,0,0.000243842965130456,0,0.000831353919239905,0,0,0,0,0,0.00780437044745057,0,0,0,0,0,0.000348492768775048,0,0,0,0,0,0,0,0,0,0,0,0,0,0,0,0,0,0,0,0.986659306283927,0,0,0,0,0,0,0,7.5041272699985e-05,0,0,0,0,0,0,0,0,0,0,0,0,0,0,0,0,0,0,0.000317662007623888,0,0,0,0,0,0,0,0,0,0,0,0,0,0,1.57711293705742e-05,0,0,0,0,0,0,0,0,0,0,0,0,0,3.81679389312977e-07
0,0,0,0,0,0,0,0,0,0,0,0,0,0,0,0,0,0.000204248366013072,0,0,0,0,0,0,0,0,0,0,0,0,0,0,0,0,0,0,0,0,0,0,0,0,0,0,0,0,0,0,0,0,0,0,0,0,0,0,0,0,0,0,0,0,0,0,0,0,0,0,0,0,0,0,0,0,0,0,0,0,0,0,0,0,0,0,0,0,0,0,0,0,0,0,0,0,0,0,0,0,0.000149242356886106,0,0,0,0,0,0,0,0,0,0,0,0,0,0,0,4.155446959875e-06,0,0,0,0,0,0,0,0,0,0,0,0,0,0,2.20266743025804e-05,0,0,0,0,0,0,0,0,0,0,0,0,0,0,0,0,0,0,0,0,0,0,0,0,0,0,0,0,0,0,0,0,0,0,0,0,0,0,0,0,0,0,0,1.06086163181736e-05,0,0,0,0,0,0,0,0,0,0,0,0,0,0,0,0,0,0,0,0,0,0,0,0,0,0,0,0,0,0,0,0,0,0,0,0,0,4.27968604223194e-06,0,0,0,0,0,0,0,0,0,0,0,0,0,0,0,0,0,0,0,0,0,0,0,0,0,0,0,0,0,0,0,0,0,0,0,0,0,0,0,0,0,0,0,0,0,0,0,0,0,0,0,0,0,0,0,0,8.16191742375933e-08,0,0,0,0,0,0,0.000187143258164125,0,0,0,0,0,0,0,0,0,0,0,0,0,0,0,0,0,0,0,1.12731945978851e-05,0,0,0,0,0,0,0,0,0,0,0,0,0,0,0,0,0,0,0,0,0,0,0,0,0,0,0,0,0,0,0,0,0,0,0,0,0,0,0,0,0,0,0,0,0,0,0,0,0,0,0,0,0,0.000750638042335986,0,0,0,0,0,0,0,0,0,0,0,0,0,0,0,0,0,0,0,0,0,0,0,0,0,0,0,0,0,0,0,0,0,0,0,0,0,0,0,0,0,0,0,0,0,0,0,0,0,0,0,0,0,0,0,0,0,0,0,0,0,0,0,0,0,0,0,0,0,0,0,0,0,0,1.18815645644218e-05,0,0,0,0,0,0,0,0,0,0,0,0,0,0,0,0,0,0,0,0,0,0,0,0,0,0,0,0,0,0,0,0,0,0,0,0,0,0,0,0,0,0,0,0,0,0,0,0,0,0,0,0,0,0,0,0,0,0,0,0,0,0,0,0,0,0,0,0,0,0,0,0,0,0,0,0,0,0,0,0,0,0.000605877006967586,0,0,0,0,0,0,8.4772703189573e-05,0,0,0,0,0,0,0,0,0,0,0,0,0,0,0,0,0,0,0,0,0,0,0,0,0,0,0,0,0,0,0,0,0,0,0,0,0,0,0,0,0,0,0,0,0,0,0,0,0,0,0,0,0,0,0,0,0,0,0,0,0,0,0,0,0,0,0,0,0,0,0,0,0,0,0,0,0,0,0,0.969877953778239,0,0,0,0,0,0,0,0,0,0,0,0,0,0,0,0,0,0,0.000109757436066293,0,0,0,0,0,0,0,0,0,0,0,0,0,0,0,0,0,0,0,0,0,0,0,0,0,0,0,0,0,0,0,0,0,0,0,0
0,0,0,1.73271937310213e-05,0,0,1.43180731309903e-06,0,0,0,0,0,0,0,0,0,0,0,0,1.68544533679411e-05,0,0.00037593984962406,8.20761995436563e-06,0,0,0,0,3.6759300102926e-05,0,0,0.00290107339715695,0,7.44956643523347e-06,0,0,0,0,0,0,0,0,3.09614297988281e-05,0,0,0,0,0,0,0,0,0,0,0.00352371164293055,0,0,0,0,0,0,0,0,0,0,0,0.000160384923817161,0,0,0,0,0,0,0,0,0,0,0,0,0,0,0,0,0,0,0,0,0,0,0,0,0,0,0,0,0,9.67202174270488e-06,2.01178908403243e-05,0,0,0,0,0,0,0,0,0,0,0,0,0,0,0,0,0,0,1.385148986625e-06,0,0,0.00132201502922349,9.80027048746545e-06,0,0,0,0,0,0,0,0,0,0,1.10133371512902e-05,0,0,0,0,0,0,0,0,0,0,0,0,0,0.000986700986700987,0,0,0,0,0,0,0.000602813127930342,0,0,0,0,0,0,0,0,3.35502918875394e-05,0,0,0.000200607171037674,0,0,0,0,0,0,0,0,0,0,1.06086163181736e-05,0,0,0,0,0,0,0,0,0,0,0,0,0,0,3.81058835484199e-05,0.000164609053497942,0,0,0,0,0,0,0,0,0,0,0,0,0,0,4.20698359276399e-06,0,0.00400676140987917,0,0,0,0,0,0,0,0,0,0,0,0,0,0,0,0,9.49036727721363e-05,0,0,2.99463959512473e-05,0,0,0,2.80188566905527e-05,5.53617892930299e-05,0,0,0,0,0,0,0,0,0,0,0,0,0,0,0,0,0,0,0,0,0,0,0,0,0,0,0,0,0,0,0,0,0,0,0,0,1.71400265898946e-06,0,0,1.42188248709997e-06,0,0,0,0,6.65690320862735e-05,0,2.74162889311303e-05,0,0,0,0,0,0,0,0,0,0,0,0,0,0,0,0,0,0,0,0,0,0,0,0,0,0,0,0,0,0,0,0,0,0,0,0,0,0,0,0,0,0,0,0,0,0,5.62682871933378e-05,0,0.000160963203811609,0,0,0,0,0,0,0.00111790622739528,0,0,0,0.000124112594946135,0,0,0,0,0,4.09123453001943e-05,0,0,0,0,0,0,0,0,0,0,0,0,0,0,0,0,0,0,0,0,0,0,0,0,0,0,0,0,0,0,0.00314755893119847,0.000219365854815377,0,0,0,0,0,0,0,0,0,0,0,0,0,0,0,0,0,0,0,8.34734992508254e-06,0,0,0,0,0,0,0,0,0,0,0,0,0,0,0,0,0,0,0,0,0,0,0,0,0,0,0,0,0,7.08112490750281e-06,0,0,0,0,0,0,0,0,0,0,0,0,0,0,0,0,0,0,0,0,0,0,0,0,0,0,0,0,0,0,0,0,0,0,0,0,0,0,0,0,0,0,0,0,0,0,0,7.9005583061203e-05,0,0,0,0,0,0,0,0,0,0,0,0,0,0,0,0,0,0,0,0,1.63259975184484e-05,0.000365809047677113,0,0,0,0,0,0,0,0,0,0,5.73054955970278e-05,0,0,0,0,0,0,0,1.19224089624722e-05,2.24294705299187e-06,0,0,0,0,0,0,0,2.86422157618113e-05,0,1.30874635186954e-05,0,0,0,0,0,0,0,0,0,0,0,0,0,0,0,0,0,0,0,0,0,0,0,0,0,0,0,0.0144314506096044,0,1.18133490844654e-05,0,0,2.30781124873359e-06,0,0,0,0,2.83865107301011e-05,0,0,0,0,0,0.000127534753220253,0,0,0,0,0,0,0,0,0,0,0,0,1.4719346225518e-06,0,0,0,0,0,0,0,0,0,0,0.987076667359235,0,7.25067467527853e-07,0,0,0,0,0,0,0,0,0,0,0,0,0,0,0,0,0,0,0,0,0,0,0,0,0,0,0,0,0,0,0,0,0,0,0,0,0,0,0,0,0,7.65081672468536e-06,0,0,1.88331010584203e-05,8.22828555442188e-06,0,0,1.43747005270724e-07,0,0,0
0,0,0,1.2995395298266e-05,0,5.53143236441076e-05,7.15903656549516e-06,2.18832746132131e-05,0,0,0,0,0,0,0,0,0,0,0,3.37089067358823e-05,2.11455831105999e-06,0,0,0,0,0,0,0,0,0,0,8.19571364176536e-05,7.44956643523347e-06,0,0,0,0,0,0,0,0,7.74035744970703e-06,0,0,0.00272040302267003,0,0,0,0.010800088163985,0.000350680319820452,0,0,0,0,0,0,0,0,0,0,0,0,6.47295276686366e-06,0,0,0,0,0,0,0,0,0,0,3.46412894477684e-05,2.60413275868804e-05,0,0,0,0.000593952483801296,0,0,0,0,0,4.23599579789217e-06,0,0,0,0.000241580905445234,0,0,0,0,0,0,4.02357816806486e-05,0,0.00183864838913972,0,0,0,0.000440888308295232,0,0,0,2.86847332678365e-05,0,0,0,0,0,0,0,0,1.385148986625e-06,0,0,1.73949345950459e-05,9.80027048746545e-06,0,0,0.000220361392684002,0,0,3.92958189248664e-05,0,0,0,0,0,0,0,0,0,0,0,0,0,0,0,0,0,0,0,0,0,0,0,3.50274965848191e-05,0,0,0.000297000297000297,0,0,0,0,0,0.000120685493603669,0,0,0,0,0,0,0,0,0,0,0,0,0,0,0,0,0,0,0,0,0,0,0,0,0,0,0,0,0.0147213459516299,0.000158553987632789,2.54039223656132e-05,0.000164609053497942,0,0,7.30657664964234e-06,0,0,0,0.00028169014084507,5.31575590048905e-05,0,0,0,0,0,0,8.41396718552798e-06,0,0,0,0,0.00498385166483598,0,4.27968604223194e-06,0,0,0,4.30700318718236e-05,0,0,0,0,0,0,0,0,0.000341763499658237,0,0,0,0,0,0,0,0,0,0,0,6.36429207857779e-05,0,2.09762339269608e-05,0,0,0,0,0,0,0,0,0,0,0,0,0,0,0,0,0.000692201199815413,0,0,0,0,0,0,5.30760207845697e-06,0,0,0,0,0,4.65229293154282e-06,0,4.40315265730263e-05,1.42188248709997e-06,1.91596574253252e-05,0,0,0,0,0.0033167495854063,0,0,3.03591487294696e-05,0,0,0,1.90124912067228e-05,0,0,0,0,0,0,0,0,0,0,0,0,0,0,0,0,0.000121466095776017,0,0,0,0,0,0,0,0,0,0,0,0,0,0,0,0,0,0,0,0,0,0,0.000335270451497541,0,0,0,0,0,3.58628604217472e-05,0,1.45331938146727e-05,3.62884203650615e-05,0,0,6.6554854511088e-06,0,0,0,0,4.17377948253482e-06,0,0,0,0,0,5.16862643752423e-06,0,0,0,0,0,0,0,2.12089077412513e-05,0.000130327121073895,0,0,0,0,0,0,0,0,0,0,0,0.000808061602813956,0,0,0,0,0.000486144871171609,0.000256180350967081,0,0,0,4.81394117363886e-05,0,0,0,3.41303917486365e-05,0,0,0,0.000148536911422488,0,0,0,5.29919240307777e-05,5.00375281461096e-05,0,0,0.00106161646359693,0,4.17367496254127e-06,0,0,0,0,0,8.00403403315271e-06,6.85283536063046e-05,0,0,8.8073135932078e-06,0,2.92260930558803e-05,0,0,1.19198603945951e-06,0,0,0,0,0,0,0,0,0,0,4.37171847881684e-06,0,0,0,3.5405624537514e-06,0,0,0,0,0,8.04879871679152e-05,0,0.000216450216450216,0,0,0,0,0,0,0,0,0,0,0,0,0,0.000426257459505541,0,0,0,0,0,0,0,5.36826283014816e-05,0,0,0,0,0,0.000150920615756112,0,0,0,0,0,0,0,0,0,0,0,0,0,0.000497862121478358,0,0,0,0,0,0,0,0,3.5272124440055e-05,0,0,0,4.05284915295453e-05,0,0,0,0,0,0,2.43872698451408e-05,7.72158182119023e-05,0,0,0,0,0,0,0,0,0,4.98308657365459e-06,0,0,0,0,0,0,0,1.19224089624722e-05,0,0,9.99000999000999e-05,0,0,0,0,0,0,0.000357717760686818,0,0,0,0,0.000466200466200466,0,0,0,0,0,0,0,0,0,0,0,0,0,2.49421964597046e-06,0,0,0,0,0,0.00656814449917898,0,0,0,0,0,0,5.14731618933888e-06,0,4.61562249746718e-06,0,3.3460483169377e-05,0,0,0,0,0,0,0,9.0337500903375e-05,0,0,0,0,0,2.44176393026322e-05,0,0,2.35913599003501e-06,0,0,0,0,0.000213430520270012,0,0.00223520857458325,0,0.00199170124481328,0,0,8.03535556448373e-05,0,0,0,1.38513747489438e-05,0.986342657227798,2.17520240258356e-06,0,0.000153819108728136,0,0,0,0,0,0,0,0,0,0,0,0,0,0,0,0,0,0,0,0,0,0,0,0,0,0,5.94024117379166e-05,0,0,0,0,0,0,0,0,0,0,0,0,1.53016334493707e-05,0,0,0.000508493728577348,0,0,0,4.79156684235745e-08,0,1.80505415162455e-07,0
0,0,0,6.06451780585746e-05,0,0.00113394363470421,0.000336474718578273,0.000510609740974973,0,0,0,0,0,0,0,0,5.90016913818196e-05,0,0,0.000134835626943529,0.000211455831105999,0,9.0283819498022e-05,0,0,0,0,1.8379650051463e-05,0.0133594584966156,0.00224847305188268,0.000145053669857847,8.19571364176536e-05,2.23486993057004e-05,0,0,0,0,0,0,0,0,7.74035744970703e-05,0,0,0.000100755667506297,0,0,0,0,3.50680319820452e-05,0,0,0.00022023197768316,0,0,0,0,0,0,0,0.000113834927970949,0,0.000239499252373955,0,0,0,0,0,0,0,0,0,0,2.72181559946751e-05,0.000403640577596646,0,0,0,0,0,0,0,0,0,2.11799789894608e-05,1.78094390026714e-05,0.000679852645891635,0,0,0,0,0.000206957721494038,0,0.00017226899804044,1.93440434854098e-05,8.04715633612972e-05,0,0,0.000161943834067902,8.2060035121695e-06,0,6.53167864141084e-05,0,0,0,0.000222306682825733,0,0.000329634106142182,0,1.98027644659194e-05,0,0,0,0,0.000278414946311625,4.10273241979158e-05,0,6.95797383801837e-05,4.90013524373273e-05,0,0,0,0,0,0.000668028921722729,0.000779472982189714,0,0,0,0.000165200057269353,8.99078444594291e-05,0,5.93154991399253e-05,0,0,0,0,0,8.15394651011089e-05,0.000241138172172655,0,0,1.81996869653842e-05,8.58000858000858e-05,0,0,0,0,7.00549931696382e-05,0,6.69792364367046e-05,0,0,0,0,0.000307959122478585,0,0,0,3.35502918875394e-05,0,0,5.34952456100464e-05,0,0,0,2.46889196128777e-05,0,0,0,0,0.000315955766192733,0,0.000212172326363472,0,0,0,0,0,0,0,0,0.000114705207616426,0,0,0.000508957654723127,0,3.96384969081972e-05,7.62117670968397e-05,0.000329218106995885,0,1.01514597799164e-05,0.000189970992890701,0.000279634334953601,0,0,0,0.000106315118009781,5.47725115022274e-05,0,0,0,0,0,0.00014724442574674,2.68716074595582e-05,0,0.000150647785477553,0.00116643394748493,0.000131153991179894,0,0.000376612371716411,0,0.000131802472028587,0,0,0,0,0,0,0,7.71604938271605e-05,0,0.000284711018316409,0.000170881749829118,5.32651539362949e-05,0.00412262050928837,0,0,0,0.00102268826920517,2.7680894646515e-05,0,0.000413223140495868,8.08812824536146e-06,0,0,0,0.000104881169634804,0,5.50888307395676e-05,0,0,0,0,0,0,0,9.19286633572348e-05,0,0,0,0,0,0,0,0,1.67446689160339e-05,0,5.50751776174478e-05,0,0,3.71532145491988e-05,0,0.00119225037257824,0,0,0,0.00195143283684662,0,2.20157632865131e-05,2.13282373064996e-05,1.91596574253252e-05,5.66272258038943e-06,0,0,0.000299560644388231,0,7.31101038163474e-05,0.00037237706902009,0,0,7.97448165869218e-05,0,0.000190124912067228,0.000155995993366065,9.89119683481701e-05,6.76223965377333e-05,0,0,0,0,0,0,0,0.000112731945978851,0,0,0,0.000159012848238138,0,0,0,0,1.09635899178827e-05,0,0,0,0,0,0,0,0,0,0,0,0,0,0,2.17074658487294e-05,0,0.000587285273821759,0,0,0,0,2.8048130592096e-05,7.51161617787507e-05,0,0,3.58628604217472e-05,0,2.90663876293454e-05,3.62884203650615e-05,0,0,1.33109709022176e-05,0,0.000157209286931771,0,0,0.000365901334635553,0.000244773484210104,0,6.13685179502915e-05,5.26731630234396e-05,0,6.20235172502907e-05,0,0,0,0,0,0,1.58963557604419e-05,0.000106044538706257,0,0,0,0,3.85104170678168e-05,0,0,0,0,0,0,0,4.75330354596445e-05,0.000583884780070066,0,0,0,0,0.00012809017548354,3.42125970782442e-05,0.000355728413214125,0,0,0,0,0,2.73043133989092e-05,0,6.23596906959342e-05,0,9.90246076149923e-05,0,0,0,1.05983848061555e-05,0,0,0,4.27087083056235e-05,0,3.33893997003301e-05,0,0,3.38249222026789e-05,0,4.05794749015948e-05,0.000200100850828818,0,3.09386795371574e-05,0,0,0,0,0.000116329311662844,0,0.000259852956602172,0,0,0,0,0,0,0,0,0,0,1.31151554364505e-05,0,0.00013069721020864,0,5.3108436806271e-05,0,0.000179115171054988,0,0,0,8.62371291084806e-05,0.000304470810088788,0.000216450216450216,6.5720294426919e-05,0,0,0,0,0,0,0,0,0,0,0,0,0.000255754475703325,0,0.000151285930408472,0,0.000148720999405116,0,0,0,5.36826283014816e-05,0,0.000840179238237491,0,0,0,0,8.76501007976159e-05,6.33890311620477e-05,0.000758380100106173,0,0,0,0,0,0,0,0,5.26703887074687e-05,0,0.000117144028583143,0,0.00348517059910083,0.0046426257827683,0,0,0,0,0,0.00035272124440055,9.00171032496174e-05,0,0,4.05284915295453e-05,6.81384573453257e-05,0,0,0,0,0.000342845947887416,9.75490793805633e-05,0,0,0,8.42541479565249e-05,0,0,0,0,0,0.000757346258709482,8.55429861810704e-05,0,0,0,0,6.01424830097486e-05,0.000127159054784359,0,9.93534080206019e-05,0.00061232454546678,4.1262636682484e-05,0,0,0,0,0,0,0.000219590320840554,0.000313003040600966,5.23498540747818e-05,0,0,0,0.00170940170940171,0.000237079184447606,0,0,0.00448464353421192,0,0,0,0,0,0.000233385845148492,0,0,0,0.000167112716280021,0,0,0.000147858328973408,0,0,0,0,0,0,0.000124409056979348,0,8.26934435912581e-05,0.000612530626531327,0,0.00012231399618288,0,6.69209663387539e-05,0,0,0,0,0,0,2.84867821330902e-05,3.613500036135e-05,0,0,0,0,2.83350334353395e-05,0,0,0,0.000202885695143011,0,0,0,0,8.24283388629011e-05,0,8.07906713704791e-05,0,0.00033195020746888,0,0,0,0,0,0,6.92568737447192e-05,5.74873117290541e-05,0.976942854532614,0,0.000252702821481937,0,0,0.00199286763163415,0,0,0,0.000179662234998203,0,0,0,0,0,0,0.000658544616397761,0,0,0.000184060371801951,0,0,0,0,3.96852168598675e-05,0,0,0.000518353555521425,0,1.98008039126389e-05,3.24075574423956e-05,0,0.000223888951080264,0,0,0,0,0,0,0,0,0.000129711032643943,8.4158983971539e-05,0,0,9.41655052921014e-05,0.000213935424414969,0,0,2.49161475802587e-06,5.4678007290401e-07,1.80505415162455e-07,0
0,0,0,0,0,0,1.43180731309903e-06,0,0,0,0,0,0,0,0,0,0,0,0,0,0,0,0,0,0,0,0,0,0,0,0,0,0,0,0,0,0,0,0,0,0,0,0,0,0,0,0,0,0,0,0,0,0,0,0,0,0,0,0,0,0,0,0,0,0,0,0,0,0,0,0,0,0,0,0,0,0,0,0,0,0,0,0,0,0,0,0,0.000391338377250196,0,0,0,0,0,0,0,0,0,0,0,0,0,0,0,0,0,0,0,0,0,0,0,0,0,0,0,0,0,0,0,0,0,0,0,0,0,0,0,0,0,0,0,0,0,0,0,0,0,0,0,0,0,0,0,0,0,0,0,0,0,0,0,0,0,0,0,0,0,0,0,0,0,0,0,0,0,0,0,0,0,0,0,0,0,0,0,0,0,0,0.00709219858156028,0,0,0,0,0,0,0,0,0,0,0.00197530864197531,0,0,0,0,0,0,0,0,0,0,0,0,0,0,0,0.000161229644757349,0,0,0,0,0,0,0,0,0,0,0,0,0,0,0,0,0,0,0,0,0,0,0,0,0,0,0,0,0,0,0,0,0.000524405848174019,0,0,0,0,0,0,0,0,0,0,0,0,0,0,0,0,0,0,4.18616722900846e-06,0,0,0,0,3.44994135099703e-05,0,0,0,0,0,0,0,0,0,0,0,0,0,0,0,0,0,0,0,0,0,0,0,0,0,0,0,0,0,0,0,0,0,0,0,0,0,0,0,0,0,0,0,0,0,0,0,0,0,0,0,0,0,0,0,0,0,0,0,0,0,0,0,0,0,0,0,0,0,0,0,0,0,6.6554854511088e-06,0,0,0,0,0,0,0,0,0,0,0,0,0,0,0,0,0,0,0,0,0,0,0,0,0,0,0,0,0,0,0,0,0,0.00030543677458766,0,0,0,0,0,0,0,0,0,0,0,0,0,0,0,0,0,0,0,0,0,0,0,0,0,0,0,0,0,0,0,0,0,0,0,3.52292543728312e-05,0,0,0,0,0,0,0,0,0,0,0,0,0,0,0,0,0,0,0,0,0,0,0,0,0.000220005866823115,0,0,0,0,0,0,0,0,0,0,0,0,0,0,0,0,0,0,0,0,0,0.000400641025641026,0,0,0,0,0,0,0,0,0,0,0,0,0,0,0,0,0,0,0,0,0,0,0,0,0,0,0,0,8.97021887334051e-05,0,0,0,0,0,0,0,0,0,0,0,0,0,0,0,0,0,0,0,0,0,0,0,0,0,0,0,0,0,0,0,0,0,0,0,0,0,0.000209205020920502,0,0,0,0,0,0,0,0,0,0,0,0,0,0,0,0,0,0,0,0,0,0,0,0,0,0,0,0,0,0,0,0,0,0,0,0,0,0,0,0,0,0,0,0,0,0,0,0,0,0,0,0,0,0,0,0,0,0,0,0,0,0,0,0,0,0,0,0,0,0.000160707111289675,0,0,0,0,0,0,0.980534272106026,0,0,0,0,0,0,0,0,0,0,0,0,0,0,0,0,0,0,0,0,0,0,0,0,0,0,0,0,0,0,0,0,0,0,0,0,0,0,0,0,0,0,0,0,0,0,0,0,0,0,0
0,0,6.6795805223432e-05,4.33179843275533e-06,0,0.000387200265508753,9.73628972907342e-05,0.000390251730602301,0,0,0,0,0,0,0,0,1.96672304606065e-05,0,0,0.000117981173575588,4.22911662211997e-06,0,0,0,0,0,0,0,2.2265764161026e-05,6.7118598563662e-05,0,0,0,0,0,0,0,0,0,0,0,0,0,0,0.000201511335012594,0,0,0,0.000110204981265153,0.000105204095946136,0,0,0,0,0,0,0,0,0,0,3.41504783912848e-05,0,2.58918110674546e-05,0,0,3.92279930958732e-05,0,0,0,0,0,0,0,9.89751127079096e-06,1.30206637934402e-05,1.28183764244421e-05,0,0,5.39956803455724e-05,0,0,0,6.39386189258312e-05,0,8.47199159578434e-06,0,7.90526332432133e-05,0,4.83161810890467e-05,0,0,1.97102591899083e-05,0,1.845739264719e-05,0,0.00014082523588227,0,2.04294265459969e-05,0,0,0,0.000522534291312867,0,0,0,0.000172108399607019,0,0,0,0,0,0,0,0,5.54059594650001e-06,0,0,0,6.5335136583103e-06,0,0,0,0,0,0,3.35979733702463e-06,0,0,0,4.40533486051609e-05,2.24769611148573e-05,0,0,0,0,0,0,0,0,0,0,0,0,0,0,0,0,0,0,0,0,0,0,0,0,8.10418743364697e-06,0,0,0,0,0,0,0,0,0,0,0,0,0,0,0,0.000126382306477093,0,3.18258489545209e-05,0,0,0,0,0,0,0,0,0,0,0,5.08957654723127e-05,0.000262881177707676,0,0,0.000164609053497942,0,0,4.38394598978541e-05,6.21409633230225e-05,0,0,0,0,0,0,0,0,0,0,0.00103912494741271,0,0,0,1.7028232809999e-05,9.83654933849206e-05,0,0,0,4.39341573428622e-05,0,0,0,0,0,0,0,0,0,0,0.000170881749829118,0,1.99642639674982e-05,0,0,0,0,0,0,0,8.08812824536146e-06,0,4.24286138571853e-05,0,0.000104881169634804,0,0,0,0,0,0,0,0,0,0,0,0,0,0,0,0,0,0,4.18616722900846e-06,0,0,0,0,3.44994135099703e-05,0,0,0,0,0,3.03623328163847e-05,0,4.40315265730263e-05,0,9.57982871266262e-06,0,0,0,0,0,0,3.10314224183408e-05,0,0,0,0,0.00501929767857482,8.21031544031922e-06,0,0,0,0,0,0,6.08124543906592e-05,0,0,0,0,0,0,0,0,0,0,0,0,0.000370468377877745,0,0,0,0,0,0,0,0,0,0,0,0,0,0,0,0,0,0,0,5.62682871933378e-05,0,1.07308802541072e-05,0,0,1.79314302108736e-05,0,9.68879587644847e-06,0,0,0,0,0,8.27417299640901e-06,0,0,1.66951179301393e-05,0.000750371172906384,0,2.04561726500972e-05,0,0,0,0,0,0,0,0,0,0,0.015949098621421,0,0,0,0,0,0,0,0,0,0,0,0,4.75330354596445e-05,0.000194628260023355,0.00015271838729383,0,0,9.72289742343218e-05,0,0,5.92880688690208e-06,0,0,0,0,0,9.55650968961822e-05,0,0,0,0,0,0,0,2.11967696123111e-05,0.000100075056292219,0,0,8.5417416611247e-05,0,4.17367496254127e-06,0,0,0,0,0,0.000312157327292956,6.85283536063046e-05,0,0,0,0,4.38391395838204e-05,3.32369461893841e-05,0,1.66878045524331e-05,0,0,0,0,0,0,0,0,0,0,0,0,5.94078228221092e-06,0,1.06216873612542e-05,0,8.95575855274942e-05,0,0,0,0.000425436503601837,0,0.000108225108225108,0,0,0,0,4.54256382302171e-05,0,0,0,0,0,0,0,0,0,0,0,2.7680894646515e-05,0,0,0,0,0.0046703886622289,0,0,0,0,0,0,0,0.00348639671391262,0.000151676020021235,0,0,0,0,0,0,0,0,1.31675971768672e-05,0,8.78580214373572e-05,0,1.74258529955041e-05,0,0,0,0,0,0,3.5272124440055e-05,0,0,0,4.05284915295453e-05,0,0,0,0,0,1.63259975184484e-05,0,6.61849870387734e-05,0,0,5.30489079726268e-05,0,0,0,0,0,0,1.49492597209638e-05,0,0,0,0,1.36687461385792e-05,0,0,2.78189542457685e-05,4.48589410598373e-06,0,0,0,0,0,0,0,9.54740525393711e-06,0.0117152566624933,0,0,0,0,0.00202020202020202,0,0,0,1.07868756084472e-05,0,0,0,0,0,0,0,0,0,0.000134687860882405,0,0,5.68685880666955e-06,0,0,0.000193180720564088,0,0,0,0,0,0,5.14731618933888e-06,0,2.30781124873359e-05,0,1.67302415846885e-05,0,0,0,0,0,0,0,0.000198742501987425,0,0,0,0,0,7.32529179078967e-05,0,0,1.41548159402101e-05,0,0,0,0,0.00040772589044685,0,5.38604475803194e-05,0,0.00016597510373444,0,0,0,0,0,0,0,9.03372041456564e-05,1.16010794804457e-05,0,0.958765491781665,0,0,0,0,0,0,0,0,0,0,0,0,0,0,0,0,0,0,0,0,0,3.96852168598675e-06,0,0,1.91982798341269e-05,0,1.98008039126389e-05,0,0,0,0,0,0,0,0,1.57711293705742e-05,0,0,1.44123369604381e-05,0,0,4.50024751361325e-05,0.000188331010584203,0,0,0,1.43747005270724e-07,0,0,3.81679389312977e-07
0,0,0,0,0,0,0,0,0,0,0.000133904659882164,0,0,0,0,0,0,0,0,0,0,0,0,0,0,0,0,0,0,0,0,0,0,0,0,0.000250563768479078,0,0,0,0,0,0,0,0,0,0,0,0,0,0,0,0,0,0,0,0,0,0,0,0,0,0,0,0,0,0,0,0,0,0,0,0,0,0,0,0,0,0,0,0,0,0,0,0,0,0,0,0,0,0,0,0,0,0,0,0,0,0,0,0,0,0,0,0,0,0,0,0,0,0,0,0,0,0,0,0,0,0,0,0,0,0,0,0,0,0,0,0,0,0,0,0,0,0,0,0,0,0,0,0,0,0,0,0,0,0,0,0,0,0,0,0,0,0,0,0,0,0,0,0,0,0,0,0,0,0,0,0,0,0,0,0,0,0,0,0,0,0,0,5.70320520132314e-05,0,0,0,0,0,0,0,0,0,0,0,5.07572988995818e-06,0,0,0,0,0,0,0,0,0,0,0,0,0,0,0,0,0,0,0,0,0,0,0,0,0,0,0,0,0,0,0,0,0,0,0,0,0,0,0,0,0,0,0,0,0,0,0,0,0,0,0,0,0,0,0,0,0,0,0,0,0,0,0,0,0,0,0,0,0,0,0,0,0,0,0,0,0,0,0,0,0,0,0,0,0,0,0,0,0,0,0,0,0,0,0,0,0,0.000197423621736341,4.01364639775236e-05,0,0,0,0,0,0,0,0,0,0,0,0,0,0,0,0,0,0,0,0.00124711840066513,0,0,0,0.000480076812289966,0,0,0,0,0,0,0,0,0,0,0,0,0,0,0,0,0,0,0,0,0,0,0,0,3.89574973703689e-05,0,0,0,0,0,0,0.000977278279990227,0,0,0,0,0,0,0,0,0,0,0,0,0,0,0,0,0,0,0,0,0,0,0,0,0,0,0,0,0,0,0,0,0,0,0,0,0,0,0,0,0.0029382957884427,0,0,0,0,0,0,0,0,0,0,0,0,0,0,0,0,0,0,0,0,0,0,0,0,0,0,0,0,0,0,0,0,0,0,0.000231701079377292,0,0,0,0,0,0,0,0,0,0,0,0,0,0,0,0,0,0,0,0,0,0,0,0,0,0,0,0,0,0,0,0,0,0,0,0,0,0,0,0,0,0,0,0,0,0,0,0,0,0,0,0,0,0,0,0,0,0,0.000409416581371546,0,0,0,0,0,0,0,0,0,0,0,0,0,0,0,0,0,0,0,0,0,0,0,0,0,0,0,0,0,0,0,0,0,0,0,0,0,0,0,0,0,0,0,0,0,0,0,0,0,0,0,0,0,0,0,0,0,0,0,0,0,0,0,0,0,0,0,0,0,0,0,0,0,0,0,0,0,0,0,0,0,0,0,0,0,0,0,0,0,0,0,0,0,0,0,0,2.35913599003501e-06,0.000311138767890479,0,0,0,0,0,0,0,0,0,0,0,0,0,0,0,0,0,0,0,0.976377952755906,0,0,0,0,0,0,0,0,0,0,0,0,0,0,0,0,0,0,0,0,0,0,0,0,0,0,0,0,0,0,0,0,0,0,0,0,0,0,0,0,0,0,0,0,0,0,0,0,0
0,0,0,0,0,0,0,0,0,0,0,0,0,0,0,0,0,0,0,0,0,0,0,0,0,0,0,0,0,0,0,0,0,0,0,0,0,0,0,0,0,0,0,0,0,0,0,0,0,0,0,0.000324044069993519,0,0,0,0,0,0.000379722802354281,0,0,0,0,0,0,0,0,0,0,0.00160384923817161,0,0,0.0031312268716197,0,0,0,0,0,0,0,0,0,0,0,0,0,0,0,0,0,0,0,0,0,0,0,0,0,0,0,0,0,0,0,0,0,0,0,0,0,0,0,0,0,0,0,0,0,0,0,0,0,0,0,0,0,0,0,0,0,0,0,0,0,0,0,0,0,0,0,0,0,0,0,0,0,0,0,0,0,0,0,0,0,0,0,0,0,0,0,0,0,0,0,0,0,0,0,0,0,3.98612827360784e-05,0,0,0.000502596749874351,0,0,0,0,0.00208361978698425,0,0,0,0,0,0,0,0,0,0,0,0,0,0,0,0,0,0,0,0,0,0.00964546402502607,0,0,0,0,0,0,0,0,0,0,0,0,0,0,0,0,0,0,0,0,0,0,0,0,0,0,0,0,0,0,0,0,0,0,0,0,0,0.00023755790473928,0,0.000496031746031746,0,0,0,0,0,0.000945626477541371,0,0,0,0,0,0,0,0,0,0,0,0,0,0,0,0,0,0,0,0,0,0,0,0,0,0,0,0,0,0,0,0,0,0,0,0,0,0,0,0,0,0,3.77643504531722e-05,0,0,0,0,0,0,0,0,0,0,0,0,0,0,0,0,0,0,0,0,0,0,0,0,0,0,0,0,0,0,2.60489590184752e-05,0,0,0,0,0,0,0,0,0,0,0,0,0,0,0,0,0,0,0,0,0,0,0,0,0,0,0,0,0,0,0,0,0,0,0,0,0,0,0,0,0,0,1.67156993848623e-05,0,0,0,0,0.000684275352401806,0,0,0,0,0.000191828122002686,0,0,0,0,0,0,0,0,0,0,0,0,0,0,0,0,0,0,0,0,0,0,0,0,0,0,0,0,0,0,0,0,0,0,0,0,0,0,0,0,0,0,0,0.000207986688851913,0,0.000270416441319632,0,0,0,0,0,0,0,0,0,0,0,0,0,0,0,0,0,0,0,0,0,0,0,0,0,0,0,0,0,0,0,0,0,0,0,0,0,0,0,0,0.00102845389098389,0,0,0,0,0,0,0,0,0,0,0.000961846745751844,0,0,0,0,0,0,0,0,0,0,0,0,0,0,0,0,0,0,0,0,0,0,0.000125109470786939,0,0,0,0,0,0,0,0,0,0,0,0,0,8.30514428942431e-07,7.98849656494648e-05,0,0,0,0,0,0,0,0,0,0,0,0,0.000165070980521624,0,0,0,0,0,0,0.000318305457491753,0,0,0,0,0,0,0,0,0,0,0,0,0,0,0,0,0,0,0,0,0,0,0,0,0,0,0,0,0,0,0,0.000118764845605701,0,0,0,0,0,0,0,0,0,0,0.000193031560660168,0.00087123192193762,0,0,0,0,0,0,0,0,0,0,0,0,0,0,0,0,0,0,0,9.20047842487809e-05,0,0,0,0,0,0,0,0.976286957826805,0,0,0,0,0,0,0,0,0.001850994909764,0,0,0,0,0,0,0,0,0,0,3.96852168598675e-06,0,0,0,0,0,0,0.000388048117966628,0,0.000114272654553765,0,0,0,0.000271812992661049,0,0,0,0,0,0,0,0,0,0,0,0,0,0,0
0,0,0,0,0,0.000110628647288215,0,0,0,0,0,0,0,0,0,0,0,0,0,0,0,0,0,0,0,0,0,0,0.000144727467046669,0.000100677897845493,0,0,0,0,0,0,0,0,0,0,0,1.54807148994141e-05,0,0,0,0,0,0,0,0,0,0,0,0,0,0,0,0,0,0,0,0,0,0,0,0,0,0,0,0,0,0,0,9.89751127079096e-06,0,0,0,0,0,0,0,0,0,0,4.23599579789217e-06,1.78094390026714e-05,0,0,0,0,0,0,0,0,9.67202174270488e-06,0,0,0,1.27014771817962e-05,0,0,0,0,0,0,0,0,7.32520235871516e-05,0,0,0,0,0,0,5.95614064248751e-05,0,0,0,3.26675682915515e-06,0,0,0,0,0,7.85916378497328e-05,3.35979733702463e-06,0,0,0,4.40533486051609e-05,0,0,0,0,0,0,0,0,4.07697325505545e-05,0,0,0,0,0,0,0,0,0,0,0,0,0,0,0,0,0,0,0,0,0,0,0,0,0,0,0,0,0,0,0,0,0,0,2.12172326363472e-05,0,0,0,0,0,0,0,0,0,0,0,0,0,0,1.27019611828066e-05,0,0,0,0,0,0,0,0,0,0,0,0,0,0,0,0,0,0,0,0,0,0,0.000380892057758643,0,0,0,0,0,0,0,0,0,0,0,0,0,0,9.98213198374909e-06,0,0,0,7.00471417263819e-06,0,0,0.000137741046831956,0,0,0,0,0,0,0,0,0,0,0,0,0,0,0,0,0,0,0,0,0,0,0,0,0,0,0,0,0,0,0,0,0,0,3.10152862102854e-06,0,0,0,0,0,0,0,0,0,9.13876297704343e-06,0,0,0,0,0,0,1.64206308806384e-05,0,0,0,0,0,0,0,0,0,0,0,0,0,0,0,0,0,0,0,0,0,0,0,0,0,0,0,0,0,0,0,0,0,0,0,0.00014682131845544,0,0,0,0,0,0,0,0,0,0,4.84439793822424e-06,3.62884203650615e-05,6.57591898467811e-05,0,0,0,1.6548345992818e-05,0,0,2.78251965502321e-06,0,0,2.04561726500972e-05,0,0,5.16862643752423e-06,0,0,0,0,0,0,0,0,0,0,0,0,0,0,0,0,0,0,0,0,0,0,0,0,0,0,0,0,2.96440344345104e-05,0,0,0,0,0,0,0,0,0,0,0,0,0,0,0,0,0,0,0,4.17367496254127e-06,0,0,0,0,0,0,0,0,0,0,0,0,1.66184730946921e-05,0,3.57595811837852e-06,0,0,0,0,0,0,0,0,0,0,0,0,2.37631291288437e-05,4.00978387264926e-05,1.41622498150056e-05,0,0,0,0,0,5.74914194056537e-06,0,0,0,0,0,0,0,0,0,0,0,0,0,0,0,0,0,0,0,0,0,1.2903891813771e-05,0,0,0,0.000186706497386109,0,0,0,0,0,0,0,0,0,0,0,0,0,0,0,6.58379858843358e-06,0,0,0,0.0016903077405639,0.000377888145109048,0,0,0,0,0,0,0,0,0,0,0,0,0,0,0,1.63259975184484e-05,0,0,0,0,0,0,0,0,0,0,0.000151469251741896,1.1627202005194e-05,0,0,0,0,0,0,0,7.94827264164815e-06,1.34576823179512e-05,0,0,0,0,0,0,0,2.38685131348428e-06,0,0,0,0,0,0,0,0,0,1.61803134126708e-05,0,0,0,0,0,0,0,0,0,0,0,0,0,0,0,0,0,0,0,0,0,0,0,0,0,0,0,0,0,0,0,0,0,0,0,0,0,0,0,0,0,0,0,0,0,0,0,0,0,0,0,0,0,0,0,0,0,0,0,0,0,1.59514842856128e-05,0,0,0,0,0.955947136563877,0,0,0,0,0,0,0,0,0,0,0.000219514872132587,0,0,0,0,0,0,0,7.93704337197351e-06,0,0,3.83965596682537e-05,0,0,0,0,0,0,0,0,0,0,0,0,0,0,0,0,0,0,1.64565711088438e-05,0,0,1.91662673694298e-07,6.07533414337789e-08,0,0
0,0,0,0,0,0,0,0,0,0,0,0,0,0,0,0,0,0,0,0,0,0,0,0,0,0,0,0,0,0,0,0.00012293570462648,0,0,0,0,0,0,0,0,0,0,0,0,0,0,0,0,0,0,0,0,0,0.000246609124537608,0,0,0,0,0,0,0,0,0,0,0,0,0,0,0,0,0,0,0,0,0,0,0,0,0,0,0,0,0,0,0.000165203836117795,0,0,0,0,0,0,0,0,0,0,0,0,0,0,0,0,0,0,0,0,0,0,0,0,0,0,0,0,0,0,0,0,0,0,0,0,0,0,0,0,0,0,0,0,0,0,0,0,0,1.29428057414286e-05,0,0,0,0,0,0,0,0,0,0,0,0,0,0,0,0,0,0,0,0,0,0,0,0,0,0.000580046403712297,0,0,0,0,0,0,0,0,0,0,0,0,0,0,0,0,0,0,0,0,0,0,0,0,0,0,0,0,0,0,0,0,0,0,0,0,0,0,0,0,0,0,0,0,0,0,0,0,0,0,0,0,0,0,0,0,0.00326834216161388,0,0,0,0,0,0,0,0,0,0,0,0,0,0,0,0,0,0,0,0,0,0,0,0,0,0,0,0,0,0,0,8.19014234467395e-06,0,0,0,0,0,0,0,0,0,0,0,0,0,0,0,0,0,0,0,0,0,1.42188248709997e-06,0,0,0,0,0,0,0,0,0,0,0,0,0,0,0,0,0,0,0,0,0,0,0,0,0.000603095892246867,0,0,0,0,0,0,0,0,0,0,0,0,0,0,0,0,3.60706985691956e-05,0,0,0,0,0,0,0,0,0,0,0,0,0,0,0,0,0,0,0,0,0,0,6.6554854511088e-06,0,0,0,0,0,0,0,0,0,0,0,0,0,0,0,0,0,0,0,0,0,0,0,0,0,0,0,0,0,0,0,0,0,0,0,0,0,0,0,0,0,0,0,0,0,0,0,0,0,0,0,0,0,0,0,0,0,0,0,0,0,0,0,0,0,0,0,0,0,0,0,0,0,0,0,0,0,0,0,0,0,0,0,0,0,0,0,0,4.00978387264926e-05,0,0,0,0,0,0,0,0,0,0,0,0,0,0,0,0,0,0,0,0,0,0,0,0,0,0,0,0,0,0,0,0,0,0,0,0,0,0,0,0,0,0,0,0,0,0,0,0,0,0,0,0,0,0,0,0,0,0,2.14192387602545e-05,0,0,0,0,0,0,0,0,0,0,0,0,0,0,0,0,0,0,0,0,0,0,0,0,0,0,0,0,0,0,0,0,0,0,0,0,0,0,0,0,0,0,0,0,0,0,0,0,0,0,0,0,0,0,0,0,0,0,0,0,0,0,0,0,0,0,0,0,0,0,0,0,0,0,0,0,0,0,0,0,0,0,0,0.000398814949863263,0,0,0,0,0,0,0,0,0,0,0,0,0,0,0,0,0,0,0,0,0,0,0,0,0,0,0,0,0,0,0,0,0,0.987442317875785,0,0,0,0,0,0,0,0,0,0,0,0,0,0,0,0,0,0.000190489040927364,0,0,0,0,0,0,0,0,0,0,6.23208276205908e-05,0,0,0,0,0,0,0,0,0,0,0,0,0,0,0,0,0
0,0,0,4.33179843275533e-06,0,0,0,0,0,0,0,0,0,0,0,0,0,0,0,0,0,0,0,0,0,0,0,0,0,0,0,0,0,0,0,0,0,0,0,0.00115908432338453,0,0,0,0,0,0,0,0,0,0,0,0,0,0.000493218249075216,0,0,0,0,0,0,0,0,0,0,0,0,0,0,0,0,0,0,0,0.00053693998644041,0,0,0,0,0,0,0,0,0,0,4.23599579789217e-06,0,0,0,0,0,0,0,0,0,0,0,0,0,0,0,0,0,0,0,0,0,2.49345468146116e-05,0,0,0,0,0,0,0,0,0,0,0,3.26675682915515e-06,0,0,0,0,0,0,0,0,0,0,0,0,0,0,0,0,0,0,0,0,0,0,0,0,0,0,0,0,0,0,0,0,0,0,0,0,0,0,0,0,0,0,0,0,0,0,0,0,0,0,0,0,0,0,0,0,0,0,0,0,0,0,0,0,0,0,0,0,0,0,0,0,0,0,0,0,0,0,0,0,0,0,0,0,0,0,0,0,0,0,0,0,0,0,0,0,0,0,0,0,0,0,0,0,0,0,0,0,0,0,0,0,0,0,0,0,0,0,0,0,0,0,0,0,0,0,0,0,0,0,0,0,0,0,0,0,0,0,0,0,0.000110150355234896,0,0,0,0,0,0,0,0,8.16191742375933e-08,0,0,0,0,0,0,0,0,0,0,0,0,0,0,0,0,0,0,0,0,0,0,0,0,0,0,0,0,0,0,0,0,0,0,0,0,0,0,0,0,0,0,0,0,0,0,0,0,0,0,0,0,0,0,0,0,0,0.00112192522368384,0,0.0022528491916247,0,0,0,7.26659690733636e-05,0,0,0,0,0,0,0,0,0,0,0,2.04561726500972e-05,0,0,2.06745057500969e-05,0,0,0,0,0,0,0,0,0,0,0,0,0,0,0,0,0,0,0,0,2.37665177298222e-05,0,0,0,0,0,0,0,0,0,0,0,0,0,6.8260783497273e-06,0,0,0,0,0,0,0,0,0,0,0,0,0,0,0,0,0,0,0,0,0,0,0,0,0,0,1.66184730946921e-05,0,0,0,0,0,0,0,0,0,0,0,0,0,0,0,0,3.5405624537514e-06,0,0,0,0,0,0,0,0,0,0,0,0,0,0,0,0,0,0,0,0,0,0,0,0,0,0,0,0,0,0,0,0,0,0,0,0,0,0,0,0,0,0,0,0,0,0,0,0,0,0,0,0,0,0,0,0,0,0,0,0,0,0,0,0,0,0,0,0,0,0,0,0,0,0,0,0,0,0,0,0,1.66102885788486e-06,0,0,0,0,0,0,0,3.97413632082408e-06,0,4.1262636682484e-05,0,0,0,0,0,0,2.38685131348428e-06,0,0,0,0,0,0,0,0,0,0,0,0,0,0,0,0,0,0,0,0,0,0,0,0,0,0,0,0,0,0,0,0,0,0,0,0,0,0,0.000161995788109509,5.67730214602021e-05,0,0,0,2.84867821330902e-05,0,0,0,0,0,0,0,0,0,0,0,0,0,0,0,0,0,0,0,0,0,0,0,0,0,0,0,7.25067467527853e-07,0,0,0,0,0,0,0.979755671902269,0,0,0,0,0,0,0,0,0,0,0,0,0,0,0,0,0,0,0,0,0,0,0,0,0,0,0,0,0,0,0,0,0,0,7.65081672468536e-06,0,0,0,0,0,0,4.79156684235745e-08,0,0,0
0,0,0,0,0,0,0,0,0,0,0,0,0,0,0,0,0,0,0,0,0,0,0,0,0,0,0,0,0,0,0,0,0,0,0,0,0,0,0,0,0,0,0,0,0,0,0,0,0,0,0,0,0,0,0,0,0,0,0,0,0,0,0,0,0,0,0,0,0,0,0,0,0,0,0,0,0,0,0,0,0,0,0,0,0,0,0,0,0,0,0,0,0,0,0,0,0,0,0,0,0,0,0,0,0,0,0,0,0,0,0,0,0,0,0,0,0,0,0,0,0,0,0,0,0,0,0,0,0,0,0,0,0,0,0,0,0,0,0,0,0,0,0,0,0,0,0,0,0,5.82648721086057e-05,0,0,0,0,0,0,0,0,0,0,0,0,0,0,0,0,0,0,0,0,0,0,0,0,0,0,0,0,0,0,0,0,0,0,0,0,0,0,0,0,0,0,0,0,0,0,0,0,0,0,0,0,0,0,0,0,0,0,0,0,0,0,0,0,0,0,0,0,0,0,0,0,0,0,0,0,0,0,0,0,0,0,0,0,0,0,0,0,0,0,0,0,0,0,0,0,0,0,0,0,0,0,0,0,0,0,0,0,0,0,0,0,2.38842093530564e-05,0,0,0,0,0,0,0,0,0,0,0,0,0,0,0,0,0,0,0,0,0,0,0,0,0,0,0,0,0,0,0,0,0,0,0,0.00228702115494568,0,0,0,0,0,0,0,0,0,0,0,0,0,0,0,0,0,0,0,0,0,0,0,0,0,0,0,0,0,0,0,0,0,0,0,0,0,3.3277427255544e-05,0,0,0,0,0,0,0,0,0,0,5.16862643752423e-06,0,0,0,0,0,0,0,0,0,0,0,0,0,0,0,0,0,0,0,0,0,0,0,0,0,0,0,0,0,0,0,0,0,0,0,0.000907441016333938,0,0,0,0,0,0,0,0,0,0,0,0,0,0,0,0,0,0,0,0,0,0,0,0,1.46130465279401e-05,0,0,0,0,0,0,0,0,0,0,0,0,0,0,0,0,0,0,0,0,0,0,7.33352889410384e-05,0,0,0,0,0,0,0,0,0,0,0,0,0,0,0,0,0,0,0,0,0,0,0,0,0,0,0,0,0,0,0,0,0,0,0,0,0,0,0,0,0,0,0,0,0,0,0,0,0,0,0,0,0.000963865744211451,0,0,0,0,0,0,0,0,0,0,0,0,0,0,0,0,0,0,0,0,0,0,0,0,0,0,0,0,0,0,0,0,0,0,0,0,0,0,0,0,0,0,0,0,0,0,0,3.66099212886692e-05,0,0,0,0,0,0,0,0,0,0,0,0,0,0,0,0,0,0,0,0,0,0,0,0,0,0,0,0,0,0,0,0,0,0,0,0,0,0,0,0,0,0,0,0,0,0,0,0,0,0,0,0,0,0,0,0,0,0,0,0,0,0,0,0,0,0,0,0,0,0,0,0.972631142442463,0,0,0,0,0,0,0,0,0,0,0,0,0,0,0,0,0,0,0,0,0,0,0,0,0,0,0,0,0,0,0,0,0,0,0,0,0,0,0,0,0,0,0,0
0,0,0,0,0,0,0,0,0,0,0,0,0,0,0,0,0,0,0,0,0,0,0,0,0,0,0,0,0,0,0,0,0,0,0,0,0.000262766050626259,0,0,0,0,0,0,0,0,0,0,0,0,0,0,0,0,0,0,0,0,0,0.000309885342423303,0,0,0,0,0,0,0,5.71559213534522e-05,0,0,0,0,0,0,0,0,0,0,0,0,0,0,0,0,0,4.23599579789217e-06,0,0,0,0,0,0,0,0,0,0,0,0,0,0,0,0,0,0,0,0,0,0,0,0,0.000138619351261436,0,0,0,0,0,0,0.00317712470214456,0,0,0,0,0,0,0,0,0,0,0,0,0,0,0,0,0,0.000220027697604287,0,0,0,0,0,0,0,0,0,0,0,0,0,0,0,0,0,0,0,0,0,0,0,0,0,0,0,0,0,0,0,0,0,0,0,0,0,0,0,0,0,0,0,0,0,0,0,0,0,0,0,0,0,0,0,0,0,0,0,0,0,0,0,3.65150076681516e-05,0,0,5.26094276094276e-05,0,0,0,0,0,0,0,0,0,0,0,0,0,0,0,0,0,0,0,0,0,0,0,0,0,0,0.000100707469976586,0,0,0,0,0,0,0,0,0,0,0,0,0,5.2468649981636e-05,0,0,0,0,0,0,4.09507117233698e-05,0,0,0,0,0,0,0,0,0,0,0,0,0,0,0,0,0,0,8.16191742375933e-08,0,0,5.68752994839988e-06,0,0,0,0,0,0,0,0,0,0,0,0,0,0,0,0,0,0,0,0,0,0,0,0,0,0,0,0,0,0,0,0,0,0,0,0,0,0,0,0,0,2.40471323794638e-05,0,0,0,0.000106723585912487,0,0,0,0,0,0,0,0,0,0,0,0,0,0,0,0,0,0,0,0,0,0,0,0,0,0,0,0,0,0,0,0,0,0,0,0,0,0,0,0,0,0,0,0,1.67156993848623e-05,0,0,0,0,0,0,0,0,0,0,0,0,0,0,0,0,0,0,0,0,0,0,0,0,0,0,0,0,0,0,0,0,0,0,0,0,0,0,0,0,0,0,0,0,0,0,0,0,0,0,0,0,0,0,0,0,0,0,0,0,0,0,0,0,0,0,0,0,0,0,0,0,0,0,0,0,0,0,0,0,0,0,0,0,0,0,0,0,0,0,0,0.00024517394446165,0,0,0,0,0,0,0,0,0,0,0,0,0,0,0,0,0,0,0,0,0,0,0,0,0,0,0,0,0,0,0,0,0,0,0,0,0,0,0,0,0,0,0,0,0,0,0,0,0,0,0,0,0,0,0,0,0,0,0,0,0,0,0,0,0,0,0,0,0,0,0,0,0,0,0,0,0,0,0,0,0,0,0,0,0,0,0,0,0,0,0.000681044267877412,0,0,0,0,0,0,0,0,0,0,0,0,0,0,0,0,0,0,0,0,0,0,2.84867821330902e-05,0,0,0,0,0,0,0,0,0.000105831304899989,0,0,0.00284596229099964,0,0,0,0,0,0,0,0,0,0,3.04766548823601e-05,0,0,0,0,0,0,0,0,0,0,0,0,0,0.975925260510241,0,0,0,0,0,0,0,0,0,0,0,0,0,0,0,0,0,0,0,0,0,0,0,0,0,0,0,0,0,0,0,0,0,0,0,0,0,0,0,0,0,0,0
0,6.5837118967674e-05,0,0,0,0,0,0,0,0,0,0,0,0,0,0,0,0,0,0,0,0,0,0,0,0,0,0,0,0,0,0,0,0,0,0,0,0,0,0,0,0,0,0,0,0.000708968450903935,0,0,0,0,0,0,0,0,0,0,0,0.000189861401177141,0,0,0,0,0,0,0,0,0,0,0,0,0,0,0,0,0,0,0,0,0,0,0,0,0,0,0,0,0,0,0,0,0,0,0,0,0,0,0,0,0,0,0,0,0,0,0,0,0,0,0,0,0,0,0,0,0,0,0,0,0,0,0,0,0,0,0,0,0,0,0,0,0,0,0,0,0,0,0,0,0,0,0,0,0,0,0,0,0,0,0,0,0,0,0,0,0,0,0,0,0,0,0,0,0,0,0,0,0,0,0,0,0,0,0,0,0,0,0,0,0,0,0,0,0,0,0,0,0,0,0,0,0,5.07572988995818e-06,0,0,0,0,0,0,0,0,0,0,0,0,0,0,0,0,0,0,0,0,0,0,0,0,0,0,0,0,0,0,0,0,0,0,0,0,0,0,0,0,0,0,0,0.00129645635263613,0,0.00011877895236964,0,0,0,0,0,0,0,0,0,0,0,0,0,0,0,0,0,0,0,0,0,0,0,0,0,0,0,0,0,0,0,0,0,0,0,0,0,0,0,0,0,0,0,0,0,0,0,0,0,0,0,0,0,0,0,0,0,0,0,0,0,0,0,0,0,0,0,0,0,0,0,0,0,0,0,0,0,0,0,0,0,0,0,0,0,0,0,0,0,0,0,0,0,0,0,0,0,0,0,0,0,0,0,0,0,0,0,0,0,0,0,0,0,0,0,0,0,0,0,0,0,0,0,0,0,0,0,0,0,0,0,0,0,0,0,0,0,0,0,0,0,0,0,0,0,0,0,0,0,0,0,0,0,0,0,0,0,0,0,0,0,0,0,0,0,0,0,0,0,0.000468364998879997,0,0,0,0,0,0,0,0,0,0,0,0,0,0,4.37171847881684e-06,0,0,0,3.5405624537514e-06,0,0,0,0,0,0,0,0,0,0,0,0,0,0,0,0,0,0,0,0,0,0,0,0,0,0,0,0,0,0,0,0,0,0,0,0,0,0,0,0,0,0,0,0,0,0,0,0,0,0,0,0,0,0,0,0,0,0,0,0,0,0,0,0,0,0,0,0,0,0,0,0,0,0,0,0,0,0,0,0,0,0,0,0,0,0,0,0,0,0,0,0,0,0,0,0,0,0,0,0,0,1.44684298859888e-05,0,0,0,0,0,0,0,0,0,0,0,0,0,0,0,0,0,0,0,0,0,0,0,0,0,0,0,0,0,0,0,0,0,0,0,0,0,0,0,0,0,0,0,0,0,0,0,0,0,0,0,0,0,0,0,0,0,0,0,0,0,0,0,0,0,0,0,0,0,0,0,0,0,0,0,0,0,0.981037367540435,0,0,0,0,0,0,0,0,0,0,0,0,0,0,0,0,0,0,0,0,0,0,0,0,0,0.000538618980932888,0,0,0,0,0,0,0,0,0,0,0,0,0,0,0,0
0,0,0,4.33179843275533e-06,0,0,0,0,0,0,0,0,0,0,0,0,0,0,0,0,0,0,0,0,0,0,0,0,0,0,0,0,0,0,0,0,0,0,0,0,2.21695080586162e-05,0,0,0,0,0,0,0,0,0,0,0,0,0,0,0,0,0,0,0,0,0,0,0,0,0,0,0,0,0,0,0,0,0,1.30206637934402e-05,0,0,0,0,0,0,0,0,0,0,0,0,0,0,0,0,0,0,0,0,0,0,0,0,0,0,0,0,0,0,0,0,0,0,0,0,0,0,0,0,0,0,0,0,0,0,0,0,0,0,0,0,0,0,0,0,0,0,0,0,0,0,0,0,0,0,0,0,0,0,0,0,0,0,0,0,0,0,0,0,0,0,0,0,0,0,0,0,0,0.00015286429472236,0,0,0,0,0,0,0,0,0,0,0,0,0,0,0,0,0,0,0,0,0,0,0,0,0,0,0,0,0,0,0,0,0,0,0,0,0,0,0,0,0,0,0,0,0,0,0,0,0,0,0,0.001585414189457,0,0,0,0,0,0,0,0,0,0,0,0,0,0,0,0,0,0,0,0,0,0,0,0,0,0,0,0,0,0,0,0,0,0,0,0.000119445771619685,0,0,0,0,0,0,0,0,0,0,0,0,0,0,0,0,0,0,1.56407073580997e-05,0,0,0,0,0,0,0,0,0,0,0,0,0,0,0,0,0,0,0,0,0,0,0,0,0,0,0,0,0,0,0,0,0,0,0,0,0,0,0,0,0,0,0,0,0,0,0,0,0,0,0,0,0,0,0,0,0,0,0,0,0,0,0,0,0,0,0,0,0,0,0,0,0,0,0,0,0,0,0,0,0,0,0,0,0,0,0,0,0,0,0,0,0,0,0,0,0,0,0,0,0,0,0,0,0,0,0,0,0,0,0,0,0,0,0,0,0,0,0,0,0,0,0,0,0,0,0,0,0,0,0,0,0,0,0,0,0,0,0,0,0,0,0,0,0,0,0,0,0,0,0,0,0,4.00978387264926e-05,0,0,0,0,0,0,0,0,0,0,0,0,0,0,0,0,0,0,0,0,0,0,0,0,0,0,0,0,0,0,0,0,0,0,0,0,0,0,0,0,0,0,0,0,0,0,0,0,0,0,0,0,0,0,0,0,0,0,0,0,0,0,0,0,0,0,0,0,0,0,0,0,0,0,0,0,0,0,0,0,0,0,0,0,0,0,0,0,0.000617894216510134,0,0,0,0,0,0,0,0,0,0,0,0,0,0,0,0,0,0,3.2916392363397e-05,0,0,0,0.000467508181393174,0,0,0,0,0,0,0,0,0,0,0,0,0,0,0,0,0,0,0,0,0,0,0,0,0,0,0,0,0,0,0,0,0,0,0,0,0,0,0,0,0,0,0,0,0,0,0,0,0,0,0,0,0,0,0,0,0,0,0,0,0,0,0,0,0,0,0,0,0,0.98455765622745,0,0,0,0,0,0.000143981570358994,0,0,0,0,0,0,0,0,0,0,0,0,0,0,0,0,0,0,0,0,0,0,0,0,0,0,0,0,0,0,0,1.58121705797796e-06,0,0,0
0,0,0,0,0,0,0,0,0,0,0,0,0,0,0,0,0,0,0,0,0,0,0,0,0,0,0,0,0,0,0,0,0,0,0,0,8.75886835420864e-05,0,0,0,0,0,0,0,0,0,0,0,0,0,0,0,0,0,0,0,0,0,0,0,0,0,0,0,0,0,0,0.00183462193683659,0,0,0,0,0,0,0,0,0,0,0,0,0,5.76003686423593e-05,0,0,0,0,0,0,0,0,0,0,0,0,0,0,0,0,0,6.5648028097356e-05,0,0,0,0,0,0,0,0,0,1.98027644659194e-05,0,0,0,0,0,0,0,0,0,0,0,0,0,0,0,0,0,0,0,0,0,0,0,0,0,0,0,0,0,0,0.000150659133709981,0,0,0,0.000172920629431091,0,8.05996614814218e-05,0,0,0,0,0,0,0,0,0,0,0,0,0,0,0,0,0,0,0,0,0.000868998479252661,0,0,0,0,0,0,0.000108260257659413,0,0,0,0,0,0,0,0,0,0,0,0,0,0,0,0,0,0,0,0,0,0,0,0,0,0,0,0,0,0,0,0,0,0,0,0,0,0,0,0,0,0,0,0,0,0,0,0,0,0,0,0,0,0,0,0,0,0.00328677074774034,0,0,0,0,0,0,0,0,0,0,0,0,0,0,0,0,8.19014234467395e-06,0,0,0,0,0,0,0,0,0,0,0,0,0,0,0,0,0,0,0,0,0,0,0,0,0,0,0,0,0,0,0,0,0,0,0,0,0,0,0,0,0,0,0,0,0,0,0,0,0,0,0,0,0,0,0,0,0,0,0,0,0,0,0,0,0,0,0,0,0,2.17074658487294e-06,0,0,0,0,0,0,0,0,0,0,0,0,0,0,0,0,0,0,0,0,0,0,0,0,0,0,0,0,0,0,0,0,0,0,0,0,0,0,0,0,0,0,0,0,0,0,0,0,0,0,0,0,0,0,0,0,0,0,0,0,0,0,0,0,0,0,0,0,0,0,0,0,0,0,0,0,0,0,0,0,0,0,0,0,0,0,0,0,0,0,0,0,0.000161381424997983,0,0,0,0,0,0,0,0,0.000170515443827341,0,0,0,0,0,0,0,0,0,0,0,0,0,0,0,0,0,0,0,0,0,0,0,0,0,0,0,0,0,0,0,0,0,0,0,0,0,0,0,0,0,0,0,0,0,0,0,0,0,0,0,0,0,0,0,0,0,0,0,0,0,0,0,0,0,0,0,0,0,0,0,0.000125109470786939,0,0,0,0,0,0,0,0,0,0.000157952930026852,0,0,0,0,0,0,0,0,0,0,0,0,0,0,0,0,0,0,0,0,0,0,0,0,0,0,0,0,0,0,0,0,0,0,0,0,0,0,0,0,0,0,0,0,0,0,0,0,0,0,0,0,0,0,0,0,0,0,0,0,0,0,0,0,0,0,0,0,0,0,0,0,0,0,0,0,0,0,0,0,0,0,0,0,0,0,0,0,0,0,0,0,0,0,0,0,0,0,0,0,0,0,0,0,0.969646981194325,0,0,0,0,0,0,0,0,0,0,0,0,0,0,0,0,0,0,0,0,0,0,6.23208276205908e-05,0,0,0,0,0,0,0,0,0,0,0,0,0,4.79156684235745e-08,0,0,0
0,0,0,0,0,0,0,0,0,0,0,0,0,0,0,0,0,0,0,0,0,0,0,0,0,0,0,0,0,0,0,0,0,0,0,0,0,0,0,0,0,0,0,0,0,0,0,0,0,0,0,0,0,0,0,0,0,0,0,0,0,0,0,0,0,0,0,0,0.00240577385725742,0,0,0.000284656988329063,0,0,0,0,0,0,0,0,0,0,0,0,0,0,0,0,0,0,0,0,0,0,0,0,0,0,0,0,0,0,0,0,0,0,0,0,0,0,0,0,0,0,0,0,0,0,0,0,0,0,0,0,0,0,0,0,0,0,0,0,0,0,0,0,0,0,0,0,0,0,0,0,0,0,0,0,0,0,0,0,0,0,0,0,0,0,0,0,0,0,0,0,0,0,0,0,0,0,0,0,0,0,0,0,0,0.000454800258072705,0,0,0,0,0,0,0,0,0,0,0,0,0,5.07572988995818e-06,0,0,0,0,0,0,0,0.00156412930135558,0,0,0,0,0,0,0,0,0,0,0,0,0,0,0,0,0,0,0,0,0,0,0,0,0,0,0,0,0,0,0,0,0,0,0,0,0,0,0,0,0,0,0,0,0,0.000472813238770686,0,0,0,0,0,0,0,0,0,0,0,0,0,0,0,0,0,0,0,0,0,0,0,0,0,0,0,0,0,0,0,0,0,0,0,0,0,0,0,0,0,0,0,0,0,0,0,0,0,0,0,0,0,0,0,0,0,0,0,0,0,0,0,0,0,0,0,0,0,0,0,0,0,4.34149316974587e-06,0,0,0,8.11293201362973e-05,0,0,0,0,0,0,0,0,0,0,0,0,0,0,0,0,0,0,0,0,0,0,0,0,0,0,0,0,0,0,0,0,0,0,0,0,0,0,0,0,0,0,0,0,0,0,0,0,0,0,0,0,0,0,0,0,0,0,0,0,0,0,0,0,0,0,0,0,0,0,0,0,0,0,0,0,0,0,0,0,3.09386795371574e-05,0,0,0,0,0,0,0,0,0,0,0,0,0,0.000270416441319632,0,0,0,0,0,0,0,0,0,0,0,0,0,0,0,0,0,0,0,0,0,0,0,0,0,0,0,0,0,0,0,0,0,0,0,0,0,0,0,0,0,0,0,0,0,0,0,0,0,0,0,0,0,0,0,0,0,0,0,0,0,0,0,0,0,0,0,0,0,0,0,0,0,0,0,0,0,0,0,0,0,0,0,0,0,0,0,0,0,7.98849656494648e-05,0,0,0,0,0,0,0,0,0,0,0,0,0,0,0.000524109014675052,0,0,0,0,2.89368597719775e-05,0,0,0,0,0,0,0,0,0,0,0,0,0,0,0,0,0,0,0,0,0,0,0,0,0,0,0,0,0,0,0,0,0,0,0,0,0,0,0,0,0,0,0,0,0,0,0,0,0,0,0,0,0,0,0,0,0,0,0,0,0,0,0,0,0,0,0,0,0,0,0,0.00015008254539997,0,0,0,0,0,0,0,0,0.957427117075428,0,0,0,0,0,0,0,0,0,0,0,0,0,0,0,0,0,0,0,0,0,0,0,0.00271812992661049,0,0,0,0,0,0,0,0,0,0,0,0,0,0,0
0,0,0,0,0,0,0,0,0,0,0.000267809319764328,0,0,0,0,0,0,0,0.00152601861742713,0,0,0,0,0,0,0,0,0,0,0,0,0,0,0,0,0,0,0,0,0,0,0,0,0,0,0,0.000232450023245002,0,0,0,0,0,0,0,0,0,0,0,0,0,0,0,0,0,0,0,0,0,0,0,0,0,0,0,0,0,0,0,0,0,0,0,0,0,0,0,0,0,0,0.000211312249066704,0,0,0,0,0,0,0,0,0,0,0,0,0,0,0,0,0,0,0,0,0,0,0,0,0,0,0,0,0,0,0,0,0,0,0,0,0,0,0,0,0,0,0,0,0,0,0,0,0,0,0,0,0,0,0,0.000159108989657916,0,0,0,0,0,0,0,0,0,0,0,0,0,0,0,0,0,0,0,0,0,0,0,0,0,0,0,0,0,0,0,0,0,0,0,0,0,0,0,0,0,0,0,0,0,0,0,0,0,0,0,0,0,0,0,0,0,0,0,0,0,0,0,0,0,0,0,0,0,0,0,0,0,0,0,0,0,0,0,0,0,0,0,0,0,0,0,0,0,0,0,0.00011877895236964,0,0,0,0,0,0,0,0,0,0,0,0,0,0,0,0,0,0,0,0,0,0,0,0,0,0,0,0,0,0,0,0,0,0,9.57982871266262e-06,0,0,0,0,0,0,0,0,0,0,0,0,0,0,0,0,4.93559054340852e-05,0.000602046959662854,0,0,0,0,0,0,0,0,0,0,0,0,0,0,0,8.6400552963539e-05,0,0,0,7.55829333736442e-05,0,3.49913396434382e-05,0,0.000480076812289966,0,0,0,0,2.17074658487294e-06,0.000582042716874178,0,0,0,0,0,0,0,0,0,0,0,0,0,0,0,0,0,0,0,0,0,0,0,0,0,0,0,0,0,0,0,0,0,0,0,0,0,0,0,0,0,0,0,0,0,0,0,0,0,0,0,0,0,0,0,0,0,0,0,0,0,0,0,0,0,0,0.000489715964740451,0,0.000180995475113122,0,0,0,4.27414356848247e-05,0,0,0,0.00406283856988082,0,0,0,0,0,0,0,0,0,0,0,0,0,0,0,0,0,0.000290623751226069,0,0,0,0,0,0,0.000389082944614699,0,0,0,0,0.000120569086086327,0,0,0,0,0,0,0,0,0,0,0,0,0,0,0,0,0,0,0,0,0,0,0,0,0,0,0,0,0,0,0,0,0.000512557662737058,0,0,0,0,0,0,0,0,0,0,0,0,0,0,0,0,0,0,0,0,0,0,0,0,0,0,0,0,0,0,0,0,0,0,0,0,0,0,0,0,0,0,0,0,0,0,8.30514428942431e-07,0,0,0,0.000219070047647735,0,0,0,0,0,0,0,0,0,0,0,0,0,0,0,0,1.44684298859888e-05,0,0,0,0,0,0,0,0,0,0,0,0,0,0,0,0,0,0,0,0,0,0,0,0,0,0,0,0,0,0,0,0,0,0,0,0,0,0,0,0,0,0,0,0,0,0,0,0,0,0,0.000622277535780958,0,0,0,0,0,0,0,0,0,0,0,0,0,0,0,0,0,0,0,0,0,0,0,0,0,0,0,0,0,0,0.989318900277804,0,0,0,0,0,0,0,0,0,0,0,0.00764044943820225,0,0,0,0,0,0,0,0,0,0,0,0,0,0,0,0,0,0,0,0,0,0,0,0,9.02527075812274e-08,3.81679389312977e-07
0,0,0,0,0,0,0,0,0,0,0,0,0,0,0,0,0,0,0,0,0,0,0,0,0,0,0,0,0,0,0,0,0,0,0,0,0,0,0.000220653133274493,0,0,0,0,0,0,0,0,0,0,0,0,0,0,0,0,0,0,0,0,0,0,0,0,0,0,0,0,0,0,0,0,0,0,0,0,0,0,0,0,0,0,0,0,0,0,0,0,0,4.83161810890467e-05,0,0,0,0,0,0,0,0,0,0,0,0,0,0,0,0,0,0,0,0,0,0,0,0,0,0,0,0,0,0,0,0,0,0,0,0,0,0,0,0,0,0,0,0,0,0,0,0,0,0,0,0,0,0,0,0,0,0,0,0,0,0,0,0,0,0,0,0,0,0,0.000100650875662618,0,0,0,0,0,0,0,0,0,0,0,0,0,0,0,0,0,0,0,0,0,0,0,0,0,0,0,0,0,0,0,0,0,0,0,0,0,0,0,0,0,0,0,0,4.20698359276399e-06,0,0,0,0,0,0,0,0,0,0,0,0,0,0,0,0,0,0,0,0,0,0,0,0,0,0,0,0,0,0,0,0,0,0,0,0,0,0,0,0,0,0,0,0,0,0,0,0,0,0,0,0,0,0,0,0,0,5.30760207845697e-06,0,0,0,0,0,8.16191742375933e-08,0,0,0,0,0,0,0,0,0,0,0,0,0,0,0,0,0,0,0,0,0,0,0,0,0,0,0,0,0,0,0,0,0,0,0,0,0,0,0,0,0,0,0,0,0,0,0,0,0,0,0,0,0,0,0,0,0,0,0,0,0,0,0,0,0,0,0,0,0,0,0,0,0,0,0,0,0,0,0,0,0,0,0,0,0,0,0,0,0,0,0,0,0,0,0,0,0,0,0,0,0,0,0,0,0,0,0,0,0,0,0,0,0,0,0,0,0,0,0,0,0,1.05983848061555e-05,0.000200150112584438,0,0,0,0,0,0,0,0,0,0,0,0,0,0,8.8073135932078e-06,0,0,0,0,0,0,0,0,0,0,8.98553329140084e-05,0,0,0,0,0,0,0,0,0,0,0,0,0,0,0,0,0,0,0,0,0,0,0,0,0,0.000442396313364055,0,0,0,0,0,0,0,0,0,0,0,0,0,0,0,0,0,0,0,0,0,0,0,0,0,0,0,0,0,0,0,0,0,0,0,0,0,0,0,0,0,0,0,0,0,0,0,0,0,0,0,0,0,0.00132369974077547,0,0,0,0,0,0,0,0,0,0,0,0,0,0,0,0,0,0,0,0,0,0,0,0,0,0,0,4.47147200858523e-05,0,0,0,0,0,0,0,0,0,0,0,0,0,0,0,0,0,0,0,0,0,0,0,0,0,0,0,0,0,0,0,0,0,0,0,0,0,0,0,0,0,0,0,0,0,0,0,0,0,4.88352786052644e-05,0,0,0,0,0,0,0,0,0,0,0,0,0,0,0,0,0,0,0,0,0,0,0,0,0,0,0,0,0,0,0,0,0,0,0,0.971055529337738,0,0,0,0,0,0,0,0,0,0,0,0,0,1.98008039126389e-05,0,0,0,0,0,0,0,0,0,0,0,0,0,0,0,0,0,0,0,0,0,0,0
0,0,0,1.73271937310213e-05,0,5.53143236441076e-05,1.43180731309903e-06,0,0,0,0,0,0,0,0,0,0,0,0,0,0,0,0,0,0,0,0,0,2.2265764161026e-05,0.000134237197127324,0,0,0,0,0,0,0,0,0,0,0,7.74035744970703e-06,0,0,0,0,0,0,0,0,0,0,0,0,0,0,0,0,0,0,0,0,0,0,0,0,0,0,0,0,0,0,0,0,0,0,0,0,0,0,0,0,0,0,0,0,0,0,0,0,0,0,0,3.076232107865e-06,0,0,0,0,4.76305394317359e-05,0,0,8.16459830176355e-06,0,0,0,0,0,0,0,0,0,0,0,0,0.000277029797325,0,0,1.73949345950459e-05,0,0,0,0,0,0,0,0,0,0,0,0.000704853577682574,0,0,0,0,0,0,0,0,0,0,0,0,0,0,0,0,0,0,0,0,0,0,0,0,0,8.10418743364697e-06,0,0,0,0,0,0,0,0,0,0,0,0,0,0,0,0,0,0.000106086163181736,0,0,0,0,0,0,0,0,0,0,0,0,0,0,1.27019611828066e-05,0,0,0,0,0,0,0,0,0,0,0,0,0,0,0,4.20698359276399e-06,0,0,0,0,0,0,8.13140348024069e-05,0,0,0,0,0,0,0,0,0,0,0,0,0,0,0,0,0,0,0,0,0,0,0,0,0,0,0,0,0,0,0,0,0,0,0,0,0,0,0,0,0,0,0,0,0,0,0,0,0,0,0,0,0,0,0,0,2.12209853017742e-06,0,0,2.84376497419994e-06,0,0,0,0,0,0,0,6.20628448366816e-06,0,0,0,0,0,0,0,6.76223965377333e-05,0,0,0,0,0,0,0,1.12731945978851e-05,0,0,0,0,0,0,0,0,0,0,0,0,0,0,0,0,0,0,0,0,0,0,0,0,0,0.00014682131845544,0,0,0,0,0,0,0,0,0,0,0,0,6.57591898467811e-05,0,0,0,8.27417299640901e-06,0,0,2.78251965502321e-06,0,0,0,0,0,5.16862643752423e-06,0,0.00180153130160637,0,0,0,0,0,0,0,0,0,0,0,0,0,0,0,0,0,0,0,0,0,0,0,0,0,0,0,0,0,0,0,0,0,0,0,0,0,0,0,0,0,0,0,0,0,0,0,0,0,0,0,0,0,0,0,0,0,0,0,0,0,2.38397207891901e-06,0,0,0,0,0,0,0,0,0,0,0,0,1.18815645644218e-05,0,3.5405624537514e-06,0,0,0,0,0,0,0,0,0,0,0,0,0,0,0,0,0,0,0,0,0,0,0,0,0,0,0,0,0,0,0,9.33532486930545e-05,0,0,0,0,0,0,0,0,0,0,0,0,0,0,0,0,0,2.92860071457857e-05,0,1.74258529955041e-05,0,0,0,0,0,0,0,0,0,0,0,0,0,0,0,0,0,0,0,0,0,0,0,0,0,0,0,0.010299909118449,5.81360100259702e-06,0,0,0,0,0,4.23863515947865e-05,0,0,4.48589410598373e-06,0,0,0,0,0,0,0,2.38685131348428e-06,0,0,0,0,0,0,0,0,0,8.0901567063354e-06,0,0,0,0,0,0.000350078767722738,0,0,0,2.49421964597046e-06,0,0,0,0,0,0,0,0,0,0,0,0,0,0,0,0,0,0,0,0,0,0,0,0,0,0,0,0,0,0,0,0,0,2.35913599003501e-06,0,0,0,0,0,0,0,0,0,0,0,0,0,0,0.000519345624513113,1.38513747489438e-05,0,5.80053974022283e-06,0,1.09870791948668e-05,0,0,0,0,0,0,0,0,0,0,0,0,0,0.957633629678411,0,0,0,0,0,0,0,3.96852168598675e-06,0,0,0,0,0,0,0,0,0,0,0,0,0,0,0,0,0,0,0,0,0,0.00213112595859527,0,0,9.5831336847149e-08,1.82260024301337e-07,0,0
0,0,0,0,0,0,0,3.64721243553552e-06,0,0,0,0,0,0,0,3.03324435816549e-05,0,0,0,0,0,0,0,0,0,0,0,0,0,0,0,0,0,0,0,0,8.75886835420864e-05,0,0,0,0.000110847540293081,0,0,0,0,0,0,0,0,0,0,0,0,0,0,0,0,0,0,0,0,0,0,0,0,0,0,0,0,0,0,0,0,2.47437781769774e-06,0,0,0,0,0,0,0,0,0,0,8.47199159578434e-06,0,0,0,0,0,0,0,0,0,0,0,0,0,0,8.2060035121695e-06,0,0,0,0,0,0,4.98690936292233e-05,0,0,3.96055289318389e-05,0,0,0,0,0,0,0,0,1.63337841457758e-05,0,0,0,0,0,0,0,0,0,0,0,0,0.000231722859460086,2.96577495699626e-05,0,3.88284172242859e-05,0,0,0,8.15394651011089e-05,0,0,0,0,4.29000429000429e-05,0,0,0,0,0,0,0,0,0,0,0,0,0,0,0,0,0,0,0,0,3.82160736805901e-05,0,0,0,0,0,0,0,0,0,0,0,0,0,0,0,0,0,0,0,0,0,0,0,0,0,0,0,0,3.45227574016792e-06,0,0.000115633672525439,0,0,1.82575038340758e-05,0,0,0,0,0,0,0,0,0,0,0,0,0,0,0,0,0,0.000396353547364249,0,0,0,0,0,0,0,0,0,0,0,0,0,0,0,0,0,0,0,0,0,0,0,0,0,0,4.78194338179036e-05,6.8203519301596e-05,0,0,0,0,8.19014234467395e-06,0,0,0,0,0,0,0,4.18616722900846e-06,0,5.50751776174478e-05,0,0,0,0,0,0,0,0,2.4485752271278e-07,0,0,0.000298595322290994,0,0.000133073980639151,0,0,0,0,0,0,0,0,0,0,0,0,0,0,0,0,0,0,0,0,0,0,0,0,0,0,0,0,0,0,0,0,0,0,0,0,0,0,0,0,0,0,0,0,0,0,0,0,0,0,0,0,0,0,0,0.00121097954790097,0,0,0,0,0,0,6.6554854511088e-06,0,0,0,0,0,0,0,2.04561726500972e-05,0,0,0,0,0,0,0.000681663258350375,0,0,4.76890672813258e-05,0,0,0,0,0,0,0,0,0,0,0,0,0,0,0,0,0,0,0,0,0,0,0.000270392068499324,0,0.000292740046838407,0,0.000841042893187553,0,0,0,0,0,0,0,0,0,0,0,0,0,0,0,0,0,0,0,0,0,0,0,0,0,0,0,0,0,0,0,0,0,0,0,0,0,0,0,0,0,0,0,0.00288704438830747,0,0,0,0,0,0,0,0,0,9.85804416403785e-05,0,0,0.000222074172773706,0,0,4.71253534401508e-05,0,0,0,0.000551116009920088,0,0.000130531262237306,0,0,0,2.7680894646515e-05,0,0,2.58077836275421e-05,0.00329250625576189,0,0,0,0,0,0,0,0,0,0,0,0,0,0,0,0,0,0,6.58379858843358e-06,0,0,0,0,0,0,0,0,0,0,0,0,0,0,0,0.000113564095575543,0,0,0,4.35508456122523e-05,0,0,0,0,4.00312243549969e-05,0,0,0,0,0,0,0,1.66102885788486e-06,0,0,0,0,0,0,0.00407810182896688,0,0,0,0,0,0,0,0,0,0,0,1.30874635186954e-05,0,0,0,0,0,0,3.2916392363397e-05,0,0,0,0,0,0,0,0,0,0,0,0,0,0,0,0,0,0,0,0,0,0,0,0,0,0,0,0,0,0,0,0,0,0,0,0,0,0,0,0,0.000141675167176697,0,0,0,0,0,0,0,0,0,0,0,0,0,4.65202828433197e-05,0,0,3.04766548823601e-05,0,0,0,0,0,0,0,0,0,0,0,0,0,0,0,0.00101024678885842,0,0,0,0,0,0.9907531835925,0,0,0.000672043010752688,0,0,0,1.19055650579603e-05,0,0,1.91982798341269e-05,0,0,0,0,0,0,0,0,0,0,0,0,0,0,0,0,0,0,0,0,0,4.31241015812171e-07,0,0,0
0,0,0,0,0,0,0,0,0,0,0,0,0,0,0,0,0,0,0,0,0,0,0,0,0,0,0,0,0,0,0,0,0,0,0,0,0,0,0,0,0,0,0,0,0,0,0,0,0,0,0,0,0,0,0,0,0,0,0,0,0,0,0,0,0,0,0,0,0,0,0,0,0,0,0,0,0,0,0,0,0,0,0,0,0,0,0,0,0,0,0,0,0,0,0,0,0,0,0,0,0,0,0,0,0,0,0,0,0,0,0,0,0,0,0,0,0,0,0,0,0,0,0,0,0,0,0,0,0,0,0,0,0,0,0,0,0,0,0,0,0,0,0,0,0,0,0,0,0,0,0,0,0,0,0,8.10418743364697e-06,0,0,0,0,0,0,0,0,0,0,0,0,0,0,0,0,0,0,0,0,0,0,0,0,0,0,0,0,0,0,0,0,0,0,0,0,0,0,0,0,0,0,0,0,0,0,0,0,0,0,0,0,0,0,0,0,0,0,0,0,0,0,0,0,0,0,0,9.49036727721363e-05,0,0,2.99463959512473e-05,0,0,0,7.00471417263819e-06,0,0,0,0,0,0,0,0,0,0,0,0,0,0,0,0,0,0,0,0,0,0,0,0,0,0,0,0,0,0,0,0,0,0,0,0,0,2.4485752271278e-07,0,0,0,0,0,0,0,0,0,0,0,0,0,0,0,0,0,0,0,0,0,0,0,0,0,0,0,0,0,0,0,0,0,0,0,0,0,0,0,0,0,0,0,0,0,0,0,0,0,0,0,0,0,0,0,0,0,0,0,0,0,0,0,0,0,0.00164397974616953,0,0,0,0,0,0,2.78251965502321e-06,4.0126800690181e-06,0,0,0,0,0,0,0,0,0,0,0,0,0,0,0,0,0,0,0,0,0,0,0,0,0,0,0,0,0,0,0,0,3.42125970782442e-05,0.00031422676500581,0,0,0,0,0,0,0,0,0,0,0,0,0,0,0,0,0,0,0,0,0,0,0,0,0,0,0,0,0,0,0,0,0,0,0,0,0,0,0,0,0,0,0,0,0,0,0,0,0,0,0,0,0,0,0,0,0,0,0,0,0,0,0,0,0,0,0,0,0,0,0,0,0,7.5642965204236e-05,0,0,0,0,0,0,0,0,0,0,0,0,0,0,0,0,0,0,0,0,0,0,0,0,0,0,0,0,5.3984020729864e-05,0,0,0,0,0,0,0,0,0,0,0,0,0,0,0,0,0.00029264723814169,0,0,0,0,0,0,0,0,0,0,0,0,0,0,0,0,0,0,0,0,0,0,0,0,0,0,0,0,0,0,0,0,0,0,0,0,0,0,0,0,0,0,0,0,0,0,0,0,0,0,0,0,0,0,0,0,0,0.000248818113958696,0,0,0,0,0,0,0,0,0,0,0,0,0,0,0,0,0,0,0,0,0,0,0,0,0,0,0,0,0,0,0,0,0,0,0,0,0,0,0,1.38513747489438e-05,0,1.45013493505571e-06,0,0,0,0,0,0,0,0,0,0,0,0,0,0,0,0,0,0.976694567536517,0,0,0,0,0,0,0,0,0,0,0,0,0,0,0,0,0,0,0,0,0,0,0,0,0,0,0,0,0,0,2.34786775275515e-06,0,0,0
0,0,0,0,0,2.76571618220538e-05,1.43180731309903e-06,3.64721243553552e-06,0,0,0,0,0,0,0,0,0,0,0,0,4.22911662211997e-06,0,8.20761995436563e-06,0,0,0,0,0,3.3398646241539e-05,0.000234915094972817,0,0,0,0,0,0,0,0,0,0,0,0,0,0,0,0,0,0,0,0,0,0,0,0,0,0,0,0,0,0,0,0,0,0,0,0,0,0,0,0,0,0,0,0,0,0,0,0,0,0,0,0,0,0,0,0,0.000790526332432133,0,0,0,0,0,0,0,0,0,0,0,3.17536929544906e-06,0,0,0,0,0,0,0,0,0,0,0,0,0,0,0,6.92574493312501e-06,0,0,0,0,0,0,0,0,0,0,6.71959467404926e-05,0,0,0,0,0,0,0,0,0,0,0,0,0,0,0,0,0,4.29000429000429e-05,0,0,0,0,0,0,0,0,0,0,0,0,0,0,0,0,0,0,0,0,0,0,0,0,0,0,0,0,0,1.06086163181736e-05,0,0,0,0,0,0,0,0,0,0,0,0,0,0,0,0,0,0,0,0,0,0,0,0,0,0,0,0,0,0,0,0,0,0,2.55423492149985e-05,0,0,1.28390581266958e-05,0,0,0,0,0,0,0,0,0,0,0,0,0,0,9.98213198374909e-06,0,0,0,0,0,0,0,0,0,0,0,0,0,0,0,0,0,0,0,0,0,0,0,0,0,0,0,0,0,0,0,0,0,0,0,0,0,0,0,0,0,4.48905458306763e-06,0,0,0,0,0,0,0,0,0,0,6.20628448366816e-06,0,0,0,0,0,0,0,6.76223965377333e-05,0,0,0,0,0,0,0,0,0,0,0,0,0,0,0,0,0,0,0,0,0,0,0,0,0,0,0,0,0,0,0,0,0,0,0,0,0,0,0,0,0,0,0,0,0,0,0,0,0,0,0,0,0,1.39125982751161e-06,0,0,0,0,0,0,0,0,0,0,0,0,0,0,0,0,0,0,0,0,0,0,0,0,0,0,0,0,0,0,0,0,0,0,0,0,0,0,0,0,0,0,0,0,0,0,0,0,0,0,0,0,0,0,0,0,0,0,0,0,0,0,0,0,0,0,0,0,0,0,0,0,0,0,0,0,0,0,0,0,0,0,0,0,0,0,0,0,0,0,0,0,0,0,0,0,0,0,0,0,0,0,0,0,0,0,0,0,0,0,0,0,0,0,0,0,0,0,0,0,0,0,0,0,0,0,0,0,0,0,0,0,0,0,0,0,5.22775589865124e-05,0,0,0,0,0,0,0,0,0,0,0,0,0,0,0,0,0,0,0,0,0,1.24820959935592e-05,0,0,0,0,0,0,0,0,0,0,0,0,0,0,0,0.000892692927090763,0,0,0,0,0,0,0,2.38685131348428e-06,0,0,0,0,0,0,0,0,0,2.6967189021118e-06,0,0,0,0,0,0.00396755936752436,0,0,0,0,0,0,0,0,0,0,0,0,0,0,0,1.18133490844654e-05,2.57365809466944e-05,0,6.92343374620077e-06,0,0,0,0,0,0,0,0,0,0,0,0,0,0,0,0,0,0,0,0,0,0,0,2.94386924510361e-06,0,0,0,0,0,0,0,0,0,0,0,0,3.62533733763927e-06,0,0,0,0,0,0,0,0,0,0,0,0,0,0,0,0.000109757436066293,0,0,0.978434259770538,0,0,0,0,0,0,0,0,0,0,0,0,0,0,0,0,0,0,0,0,0,1.44123369604381e-05,0,0,0,0,8.22828555442188e-06,0,0,0,0,0,0
0,0,0,0,0,0,0,0,0,0,0,0,0,0,0,6.06648871633099e-05,0,0,0,0,0,0,0,0,0,0,0,0,0,0,0,0,0,0,0,0,0,0,0,0,0,0,0,0,0,0,0,0,0,0,0,0,0,0,0,0,0,0,0,0,0,0,0,0,0,0,0,0,0,0,0,0,0,0,0,0,0,0,0,0,0,0,0,0,0,0,0,0,0,0,0,0,0,0,0,0,0,0,0,0,0,0,0,0,0,0,0,0,0,0,0,0,0,0,0,0,0,0,0,0,0,0,0,0,0,0,0,0,0,0,0,0,0,0,0,0,0,0,0,0,0,0,0,0,0,0,0,0,0,0,0,0,0,0,0,0,0,0,0,0,0,0,0,0,0,0,0,0,0.000635862653666808,0,0,0,0,0,0,0,0,0,0,0,0,0,0,0,0,0,0,0,0,0,0,0,0,0,0,9.63613937711995e-05,0,0,0,0,0,0,0,0,0,0,0,0,0,0,0,0,0,0,0,0,0,0,0,0,0,0,0,0,0,0,0,0,0,0,0,0,0,0,0,0,0,0,0,0,0,0,0,0,0,0,0,0,0,8.19014234467395e-06,0,0,0,0,0,0,0,0,0,0,0,0,0,0,0,0,0,0,0,0,0,0,0,0.000152893509670514,0,0,0,0,0,0,0,0,0,0,0,0,0,0,0,0,0,0,0,0,0,0,0,0,0,0,0,0,0,0,0,0,0,0,0,0,0,0,0,0,0,0,0,0,0,0,0,0,0,0,0,0,0,0,0,0.00134553283100108,0,0,0,0,0,0,0,0,0,0,0,0,0,0,0,0,0,0,0,0,0,0.000136332651670075,0,0,0,0,0,0,0,0,0,0,0,0,0,0,0,0,0,0,0,0,0,0,0,0,0,0,0,0,0,0.000168208578637511,0,0,0,0,0,0,0,0,0,0,0,0,0,0,0,0,0,0,0,0,0,0,0,0,0,0,0,0,9.32227090519251e-05,0,0,0,0,0,0,0,0,0,0,0,0,0,0,4.00978387264926e-05,0,0,0,0,0,0,0,0,0,0,0,0,0,0,0,0.000141376060320452,0,0,0,0,0,0,0,0,0,0,0,0,0,0.000263400500460951,0,0,0,0,0,0,0,0,0,0,0,0,0,0,0,0,0,0,0,0,0,0,0,0,0,0,0,0,0,0,0,0,0,0,4.54256382302171e-05,0,0,0,0,0,0,0,0,4.00312243549969e-05,0,0,0,0,0,0,0,0,0,0,0,0,0,0,0.000123578843302027,0,0,0,0,0,0,0,0,0,0,0,0,0,0,0,0,0,0,0,0,0,0,0,0,0,0,0,0,0,0,0,0,0,0,0,0,0,0,0,0,0,0,0,0,0,0,0,0,0,0,0,0,0,0,0,0,0,0,0,0,0,0,0,0,0,0,0,0,0,0,0,0,0,0,0,0,0,0,0,0,0,0,0,0,0,0,0,0,0,0,0,0,0,0,0,0,0,0,6.39918090484418e-05,0,0,0.982750896057348,0,0,0,0,0,0,0,0,0,0,0,0,0,0,0,0,0,0,0,0,0,0,0,0,0,0,0,0,9.5831336847149e-08,0,0,0
0,0,0,0,0,0,0,0,0,0,0,0,0,0,0,0,0,0,0,0,0,0,0,0,0,0,0,0,0,0,0,0,0,0,0.00589695841092489,0,0,0,0,0,0,0,0,0,0,0,0,0,0,0,0.00110107905747633,0,0,0,0,0,0,0,0,0,0,0,0,0,0,0,0,0,0,0,0,0,0,0,0,0,0,0,0,0,0,0,0,0,0,0,0,0.00026089225150013,0,0,0,0,0,0,0,0,0,0,0,0,0,0,0,0,0,0,0,0,0,0,0,0,0,0,0,0,0,0,0,0,0,0,0,0,0,0,0,0,0,0,0,0,0,0,0,0,0,0,0,0,0,0,0,0,0,0,0,0,0,0,0,0,0,0,0,0,0,0,0,0,0,0,0,0,0,0.00349731872231289,0,0,0,0,0,0,0,0,0,0,0,0,0,0,0,0,0,0,0,0,0,0,0,0,0,0,0,0,0,0,0,0,0,0,0,0,0,0,0,0,0,0,0,0,0,0,0,0,0,0,0,0,0,0,0,0,0,0,0,0,0,0,0,0,0,0,0,0,0,0,0,0,0,0,0,0,0,0,0,0,0,0,0,0,0,0.000163880694854146,0,0,0,0,0,0.000133957351328271,0,0,0,0,2.65380103922849e-06,0,0,0,0,0,0,0,0,0,0,0,0,0,0,0,0,0,0,0,0,0,0,0,0,0,0,0,0,0,0,0,0,0,0,0,0,0,0,0,0,0,0,0,0,0,0,0,0,0,0,0,0,0,0,0,0,0,0,0,0,0,0,0,0,0,0,0,0,0,0,0,0,0,0,0,0,0,0,0,0,0,0,0,0,0,0,0,0,0,0,0,0,0,0,0,0,0,0,0,0,0,0,0,0,0,0,0,0.00030543677458766,0,0,0,0,0,0,0,0,0,0,0,0,0,0,0,0,0,0,0,0,0,0,0,0,0,0,0,0,0,0,0,0,0,0,0,0,0,0,0,0,0,0,0,0,0,0,0,0,0,0,0,0,0,0,0,0,0,0,0,0,0,0,0,0,0,0,0,0,0,0,0,0,0,0,0,0,0,0,0,0,0,0,0,0,0,0,0,0,0,0,0,0,0,0,0,0,0,0,0,0,0,0,0,0,0,0,0,0,0,0,0,0,0,0,0,0,0,0,0,0,0,0,0,0,0,0,0,0.000150060024009604,0,0,0,0,0,0,0.00080563947633434,0,0,0,0,0,0,0,0,0,0,0,0,0,0,0.000836820083682008,0,0,0,0,0,0,0,0,0,0,0,0,0,0,0,0,0,0,0,0,0,0,0,0,0,0,0,0,0,0,0,0,0,0,0,0,0,0,0,0,0,0,0,0,0,0,0,0,0,0,0,0,0,0,0,0,0,0,0,0,0.00027667619662455,0,0,0,0,0,0,0,0,0,0,0,0,0,0,0,0,0,0,0,0,0,0,0,0,0,0,0,0,0,0,0,0,0,0,0,0.979275741710297,0.000202748366749268,0,0,0,0,0,0,0,0,0,0,0,0,0,0,0,0,0,0,0,0,0,0,0,0,0,0,0,0,0,0
0,0,0,0,0,0,0,0,0.00746125884828774,0,0,0,0,0,0,0,0,0,0,0,0,0,0,0,0,0,0,0,0,0,0,4.09785682088268e-05,0,0,0.00155183116076971,0,0,0,0,0,0,0,0,0,0,0,0,0,0,0,0,0,0,0,0,0,0,0,0,0,0,0,0,0,0,3.92279930958732e-05,0,0,0,0,0,0,0,0,0,6.40918821222104e-05,0,0,0,0,0,0,3.19693094629156e-05,0,4.23599579789217e-06,0,0,0,0,0,0,0,0,0,0,0,0,0,0,0,0,0,0,0,0,0,0,0,0,0,0,0,0,0,0,0,0,0,0,0.000185082361650935,0,0,0.000835421888053467,0,0,0,0,0,0,0,0,0,0,0.000837520938023451,0,0,0,0.00012131505519835,0,0,0,0,0,0,0,0,0,0,0,0,0,0,0,0,0,0,3.05231670838166e-05,0,0,0,0,0,0,0,0,0,0,0,0,0,0.000143177587934902,0,0,0,0,3.04145503208735e-05,0,0,0,2.85160260066157e-05,0,0,0,0,0,0,0,0,0,0.000164609053497942,0,1.01514597799164e-05,0,0,0,0,0,0,0,0,0,0,0,0,0,2.68716074595582e-05,0,0,0,0,0,0,0,0,0,0,0,0,0,0,0,0,0,0,0,0,0,0,0,0,0,0,0,0,1.61762564907229e-05,0,0,0,0,0,0,0,0,0,0,0,0,0,0,0,0,0,0,0,0,0,0,0.00108421731231319,0,0,0,0,0.000127382449882967,0,0,0,0,0,1.63238348475187e-07,0.00291375291375291,0,0,1.91596574253252e-05,0,0,0,0,0,0,0,0,0,0,0,0,0,0,0,0,0,0,0,0,0,0,0,0,0.000244259892525647,0,0,0,0,0,0,0,0,0,0,0,0,0,0,0,0,0,0,0,0,0,2.17074658487294e-06,0,0,0.00013575889220744,0,0,0,0,0,0,0,0,0,0,0,0,0,1.33109709022176e-05,0,0,0,0,0,0,0,0,0,0,0,0,0,0,0,0,0,0,0,0,0,0,0,0,0,0,0,0,0,0,0,0,0,0.00534514355528406,0.000122564039710749,0,0,0,0,0,0,0,0.000292740046838407,0.000116822429906542,0,0,0,0,0,0,0,0.000346921075455334,0,0,5.00375281461096e-05,0,0,0,0,0,0,0,0,0,0,0,0,0,0,8.8073135932078e-06,0,0,0,0,0,0,0,0,0,0,0,0,0,0,0,0,0,0,0,0,0,0,0,0,7.33352889410384e-05,0,0,0.000108225108225108,0,0,0,0,9.08512764604343e-05,0,0,0,0,0,0,0,0,0,0,0,0,0,0,0,0,0,0.000225136488996454,0,0,0,0,0,0,0,0,0,0,0,0,0,0,0.000207684319833853,0,0,0,0,0,0,0,0,0,0,0,0,0,0,0,0,0,0,0,0,0,0,0,0,0,0.000750300120048019,0,0,0,0,0,0,0,0,0,0,0,0,0,0,0,0,0,0,0,0,0,0.000627615062761506,0,0,0,0,4.47147200858523e-05,0,0,0,6.95732838589981e-05,0.000310800310800311,0,0,0,0,0,0,0,0,0,0,0,0,0,0,0,0,0,0,0,0,0,0,0,0,0,0,0,0,0,0,0,0.000377500943752359,0,0,0,0,0,0,0,0,0,0,0,0,0,0,0,0,0,0,0.00498017153924191,0,0,0,0,0,0,0,0,0.000482121333869024,0,0,0,0,0,0,0,0,0,0,0,0,0,0,0,0,0,0,0,0,0,0,0,0,0,0,0.00283595113438045,0.988871367425096,0,7.93704337197351e-06,0,0,0,0,0,0,0,0,5.71363272768826e-05,0,0,0,0,3.15422587411485e-05,0,0,0,0,0,0,0,0,0,0,0,0,0,0
0,0,0,0,0,0,0,0,0,0,0,0,0,0,0,0,0,0,0,0,0,0,0,0,0,0,0,0,0,0,0,0,0,0,0,0,0,0,0,0,0,0,0,0,0,0,0,0,0,0,0,0,0,0,0,0,0,0,0,0,0,0,0,0,0,0,0,0,0,0,0,0,0,0,0,0,0,0,0,0,0,0,0,0,0,0,0,0,0,0,0,0,0,0,0,0,0,0,0,0,0,0,0,0,0,0,0,0,0,0,0,0,0,0,0,0,0,0,0,0,0,0,0,0,0,0,0,0,0,0,0,0,0,0,0,0,0,0,0,0,0,0,0,0,0,0,0,0.000672494956287828,0,0,0,0,0,0,0,0,0,0,0,0,0,0,0,0,0,0,0,0,0,0,0,0,0,0,0,0,0,2.11535003754746e-05,0,0,0,0,0,0,0,0,0,0,0,0,0,5.07572988995818e-06,0,0,0,0,0,0,0,0,0.00021944261575598,0,0,0,0,0,0,0,0,0,0,0,0,0,0,0,0,0,0,0,0,0,0,0,0,0,0,0,0,0,0,0,0,0,0,0,0,0,0,0,0,0,0,0,0,0.00141843971631206,0,0,0,0,0,0,0,0,0,0,0,0,0,0,0,0,0,0,0,0,0,0,0,0,0,0,0,0,7.49456643933148e-05,0,0,0,0,0,3.03591487294696e-05,0,0,0,0,0,0,0,0,0,0,0,0,0,0,0,0,0,0,0,0,0,0,0,0,0,0,0.00033288948069241,0,0,0,0,0,1.20235661897319e-05,0,0,0,0,0,6.51223975461881e-06,0,0,0,0,0,0,0,0,0,0,0,0,0,0,0,0,0,0,0,0,0,0,0,0,0,0,0,0,0,0,0,0,0,0,0,0,0,0,0,0,3.85104170678168e-05,0.000504668180671209,1.67156993848623e-05,0,0,0,0.00086102979163079,0,0,0,0,0,0,0,0,0,0,0,0,0,0,0,0,0,0,0,0,0,0,0,0,0,0,0,0,0,0,0,0,0,0,0,0,0,0.00368170286492173,0,0,0.000162909564827825,0,0,0,0,0,0,0,0,0,0,0,0,0,0,0,0,0,0,0,0,0,0,0,0,0,0,0,0,0,0,0,0,0,0,0,0,0,0,0,0,0,0,0,0,0,0,0,0,0,0,0,0,0,0,0,0,0,0,0,0,0,0,0,0,0,0,0,0,0,0,0,0,0,0,0,0,0,0,0,0,0,0,0,0,0,0,0,0,0,0,0,0,0,0,0,0,0,0,0,0,0,0,0,0,0,0,0,0,0,0,0,0,0,0,0,0,0,0,0,0,0.000130215868973899,0,0,0,0,0,0,0,0,0,0,0,0,0,0,0,0,0,0,0,0,0,0,0,0,0.000531632110579479,0,0,0,0,0,0,0,0,0,0,0,0,0,0,0,0,0,0,0,0,0,0,0,0,0,0,0,0,0.00120096076861489,0,0,0,0,0,0,0,0,0,0,0,0,0,0,0,0,0,0,0,0,0,0,0,0.000557724484104852,0,0,0,0,0,0,0,0,0,0,0,0,0.923761118170267,0,0,0,0,0,0,0,0,0,0,0,0,0,0,0,0,0,0,0,0,0,0,0,0,0,0,0,0,5.34351145038168e-06
0,0,0,1.73271937310213e-05,0,0,4.2954219392971e-06,0,0,0,0,0,0,0.000490436488474743,0,0,0,0,0,1.68544533679411e-05,4.22911662211997e-06,0,0,0,0,0,0,3.6759300102926e-05,0,0,0,0.00208990697865017,5.21469650466343e-05,0,0,0,0,0,0,0,0,4.64421446982422e-05,0,0.00104493207941484,0,0,0,0,0,0,0,0,0,0.00271270036991369,0.00017860332202179,0,5.41477149664284e-05,0,0,0,0,0,1.9418858300591e-05,0,0,0,0,0.000196566636089634,0,0,0.000167954316425932,0,0,9.89751127079096e-05,1.30206637934402e-05,1.28183764244421e-05,0,4.30904468479338e-05,0,0,0,5.76003686423593e-05,0,0,0.00137246263851706,0.000356188780053428,1.58105266486427e-05,0,0,0,0,8.86961663545876e-05,4.76054460630296e-05,9.22869632359501e-06,6.77041521989341e-05,0,0,0,3.17536929544906e-06,0.000221562094828577,0,0,0,0.000121241513094083,0,0,0.00014960728088767,0,0,3.96055289318389e-05,0,0,0,4.9031625398382e-05,6.92574493312501e-06,0,0,3.47898691900918e-05,9.80027048746545e-05,0,0.000177935943060498,0,0,0,3.92958189248664e-05,0,0,0,0,0,0,0,0.00234296221602705,0,0.000194142086121429,0,0,0,0.000611545988258317,0,0,0,3.63993739307684e-05,4.29000429000429e-05,0.000172920629431091,0,8.05996614814218e-05,0,0,5.82648721086057e-05,6.69792364367046e-05,0,0,0,0.000405547895206424,0,0,0,0,0,0,0.000185887426574467,1.33738114025116e-05,0,0,0,0.000592534070709066,0.000144833079875444,0,3.98612827360784e-05,0,0,0,2.12172326363472e-05,0,0,0,3.17302505632119e-05,0,0,0,0,0,0.000626435581541032,0,5.08957654723127e-05,0,0,0,0,0,0,3.65328832482117e-06,0,0,0,0,0,0.000602497626524502,0,0,0,0,0,0,2.68716074595582e-05,2.08685490097873e-05,0,0,1.63942488974868e-05,0.000113036925395629,4.27968604223194e-06,0,0,0,4.30700318718236e-05,0,0.00214132762312634,0.000120148984741079,0,0,0,0,0,0,1.77550513120983e-05,9.98213198374909e-06,0,2.51768674941464e-05,0,1.40094283452764e-05,0,0,0,0,0,0,0,0.000146833637488725,0,0,0,8.74477499693933e-05,0,0,0,0.0032032032032032,0.000223989248516071,0,4.91408540680437e-05,0,0,0,0,0,0,0,4.18616722900846e-06,0,0.00831635182023462,2.91027618520998e-05,0,5.57298218237982e-05,0,7.45156482861401e-05,0,0,0,8.24353659799692e-06,0,2.20157632865131e-05,0.000135078836274497,0,1.13254451607789e-05,0,0,9.98535481294102e-05,0,3.65550519081737e-05,0,0,0,0,0,0,8.21031544031922e-06,9.89119683481701e-05,0,0,0,0,7.1301247771836e-05,0,0,0,0,0.000469074582858675,0,0,0,0,0,0,0,2.19271798357654e-05,0,0,0,0,0,0,0,0,0.000372730551881688,0,0.000926011667747014,0,0,0.000122249388753056,0.000106366582658774,0,0,0,0,0,0,0.000168288783552576,2.14617605082145e-05,0,0.000269106566200215,1.79314302108736e-05,0,0.000198620315467194,0.000362884203650615,0,0,0.000146420679924394,0,1.6548345992818e-05,0,0,6.95629913755803e-06,0,0,2.04561726500972e-05,0,0,7.75293965628634e-05,0,0,0.00113417262107293,0,0,0.000210172341319882,3.97408894011048e-05,0,0,0,0,0,3.85104170678168e-05,0,5.01470981545868e-05,0,0,0,0,0,0,0,0,0,0,0,0,0,1.18576137738042e-05,4.50653447498873e-05,0,0,0,0.000168208578637511,2.04782350491819e-05,5.67150635208711e-05,0,0,0,0,0,0,0,5.00375281461096e-05,0.000401418344818358,0,6.1012440436605e-06,0,4.59104245879539e-05,0,0,0,0,0,8.00403403315271e-06,0,9.28160386114721e-05,0,8.8073135932078e-06,2.03636956034781e-05,0,6.64738923787682e-05,4.66113545259625e-05,7.15191623675703e-06,8.06907124989914e-05,0,0,0,0,0,0,0,0.000579038795599305,2.43593491181916e-05,4.37171847881684e-06,9.30232558139535e-05,0,4.00978387264926e-05,4.95678743525196e-05,0,0,0,0,0.000146670577882077,3.44948516433922e-05,0,0,0,0,0,0,0,0,0,0,0,0,0,0.000183232555427848,0.000195796893355959,0,0,0,8.30426839395449e-05,0,0,6.45194590688552e-05,0,0,0,0,0.000342817963661296,0,0,0,0,0,5.05586733404116e-05,0,0,0,0,0,0,0,0,2.63351943537343e-05,0,0,0,0,0,0,0,0,0,0,0,0,0.000128139415684264,0,0,4.54256382302171e-05,0,0,0,1.45169485374174e-05,0.000163259975184484,0,2.20616623462578e-05,0,4.00312243549969e-05,6.24104799677962e-06,0,0,0,0,0,0,4.06952070181791e-05,0,0,0,0,0,0,0,1.98706816041204e-05,0,8.2525273364968e-05,0.0001998001998002,0,0,0,0,0,5.01238775831698e-05,0,0.000170137025743041,0,7.23421494299439e-05,0.00011595547309833,0,0,7.32198425773385e-05,0.000131665569453588,0,0,0,0,0,0,0,0.000234617866150507,0,0,4.98843929194093e-06,0.000113507377979569,0,0,0,0,0,0,0,0,0,0,1.18133490844654e-05,5.14731618933888e-06,0,2.30781124873359e-06,0.000118764845605701,1.67302415846885e-05,0,0.000161995788109509,5.67730214602021e-05,0,0,0,0.0142433910665451,0,0,0,8.7123192193762e-05,0,0.000226680267482716,0,0,0,2.35913599003501e-06,0,0,0,0,1.17754769804144e-05,0,2.69302237901597e-05,0.000268192383336313,0,4.65202828433197e-05,0,0,3.04766548823601e-05,9.20047842487809e-05,0,1.38513747489438e-05,0,4.35040480516712e-06,0,1.09870791948668e-05,0,0,0,0.0037824343747636,0.000116346713205352,0,0,0,0,0,0,0,0,0,1.59979522621104e-05,0,0,0,0,2.25275963054742e-05,0.000317662007623888,0.990856526035487,0,0,0,0,0,0,0,0,0,0.000581395348837209,0.000186962482861772,0,0,0,0,0,0,0,0,0,1.88331010584203e-05,8.22828555442188e-06,0,2.18804017241757e-05,6.22903689506469e-07,0,0,0
0,0,0,0,0,0,0,0,0,0,0,0,0,0,0,0,0,0,0,0,0,0,0,0,0,0,0,0,0,0,0,0,0,0,0,0,0,0,0,0,0,0,0,0,0,0,0,0,0,0,0,0,0,0,0,0,0,0,0,0,0,0,0,0,0,0,0,0,0,0,0,0,0,0,0,0,0,0,0,0,0,0,0,0,0,0,0,0,0,0,0,0,0,0,0,0,0,0,0,0,0,0,0,0,0,0,0,0,0,0,0,0,0.000253533624897002,0,0,0,0,0,0,0,0,0,0,0,0,0,0,0,0,0,0,0,0,0,0,0,0,0,0,0,0,0,0,0,0,0,0,0,0,0,0,0,0,0,0,0,0,0,0,0,0,0,0,0,0,0,0,0,0,0,0,0,0,0,0,0,0,0,0,0,0,0,0,0,0,0,0,0,0,0,0,0,0,0,0,0,0,0,0,0,0,0,0,0,0,0,0,0,0,0,0,0,0,0,0,0,0,0,0,0,0,0,0,0,0,0,0,0,0,0,0,0,0,0,0,0,0,0,2.09762339269608e-05,0,0,0,0,0,0,0,0,0,0,0,0,0,0,0,0,0,0,0,0,0,0,0,0,0,0,0,0,0,8.16191742375933e-08,0,0,0,0,0,0,0,0,0,0,0,0,0,0,0,0,0,0,0,0,0,0,0,0,0,0,0,0,0,0,0,0,0,0,0,0,0,4.32002764817695e-05,0,0,0,0,0,0,0,0,0,0,0,0,0,0.000784492357526065,0,0.00013575889220744,0,0,0,0,0,0,0,0,0,0,0,0,0,0,0,0,0,0,0,0,0,0,0,0,0,0,0,0,0,0,0,0,0,0,0,0,0,0,0,0,0,0,0,0,0,0,0,0,0,0,0,0,0,0,0,0,0,0,0,0,0,0,0,0,0,0,0.000678733031674208,0,0,0,2.13707178424123e-05,0,0,0,0.000541711809317443,0,0,0,0,0,0,0,0,0,0,0,0,0,0,0,0,0,0,0,0,0,0,0,0,4.37171847881684e-05,0,0,0,0,0,0,0,0,0,0,0,0,0,0,0,0,0,0,0,0,0,0,0,0,0,0,0,0,0,0,0,0,0,0,0,0,0,0,0,0,0,0,0,0,0,0,0,0,0,0,0,0,0,0,0,0,0,0,0,0,0,0,0,0,0,0,0,0,0,0,0,0,0,0,0,0,0,0,0,0,0,0,0,0,0,0,0,0,0,0,0,0,0,0,0,0,0,0,0,0,0,0,0,0,0,0,0,0,0,0,0,0,0,0,0,0,0,0,0,0,0,0,0,0,0,0,0,0,0,0,0,0,0,0,0,0,0,0,0,0,0,0,0,0,0,0,0,0,0,0,0,0,0,0,0,0,0,0,0,0,0,0,0,0,0,0,0,0,0,0,0,0,0,0,0,0,0,0,0,0,0,0,0,0,0,0,0,9.57946163425616e-05,0,0,0,0,0,0,0,0,0,0,0.985699693564862,0,0,0,0,0,0,0,0,0,0,0,0,0,0,0,0,7.65081672468536e-06,0,0,0,0,0,0,0,0,0,7.63358778625954e-07
0,0,0,0,0,0,0,0,0,0,0,0,0,0,0,0,0,0,0.00045780558522814,0,0,0,0,0,0,0,0,0,0,0,0,0,0,0,0,0,0,0,0,0,0,0,0,0,0,0,0,0,0,0,0,0,0,0,0,0,0,0,0,0,0,0,0,0,0,0,0,0,0,0,0,0,0,0,0,0,0,0,0,0,0,0,0,0,0,0,0,0,0,7.04374163555681e-05,0,0,0,0,0,0,0,0,0,0,0,0,0,0,0,0,0,0,0,0,0,0,0,0,0,0,0,0,0,0,0,0,0,0,0,0,0,0,0,0,0,0,0,0,0,0,0,0,0,0,0,0,0,0,0,0,0,0,0,0,0,0,0,0,0,0,0,0,0,0,0,0,0,0,0,0,0,0,0,0,0,0,0,0,0,0,0,0,0,0,4.83582378258136e-05,0,0,0,0,0,0,0,0,0,0,0,0,0,0,0,0,0,0,0,0,0,0,0,0,0,0,0,0,0,0,0,0,0,0,0,0,0,0,0,0,0,0,0,0,0,0,0,0,0,0,0,0,0,0,0,0,0,0,0,0,0,0,0,0,0,0,0,0,0,0,0,0,0,0,0,0,0,0,0,0,0,0,0,0,0,0,0,0,0,0,0,0,0,0,0,0,0,0,0,0,0,0,0,0,0,0,0,0,0,0,0,0,0,0,0,0,0,0,0,0,0,0,0,0,0,0,0,0,0,0,0,0,0,0,0,0,0,0,0,0,0,0,0,0,0,0,0,0,0,0,0,0,0,0,0,0,0,0,0,0,0,0,0,0,0,0,0,0,0,0,0,0,0,0,0,0,0,0,0,0,0,0,0,0,0,0,0,0,0,0,0,0,0,0,0,0,0,0,0,0,0,0,0,0,0.000683060109289617,0,0,0,0,0,0,0,0,0,0,0,0.000541711809317443,0,0,0,0,0,0,0,0,0,0,0,0,0,0,0,0,0,0,0,0,0,0,0,0,3.93454663093515e-05,0,0,0,0,0,0,0,0,0,0,0,0,0,0,0,0,0,0,0,0,0,0,0,0,0,0,0,0,0,0,0,0,0,0,0,0,0,0,0,0,0,0,0,0,0,0,0,0,0,0,0,0,0,0,0,0,0,0,0,0,0,0,0,0,0,0,0,0,0,0,0,0,0,0,0,0,0,0,0,0.000964320154291225,0,0,0,0,0,0,0,0,0,0,0,0,0,0,0,0,0,0,0,0,0,0,0,0,0,0,0,0,0,0,0,0,0,0,0,0,0,0,0,0,0,0,0,0,0,0,0,0,0,0,0,0,0,0,0,0,0,0,0,0,0,0,0,0,0,0,0,0,0,0,0,0,0,0,0,0,0.00248911014312383,0,0,0,0,0,0,0,0,0,0,0,0,0,0,0,0,0,0,0,0,0,0,0,0,0,0,0,0,0,0,0.000574767698055369,0,0,0,0,0,0,0,0,0,0,0,0.976179775280899,0,0,0,0,0,0,0,0,0,0,0,0,0,0,0,0,0,0,0,0,0,0,0,0,0,0
0,0,0,0,0,0.000414857427330807,4.2954219392971e-06,0,0,0,0,0,0,0,0,0,0,0,0,0,0,0,0,0,0,0,0,0,1.1132882080513e-05,0.000234915094972817,0,0,0,0,0,0,0,0,0,0,0,7.74035744970703e-06,0,0,0,0,0,0,0,0,0,0,0,0,0,0,0,0,0,0,0,0,0,0,0,0,0,0,0,0,0,0,0,0,0,0,0,0,0,0,0,0,0,0,0,0,1.58105266486427e-05,0,0,0,0,0,0,0,9.67202174270488e-06,0,7.32225232481511e-05,0,0.000374693576862989,0,0,0,0,0,0,7.17118331695913e-06,0,0,0,0,0,1.21598287896106e-05,0,0,8.03386412242501e-05,0,0,0,3.26675682915515e-06,0,0,0,0,0,0,3.35979733702463e-06,0,0,0,2.20266743025804e-05,0,0,0,0,0,0,0,0,0,0,0,0,0,0,0,0,0,0,0,0,0,0,0,0,0,0,0,0,0,0,0,0,0,0,0,0,0,0,0,0,0,0,0,0.000180346477408952,0,0,0,0,0,0,0,0,0,0,0,0,0,0,0,0,0,0,3.65328832482117e-06,3.45227574016792e-06,0,0,0,0,0,0,0,0,0,0,0,0,0,0,0,0,0,4.70765464645514e-05,0,0,0,0,0,0,0,0,0,0,0,0,0,0,0,0,0,0,7.00471417263819e-06,0,0,0.000137741046831956,0,0,0,0,0,0,0,0,0,0,0,0,0,0,0.0066188637617209,0,0,0,0,0,0,0,0,0,0,0,0,0,0,0.00042983021706426,0.00014903129657228,0,0,0,3.10152862102854e-06,0,0,0,0,0,0,0,0,0,0,0,0,0,0,4.64101731099457e-05,0,4.10515772015961e-05,0,0,0,0,0,0,0,0,0,1.12731945978851e-05,0,0,0,3.18025696476275e-05,0,0,0,0,0,0,0,0,0,0,0,0,0,0,0,0,0,0,0,0,0,0.00939656438114814,0,0,0,0,0,0,0,0,0,0,0,0,0,0,0,0,0,0,0,0,0,0,0,0,0,0,0,0,0,0,0,0,0,0,0,0,0,0,0,0,0,0,0,0,0,0,0,0,0,0,0,0,0,0,0,0,0,0,0,0,0,0,0,0,0,0,0,0,0,0,0,0,0,0,0,0,0,0,0,4.05794749015948e-05,0,0,0,0,0,0,0,0,0,3.57595811837852e-06,0,0,0,0,0,0,0,0,0,0,0,0,0.000362387719214866,0,0,0,0,0,0,0,0,0,0,0,0,0,0,0,0,0,0,0,0,0,0,0,0,0,0,0,0,0,0,0,0,0,0,0,0,0,0,0,0,0,0,0,0,0,0,0,0,0,0,0,0,0,0.000121980970968529,0,0,0,0,0,0,0,3.00057010832058e-05,0,0,0,0,0,0,0,0,0,0,0,0,0,3.12052399838981e-06,0,0,0,0,0,0,1.66102885788486e-06,0,0,0,0,0,0.000953692910882696,0,3.97413632082408e-06,2.24294705299187e-06,0,0,0,0,0,0,0,2.38685131348428e-06,0,1.30874635186954e-05,0,0,0,0,0,0,0,2.6967189021118e-06,0,0,0,0,0,0,0,0,0,4.98843929194093e-06,0,0,0,0,0,0,0,0,0,0,0,0,1.54419485680166e-05,0,2.30781124873359e-06,0,0,0,0,0,0,0,0,0,0,0,0,0,0,0,0,0,0,4.71827198007002e-06,0,0,0,0,2.94386924510361e-06,0,0,0,0,0,0,0,0,0,0,0,0,7.97574214280639e-06,0,0,0,0,0,0,0,0,0,0,0,0,0,0,0,0,0,0,0,0,0,0,0,0,0,0,0.985505298725234,0,0,0,0,0,0,0,0,0,0,0,0,0,0,7.65081672468536e-06,0,0,0,1.64565711088438e-05,0,0,1.62913272640153e-06,6.07533414337789e-08,0,0
0,0,0,0,0,0,0,0,0,0,0,0,0,0,0.0028772378516624,0,0,0,0,0,0,0,0,0,0,0,0,0,0,0,0,0,0,0,0,0.00150338261087447,0,0,0,0,0,0,0,0,0,0,0,0,0,0,0,0,0,0,0,0,0,0,0,0,0,0,0,0,0,0,0,0,0,0,0,0,0,0,0,0,0,0,0,0,0,0,0,0,0,0,0,0,0,0,0,0,0,0,0,0,0,0,0,0,0,0,0,0,0,0,0,0,0,0,0,0,0,0,0,0,0,0,0,0.000185082361650935,0,0,0,0,0,0,0,0,0,0,0,0,0,0,0,0,0,0,0,0,0,0,0,0,0,0,0,0,0,0,0,0,0,0,0,0,1.52615835419083e-05,0,0,0,0,0,0,0,0,0,0,0,0,0,0,0,0,0,0,0.000669120107059217,0,0,0,0.000114064104026463,0,0,0,0,0,0,0,0,0,0,0,0,0,0,0,0,0,0,0,0,0,0,0,0,0,0,0,0,0,0,0,0,0,0,0,0,0,0,0,0,0,0,0,0,0,0,0,0,0,0,0,0,0,0,0,0,0,0,0,0,0,0,0,0,0,0,0,0,0,0,0,0,0,0,0,0,0,0,0,0,0,0,0,0,0,0,0.000411184210526316,0,0,0,0,1.42188248709997e-06,0,0,0,0,0,0,0,0,0.000151795743647348,0,0,0,0,0,0,0,0,4.93559054340852e-05,0,0,0,0,0,0,0,0,0,0,0,0,0,0,0,0,0,0,0,0,0,0,0,0,0,0,0,0,0,0,0,0,0,0,0,0,0,0,0,0,0,0.000321883478180898,0,0,0,0,0,0,0,0,0,0,0,0,0,0,0,0,0,0,0,0,0,0,0,0,0,0,0,0,0,0,0,0,0.000200380723374411,0,0,0,0,0,0,0,0,0,0,0,0,0,0,0,0,0,0,0,0,0,0,0,0,0,0,0,0,0,0,0,0,0,0,0,0,0,0,0,0,0,0,0,0,0,0,0,0,0,0,0,0,0,0,0,0,0,4.37171847881684e-06,0,0,0,0,0,0,0,0,0,0,0,0,0,0,0,0,0,0,0,0,0,0,0,0,0,0,0,0,0,0,0,0,0,0,0,0,0,0,0,0,0,0,0,0,0,0,0,0,0,0,0,0,0,0,0,0,0,0,0,0,0,0,0,0,0,0,0,0,0,0,0,0,0,0,0,0,0,0,0,0,0,0,0,0,0,0,0,0,0,0,0,0,0,0,0,0,0.000273622765414082,0,0,0,0,0,0,0,0,0,0,0,0,0,0,0,0,0,0,0,0,0,0,0,0,0,0,0,0,0,0,0,0,0,0,0,0,0,0,0,0,0,0,0,0,0,0,0,0,0,0,0,0,0,0,0,0,0,0,0,0,0,0,0,0,0,0,0,0,0,0,0,0,0,0,0,0,0,0,0,0,0,0,0,0,0,0,0,0,0,0,0,0,0,0,0,0,0,0,0,0,3.96852168598675e-06,0,0,0,0.98811320754717,0,0,0,0,0,0,0,0,0,0,0,0,0,0,0,0,0,0,0,0,0,0,0,0
0,0,0,0,0,0,0,0,0,0,0,0.000576535024502739,0,0,0,0,0,0,0,0,0,0,0,0,0,0,0,0,0,0,0,0,0,0,0,0,0,0,0,0,0,0,0,0,0,0,0,0,0,0,0,0,0,0,0,0,0,0,0,0,0,0,0,0,0,0,0,0,0,0,0,0,0,0,0,0,0,0,0,0,0,0,0,0,0,0,0,0,0,0,0,0,0,0,0,0,0,0,0,0,0.000307534597642235,8.16459830176355e-06,0,0,0,0,0,0,0,0,0,0,0,0,0,4.10273241979158e-05,0,0,0,0,0,0,0,0,0,0,0,0,0,0,0,0,0,0,0,0,0,0,0,0,0,0,0,0,0,0,0,0,0,0,0,0,0,0,0,0,0,0,0,0,0,0,0,0,0,0,0,0,0,0,0,0,0,0,0,0,0,0,0,0,0,0,0,0,0,0,0,3.96384969081972e-05,0,0,0,0,0,0,0,0,0,0,0,0,0,0,0,0,0,0,0,0,0,3.27884977949735e-05,0,0,0,0,0,4.30700318718236e-05,0,0,0,0,0,0,0,0,0,0,0,0,0,0,0,0,0,0,0,0,8.48572277143706e-05,0,0,0,0,0,0,0,0,0,0,0,0,0,0,0,0,0.00108225108225108,0,0,0,0,0,0,0,0,0,0,0,0,0,0,8.16191742375933e-08,0,0,0,0,0,0,0,0,0,0,0,0,0,0,0,0,0,0,0,0,0,0,0,0,0,0,0,0,0,0,0,0,3.03665239440041e-05,7.21552781585973e-05,0,0,0,0,0,0,0.00181028240405503,0,0,0,0,0,0,0,0,0,0,0,0,0,0,0,0,0,0,0,0,0,0,0,0,0,0,0,0.00101163378856854,0,0,0,0,0,0,0,0,0,0,0,0,0,0,0,0,0,0,0,0,0,0,0,0,0,0,0,0,0,0,0,0,0,0,0,0,0,0,0,0,0,0,0,0,0,0,6.23596906959342e-05,0,4.95123038074962e-05,0,0,0,0.000360345083409288,0,0,0,3.05062202183025e-05,0,0,0,0,0,0,0,0,0,0,0,8.8073135932078e-06,0,0,0,0,0,0,0,0,0,0,0,0,0,0,0,0,0,5.94078228221092e-06,0,0,0,0,0,0,0,0,0,0,0,0,0,0,0,0,0,0,3.68663594470046e-05,0,0,0,0,0,0,0,0,0,0,0,0,0,0,0,0,0,0,5.03068719187041e-05,0,0,0,0,0,0,0,0,0,0,0,0,0,0,0,0,0,0,0,0,0,0,0,0,0,0,0,0,0,0,0,0,0,0,0,0,0,0,0,0,0,0.00033005478909499,0,0,0,0,0,0,0,0,0,0,0,0,0,9.99000999000999e-05,0,0,0,0,0,0,0,0,0,0,0,0,0,0,0,0,0,0,0,0,0,0,0,0,0,0,0,0,0,0,0,4.82951801410219e-05,0,0,0,0,0,0,0,0,0,0,0,0,0,0,0.00234992522965178,0,0,0,0,0,0,0,0,0,0,0,0,0,0,0,0,0,4.41580386765541e-06,0,0,0,0,0,0,0,0,0,0,0,2.46374193124518e-05,0,0,0,0,0,0,0,0,0,0,0,0,0,0,0,0,0,0,0,0,0,0,0,0,0,0,0,0,0,0.995465615904006,0,0,0,0,0,0,0,0,0,0,0,0,0,0,0,0,0,0,0,0,0,9.92779783393502e-06,0
0,0,0,0,0,0,0,3.64721243553552e-06,0,0,0,0,0,0,0,0,0,0,0,0,0,0,0,0,0,0,0,0,0,0,0,0,0,0,0,0,0,0,0,0,0,7.74035744970703e-06,0,0,0,0,0,0,0,0,0,0,0,0,0,0,0,0,0,0,5.69174639854747e-06,0,0,0,0,0,0,0,0,0,0,0,0,2.47437781769774e-06,0,0,0,0,0,0,0,0,0,0,0,0,0,0,0,0,0,0,0,1.230492843146e-05,0,0,0,0,0,0,0,0,0,0,0,0,0,0,0,0,0,0,0,0,0,0,0,0,0,0,0,0,0,0,0,0,0,0,0,0,0,0,0,0,0,0,0,0,0,0,0,0,0,0,0,0,0,0,7.00549931696382e-05,0,0,0,0,0,0,0,0,0,0,0,0,0,0,0,0,0,0,0,0,0,0,0,0,0,0,0,0,0,0,0,0,0,0.000114705207616426,0,0,0.000865228013029316,0,0,0,0,0,0,3.65328832482117e-06,3.45227574016792e-06,0,0,0,0.000159472677014671,0,0,0,0,0,0,0,0,0,0,0,0,0,0,0,8.78683146857243e-05,0,0,0,0,0,0,0,0,0,0,0,0.000159795461808885,0,0,0,0,0,0,0,0,0,0,0,0,0,0,0,0,0,0,0,0,0,0,0,0,0,0,0,0,0,0,0,0,0,0,0,0,0,0,0,0,0,0,6.52953393900746e-07,0,0,0,0,0,0,0,0,0,0,0,0,0,0.000239234449760766,0,0,0,0,0,0,0,0,0,0,0,0,0,0,0,0,3.18025696476275e-05,0,0,0,0,0,0,0,0,0,0,0,0,0,0,0,0,0,0,0,0,0,0,0,0,0,0,0,0,0,0,0,0,0,3.62884203650615e-05,0,0,0,0,0,0,0,0,0,0,0,0,0,0,0,0,0,0,0,0,0,0,0,0,0,0,0,0,0,0,0,0,0,0,0,0,0,0,0,0,0.00012809017548354,0,0,0,0,0,0,0,0,0,0,0,0,0,0,0,0,0,0,0,6.1012440436605e-06,0,0,0,0,0,0,0,0,0,0,0,0,0,0,0,0,0,0,0,0,0,0,0,0,0,0,0,0,0,0,0,0,0,0.0158516926383665,0,0,0,0,2.94649171053665e-05,0,0,0,0,0,0,0,0,8.825346394846e-05,0,0,0,0,0,0,0,0,0,0,0,0,0,0,0,0,0,0,0,0,0,0,0.000859497446786996,0,0,0,0,0,0,0,0,0,0,0,0,0,0,0,0,0,0,0,1.76360622200275e-05,0,0,0,0,0,0,0,0,0,0,0,0,0,0,0,0,0,0,0,0,0,0,0,0,0,0,2.73374922771584e-06,0,0,0,0,0,0,0,0,0,0,0,0,0,0,0,0,0,0,0,0,0,0,0,0,0,0,0,0,0,0,0,0,0,0,0,0,0,0,0,0,0,0,0,0,0,0,2.30781124873359e-06,0,1.67302415846885e-05,0,0,0,0,0,0,0,0,0,0,0,0,0,0,0,0,0,0,0,0,0,0,0,0,0,0,0,0,0,0,0,0,0,0,0,0,0,0,0,0,0,0,0,0,0,0,0,0,0,0,0,0,0,0,0,0,0,0,0,0,0,0,0,0,0.990472178111936,0,0.000111944475540132,0,0,0,0,0,0,0,0,0,0,0,0,0,0,0,0,0,0,0,0
0,0,0,0,0,0,0,0,0,0,0,0,0,0,0,0,0,0,0,0,0,0,0,0,0,0,0,0,0,0,0,0,0,0,0,0,0,0,0,0,0,0,0,0,0,0,0,0,0,0,0,0,0,0,0,0,0,0,0,0,0,0,0,0,0,0,0,0,0,0,0,0,0,0,0,0,0,0,0,0,0,0,0,0,0,0,0,0,0,0,0,0,0,0,0,0,0,0,0,1.6412007024339e-05,0,0,0,0,0,0,0,0,0,0,0,0,0,0,0,0,0,0,0,0,0,0,0,0,0,0,0,0,0,0,0,0,0,0,0,0,0,0,0,0,0,0,0,0,0,0,0,0,0,0,0,0,0,0,0,0,0,0,0,0,0,0,0,0,0,0,0,0,0,0,0,0,0.00284804824928799,0,0,0,0,7.40372513141612e-05,0,0,0,0,0,0,0,0,0,0,0,0,0,0,0,0,0,0,0,0,0,0.000260688216892596,0,0,0,0,0,0,0,0,0,0,0,0,0,0,0,0,0,0,0,0,0,0,0.000256607646907878,0,0,0,0,0,0,0,0,0,0,0,0,0,0,0,0,0,0,0,0,0,0,0,0,0,0,0,0,0,0,0,0,0,0,0,0,0,0,0,0,0,0,0,0,0,0,0,0,0,0,0,0,0,0,0,0,0,0,0,0,0,0,0,0,0,0,0,0,0,0,0,0,0,0,0,0,0,0,0,0,0,0,0,0,0,0,0,0,0,0,0,0,0,0,0,0,0,0,0,0,0.000811293201362973,0,0,0,0,0,0,0,0,0,0,0,0,0,0,0,0,0,0,0,0,0,0,0,0,0,0,0,0,0,0,0,0,0,0,0.000463070155128502,0,3.85104170678168e-05,0,0,0,0,0,0,0.000136855070480361,0,0,0,0,0,0,0,0,0,0,0,0,0,0,0,0,0,0,0,0,0,0,0,0,0,0,0,0,0,0,0,0,0,0,0,0,0,0,0,0,0,0,0,0,0,0,0,0,0,0,0,0,0,0,0,4.65116279069767e-05,0,0,0,0,0,0,0,0,0,0,0,0,0,0,0,0,0,0,0,0,0,0,0,0,0,0,0,0,0,0,0,0,0,0,0,0,0,0,0,0,0,0,0,0,0,0.000228258388495777,0,0,0,0,0,0,0,0,0,0,0,0,0,0,0,0,0,0,0,0,0,0,0,0,0,0,0,0,0,0,0,0,0,0,0,0,0,0,0.000479309793896789,0,0,0,0,0,0,0,0,0,0,0,0,0,0,0,0,0,0,0,0,0,0,0,0,0,0,0,0,0,0,0,0,0,0,0,0,0,0,0,0,0,0,0,0,0,0,0,0,0,0,0,0,0,0,0,0,0,0,0,0,0,0,0,0,0,0,0,0,0,0,0,0,0,0,0,0,0,0,0,0,0,0,0,0,0,0,0,0,0,0,0,0.00015008254539997,0,0,0,0,0,0,0,0,0,0,0,0,0,0,0,0,0,0,0,0,0,0,0,0,0,0,0.972060535506403,0,0,0,0,0,0,0,0,0,0,0,0,0,0,0,0,0,0,0,0,0
0,0,0,0,0.00235017626321974,0,0,0,0,0,0,0,0,0,0,0,0,0,0,0,0,0,0,0,0,0,0,0,0,0,0,0,0,0,0,0,0,0,0,0,0,0,0,0,0,0,0,0,0,0,0,0,0,0,0,0,0,0,0,0,1.70752391956424e-05,0,0,0,0,0,0,0,0,0,0,0,0,2.47437781769774e-06,0,0,0,0,0,0,0,0,0,0,0,0,0,0,0,0,0,0,0,0,0,0,0,0,0,0,0,1.63291966035271e-05,0,0,0,0,0,0,0,0,0,0,0,0,1.385148986625e-06,0,0,0,0,0,0,0,0,0,0,0,0,0,0,0,0,0,0,0,0,0,0,0,0,0,0,0,0,0,0,0,0,0,0.00259203474727661,0,0,0,0,0,0,0,0,0,0,0,0,0,0,0,0,0,0,0,0,0,0,6.31911532385466e-05,0,0,0,0,0,0,0,0,0,0,5.73526038082129e-05,0,0,0.00173045602605863,0,0,0,0,0,0,0,0,0,0,0,0.000318945354029343,0,0,0,0,0,0,4.20698359276399e-06,0,0,0,0,0,0,0,0,0,0,0,0,0,0,0,0,0,0,0,0,0.00111856823266219,0,0,0,0,0,0,0,0,0,0,0,0,0,0,0,0,0,0,0,0,0,0,0,0,0,0,0,0,0,0,0,0,0,0,0,0,0,0,7.45156482861401e-05,0,0,0,6.52953393900746e-07,0,0,0,0,0,0,0,0,0,9.13876297704343e-06,0,0,0,0.000398724082934609,0,1.90124912067228e-05,0,0,0,0,0,0,0,0,0,0,0,0,0,0,9.54077089428826e-05,0,0,0,0,0,0,0,0,0,0,0,0.000903575577642959,0,0,0,0,0,0,0,0,0,0,0,0,0,0,0,0,0,0,0,0,0,0,0,0,0,0,8.27417299640901e-06,0,0,1.39125982751161e-06,0,0,0,0,0,0,0,0,0,0,0,0,0,0,0,0,0,0,0,0,0,0,0,0,0,0,0,0,0,0,0,0,0,0,0,0,0,0,0,0,0,0,0,0,0,0,0,0,0,0,0,0,0,0,0,0,0,0,0,0,0,0,0,0,8.8073135932078e-06,0,0,0,0,1.19198603945951e-06,0,0,0,0,0,0,0,0,0,0,0,0,0,0,0,0,0.000268672756582483,0,0,0,0,0,0,0,0,0,0,0,0,0,8.825346394846e-05,0,0,0,0,0,0,0,0,0,0,0,0,0,0,0,0,0,0,0,0,0,0,0.000556145406744527,0,0,0,0,0,0,0,0,6.58379858843358e-06,0,0,0,0,0,0,0,0,0,0,0,0,0,0,0,0,0,0,0,0,3.26519950368968e-05,0,0,0,0,0,0,0,0,0,0,0,1.66102885788486e-06,0,0,0,0,0,0,0,0,0,0,0,0,0,0,0,0,2.38685131348428e-06,0,0,0,0,0,0,0.000711237553342817,0,0,0,0,0,0,0,0,0,0,0,0,2.49421964597046e-06,0,0,0,0,0,0,0,0,0,0,0,0,0,0,0,0,0,0,0,0,0,0,0,0,0,0,0,0,0,0,0,0,0,0,0,0,0,0,0,0,0,0,0,0,0,0,0,0,0,0,8.21247310415058e-06,7.25067467527853e-07,0,0,0,0,0,0,0,0,0,0,0,0,0,0,0,0,0,0,0,0,0,0,0,0,0,0,0,0,0,0.000129630229769582,0,0.977834993843054,0,0,0,0,0,0,0,0,0,0,0,0,0,0,0,0,0,0,9.02527075812274e-08,0
0,0,0,0,0,0,0,0,0,0,0,0,0,0,0,0,0,0,0,0,0,0,0,0,0,0,0,0,0,0,0,0,0,0,0,0,0,0,0,0,0,0,0,0,0,0,0,0,0,0,0,0,0,0,0,0.000135098621994056,0,0,0,0,0,0,0,0,0,0,0.000171467764060357,0,0,0,0,0,0,0,0,0,0.000111982082866741,0,0,0.000556379821958457,0,0.00322562064397212,0,0,4.23599579789217e-06,0,0,0,0,0,0,0,4.76054460630296e-05,0,0,0,0,0,0,8.2060035121695e-06,0,0,0,0,0.0078875663272623,0,0,0,0,0,0,0,0,0,0,0,0,0,0,0,0,0,0,0,0,0,0,0,0,0,0,0,0,0,0,0.000432257193029853,0,0.00012131505519835,0,0,0,0,0,0,0,0,0,0,0,0,0,0,0,0,0,0,0,0,0,0,0,0,0,0,0,0,0,0.000144833079875444,0,7.97225654721569e-05,0,0,0,0,0.000974342318934719,0,0,1.05767501877373e-05,0,0,0,0.0021225413895571,0,0,0,0,0,0,0,0,0.00140370578326783,2.03029195598327e-05,0,0,0,0,0,0,7.30300153363032e-05,0,0,0,0,0,0,0,0,0,0,0,0,0,0,0,0,0,0,0,0,0,0,0,0,0,0,0,0,0,0,0,0,0,0,0,0,0,0,0,0,0,0,0.00236794171220401,0,0,0,0,0,0,0,8.19014234467395e-06,0,0,0,0,0,0,0,3.34893378320677e-05,0,0,0,0,0,0,0,0,0,0,0,0,0,2.84376497419994e-06,0,2.83136129019471e-06,0,0,0,0,0,0,0,0,0,0,0,0,0.00029673590504451,0,0,4.93559054340852e-05,0,0,0,0,0,0,0,0,0,0,0,0,0,0.000171526586620926,0,0,0,0,0,0,0,0,0,0,0,0,0,0,0,0.00182342713129327,0,0,0,8.11293201362973e-05,0,0,0,0,0,0,0,0,0,0,0,0,0,0,0,0,0,0,0,0,0,0,0,0,0,0,0,0,0,0,0,0,0,0,0,0,0.000192552085339084,0,0.00132054025140412,0,0,0,0,0,0,0,0,0,0.000191828122002686,0,0,0,0,0,0,0,0,0,0,0,0,0,0,0,0,0,0,0,0,0,0,0,0,0,0.000123152709359606,0,0,0,0,0,0,0,8.8073135932078e-06,0,0,0,0.00018644541810385,0,0.00056483498749294,0,0,0,0,0,0,0,0,0,4.37171847881684e-06,0.000186046511627907,0,0,0,0,0,0,0,0,0,0,0,0,0,0,0,0,0,0,0,0,0,0,0,0,0,0,0,0,0,0,1.2903891813771e-05,0,0,0,0,0,0,0,0,0,0,0,0,0,0,0.000456516776991554,0,7.41986545310645e-05,0,0,0,0,0,0,0,0,0,0,0,0,0,0,0,0.000256278831368529,0,0,0,0,0,0.000125109470786939,0,0,0,0,0,0,0,0.000174988334111059,0,0.000315905860053704,0,0.000201409869083585,0,0,0,0,0,0,0,0,0,0,0,0,0,0,0,0,0.000330833700926334,0,0,0,0,0,2.89368597719775e-05,0,0,0,0,0,0,0,0,0,0,0,0,5.86544665376268e-05,0,0,0,0,0.000951022349025202,0,0,0,0,0,0,0,0,0,0,0,0,0,0,0,0,0,0,0,0,0,0,0,0,0,0,0,0,0,0,0,0,0,0,0.000368901595499401,0,0,0,0,0,0,0,0,0,0,0,0,0,0,0,0,0,0,7.5041272699985e-05,0,0,0,0,0,0,0,0.000329924117452986,0,0,0,0,0,0,0,0.000112007168458781,0,0,0,3.96852168598675e-06,0,0,0,0,0,0,0,0,0.931322134613187,6.45994832041344e-05,0,0,0,3.15422587411485e-05,0,0,0,0,0,0,0,0,0,0,1.43747005270724e-07,0,0,0
0,0,0,0,0,0,0,0,0,0,0,0,0,0,0,0,0,0,0,0,0,0,0,0,0,0,0,0,0,0,0,0,0,0,0,0,0.000350354734168345,0,0,0,0,0,0,0,0,0,0,0,0,0,0,0,0,0,0,0,0,0,0.000619770684846607,6.66666666666667e-05,0,0,0,0,0,0,0,0.000393133272179269,0,0,0,0,0,0,0,0,0,0,0,0,0,5.76003686423593e-05,0,0,8.47199159578434e-06,0,0,0,0,0,0,0,0,0,0,0,0,0,0,0.000566214242339696,0,0,0,6.06207565470417e-05,0,0,2.49345468146116e-05,0,0,0.000138619351261436,0,0,0,0,0,0,0,0,3.26675682915515e-06,0,0,0,0,0,0,0,0,0,0,0,0,0,0,0,1.29428057414286e-05,0,0,0,4.07697325505545e-05,0,0.000376647834274953,0,0,0,0.00432301573577728,0,0,0,0,0,0,0,0,0,0,0,0,0,0,0,0,0,0,0,0,0,0,7.24165399377218e-05,0,0,0,0,0,0,0.000108260257659413,0,0,6.34605011264239e-05,0,0,0,0,0,0,0,0,0,0,0,0,0,0,0,0,0,0,0,0,3.65150076681516e-05,0.000260688216892596,0,5.26094276094276e-05,0,0,0,0,0,0,0,0,0,0,0,0,0,0,0,0,0,0,0,0,0,0,0,0,0,0,0,0,0,0,0.000273897562311695,0,0,0,0,0,0,0,0,0,0.000104937299963272,0,0,0,0,0,0,0,0,0,0,0,0,0,0,0,0,0,0,0,0,0,0,0,0,0,1.63238348475187e-07,0,0,5.68752994839988e-06,0,0,3.74728321966574e-05,0,0,0,0,0,0,0,0,0,0,0,0,0,0,0,0,0,0,0,0,1.12731945978851e-05,0,0,0,0,0,0,0,0,0,0,0,0,0,0,0,0,0,6.01178309486594e-05,0,0,0,0,0,5.42686646218234e-05,0,0,0,0,0,0,0,0,0,0,0,0,4.84439793822424e-06,0,0,0,0,0,0,0,0,0,0,0,0,0,0,1.03372528750485e-05,0,0,0,0,0,0,0,0,0,0.00744724865535788,0,0,0.000231062502406901,0,5.01470981545868e-05,0,0,0,0,0,0,0,0,0,0,0,0,0,0,0,0,0,0,0,0,0,0,0,0,0,0,0,0,0,6.69030574697264e-05,2.13707178424123e-05,0,0,0,0,0,0,0,0,0,0,9.28160386114721e-05,0,0,2.03636956034781e-05,0,0,0,0,0.000161381424997983,0,0,0,0,0,0,0.000815660685154976,0,4.87186982363831e-05,0,0,0,0,3.5405624537514e-06,0,0,0,0,0,0,0,0,0,0,0,0,0,0,0,0,0,0,0,0,0,0,0,0,0,0,0,2.58077836275421e-05,0,0,0,0,0,0,0,0,0,0,0,0,0,0,0.000228258388495777,0,0,0,0,0,0,0,0,0,0,0,0,0,0,0,0,0,0.000512557662737058,0,0,0,0,0,0,0,0,0,0,0,0,0,0,0,0,0,0,0,0,0,0,0,0,0,0,0,0,0,0,0,0,0,0,0.000110277900308778,0,0,0,0,0,1.44684298859888e-05,0.000417439703153989,0,0,0,0,0,0,0,0,0,0,0,0.00146636166344067,0,0,0,0.000908059023836549,0,0,0,0,0,0,0,0,0,0,0,0,0,0,0,0,0,0,0,0,0,0,8.54603463992707e-05,0,0,0,0,0,0,0,0,0,0,0,0,0,0,0,0,0,0,0,0,0,0,3.04766548823601e-05,0,0,0,0,7.25067467527853e-07,0,0,0,0,0,0,0,0,0,0,0,0,0,0,0,0,0,0,0,0,0,0,0.000317662007623888,1.5874086743947e-05,0,0,0,0,0,0,0,0,0,0.978617571059431,0,0,0.000271812992661049,0,0,0,0,0,0,0,0,0,0,0,0,0,0,0
0,0,0,0,0,0,0,0,0,0,0.000133904659882164,0,0,0,0,0,0,0,0,0,0,0,0,0,0,0,0,0,0,0,0,0,0,0,0,0,0,0,0,0,0,0,0,0,0,0,0,0,0,0,0,0,0,0,0,0,0,0,0.000154942671211652,6.66666666666667e-05,0,0,0,0.00171673819742489,0,0.00011768397928762,0,0.000458655484209147,0,0,0,0,0,0,0,1.28183764244421e-05,0,0,0,0,0,0,0,0,3.81239621810295e-05,0,0,0,0,0,0,0,0,0,0,0,0,0,0,4.9236021073017e-05,0,0,0,0.000181862269641125,0,0,0,0,0,3.96055289318389e-05,0,0,0,0,0,0,0,0,0,0,0,0,0,0,0,0,0,0,0.000768573868488471,0,0,0,0,0.000209380234505863,5.17712229657145e-05,0,0,0,0,0,7.53295668549906e-05,0,0,0,0,0,0,0,0,0,0,0,0,0,0,0,0,0,0,0,0,0,0,0,0,0,0,7.24165399377218e-05,0,0,0,0,0,0,0,0,0,1.05767501877373e-05,0,0,0,0,0,0,0.000727575096143852,0,0,0,0,0,0.000280741156653565,0,0,0,0,0,0,0,0,0.000260688216892596,0,0,0,0,0,2.68716074595582e-05,0,0,0,0,0,0,0,0,0,0,0,0,0,0,0,0,0,0,0,0,0,0,0,0,0,0,0.000547795124623391,0,0,0,0,0,2.09762339269608e-05,0,0,0.000182149362477231,3.49790999877573e-05,0,0,0,0,0,0,8.19014234467395e-06,0,0,0,0,0,0,0,4.18616722900846e-06,0,0,0,0,2.91918114315134e-05,0,0,0,0,0,0,0,0,4.26564746129991e-06,0,0,0,0,0,0,0,0,3.03591487294696e-05,0,0,0,0,0,9.89119683481701e-05,0,0,0,0,0,0,0,0,0,0,0,0,0,0,0,0,0,0,0,0,0,0,0,0,0,0,1.20235661897319e-05,0,0,0,0,0,8.68298633949174e-06,0,0,0,0,0,0,0,0,0,0,0,0,4.84439793822424e-06,0,0,0,0,0,0,0,0,0,0,0,0,0,0,0,0,0,0,0,0,0,0,0,0,0.000206868018204386,0,0,7.70208341356337e-05,0,1.67156993848623e-05,0,0,0,0,0,0,0,0,0,0,0,0,0,0,0,0,0.000585480093676815,0,0,0,5.67150635208711e-05,0,0,0,0,0,0,0,0,0,0,0,0,4.17367496254127e-06,0,0,0,0,0,0,0,3.09386795371574e-05,0,0,0,0,0,0,0,8.06907124989914e-05,0,0,0,0,0,0,0,0,0.00109617071031862,0,0,0,0,0,0,0,0,0,0,0,0,0,0,0,0,0,0,0,0,0,0,0,0,0.000399780120933487,0,0,0,0,0,0,0,1.2903891813771e-05,0,0,0.000112568244498227,0,0,0,0,0,0,0,0,0,0,0,0.000228258388495777,0,2.47328848436882e-05,0,0,0,0,0,0,0,0,0,0,0,0,0,0,0,0,0,4.05284915295453e-05,0,0,0,0.000500437883147754,0,0,0,0,0.000300120048019208,0,0,5.83294447036864e-05,0,0,0,0,0,1.66102885788486e-06,0,0,0,0,0,0,0,0,0,0,9.99000999000999e-05,0,0,0,0,0,0,0,0,0,0,0.000602968460111317,0,0,0,0,0,0,0,0,0,0,0,0,0,0,0,0,0,0,0,0,0,0,0,0,0,0.0001900779319521,0,0,0,0,0,0,0,0,0,0,0,0,2.84867821330902e-05,0,0,9.6515780330084e-05,0,0,0,0,0,0,0,0,0,0,0,0,0,0,0,0,0,0,0,0,0,0,0,0,0,0,0,0,0,0,0,0,0,0,0,0,0,0,0,0,0,1.59979522621104e-05,0,0,0,0.000218150087260035,0,0,1.98426084299338e-05,0,0,0,0,0,0,0,0,0,0.000129198966408269,0.986725663716814,0,0,0,0,0,0,0,0,0,0,0,0,0,0,0,0,0
0,0,0,0,0,0,0,0,0,0,0,0,0,0,0,0,0,0,0,0,0,0,0,0,0,0,0,0,0,0,0,0,0,0,0,0,0,0,0,0,0,0,0,0,0,0.00992555831265509,0,0,0,0,0,0,0,0,0,0,0,0.00151889120941713,0,0,0,0,0,0,0,0,0,0,0,0.000124470998257406,0,0,0.0118371212121212,0,0,0,0,0,0,0,0,0,0,0,4.23599579789217e-06,0,0,0,0,0,0,0,0,0,0,0,0,0,0,0,0,0,0,0,0,0,0,0,0,0,0.00357483317445186,0,0,0,0,0,0,0,0,0,0,0,0,0.00194174757281553,0,0,0,0,0,0,0,0,0,0,0,0,0,0,0,0,0,0,0,0,0,0,0,0.00268997982515131,0,0,0,0,0,0,0,0,0,0,0,0,0,0,0,0,0,0,0,0,0,0,0,0,0,0,0,0,0,2.11535003754746e-05,0,0,0,0,0,0,0,0,0,0,0,0,0,5.07572988995818e-06,0,0,0,0,0,0,0,0,0.000658327847267939,0,0,0,0,0,0,0,0,0,0,0,0,0,0,0,0,0,0,0,0,0,0,0,0,0,0,0,0,0,0,0,0,0,0,0,0,0.00011877895236964,0,0,0,0,0,0,0,0.000472813238770686,0,0,0,0,0,0,0,0,0,0,0,0,0,0,0,0,0,0,0,0,0,0,0,0,0,0,0,0,3.74728321966574e-05,0,0,0,0,0,0,0,0,0,0,0,0,0,3.77643504531722e-05,0,0,0,0,0,0.000548847420417124,0,0,0,0,0,0,0,0,0,0,0,0,0,0,0,0,0,1.74956698217191e-05,0,0,0,0,0,0,0,0,0,0,8.11293201362973e-05,0,0,0,0,0,0,0,0,0,0,0,0,0,0,0,3.89574973703689e-05,0,0,0,0,0,0,0,0,0,0,0,0,0,0,0,0,0,0,0,0,0,0.00100933636134242,0,0,0,0.000543478260869565,0.00086102979163079,0,0,0,0,0,0,0,0,0,0,0,0,0,0,0,0,0,0,0,0,0,0,0,0,0,0,0,0,0.000777403472402177,0,0,0,0,0,0,0,0,0.000371264154445888,0,0,0.000692365650518256,0,0,0,0,0,0,0,0,0,0,0,0,0,0,4.37171847881684e-06,0,0,0,0,0,0,0,0,0,0,0,0,0,0,0,0,0,0,0,0,0,0,0,0,0,0,0,0,0,0,0,0,0,0,0,0,0,0,0,0,0,0,0,0,0,0,0,0,0,0,0,0,0,0,0,0,0,0,0,0,0,0,0,0,0,0,0,0,0,0,0,0,0,0,0,0,0,0,0,0,0,0,0,0,8.30514428942431e-07,0,0,0,0,0,0,0,0,0,0,0,0,0,0,0,0,0,0,0,0,4.34052896579663e-05,0,0,0,0,0,0,0,0,0,0,0,0,0,0,0,0,0,0,0,0,0,0,0,0,0.00212652844231792,0,0,0,0,0,0,0,0,0,0,0,0,0,0,0,0,0,0,0,0,0,0,0,0,0,0,0,0,0.000400320256204964,0,0.000330087473180393,0,0,0,0,0,0,0,9.20047842487809e-05,0,0,0,0,0,0,0,0,0,0,0,0,0,0.000557724484104852,0,0,0,0,0,0,0,0,0,0,0,0,0.000635324015247776,0,0,0,0,0,0,0,0,0,0,0,0,0.980286545297856,0,0,0,0,0,0,0,0,0,0,0,0,0,0,0,3.81679389312977e-07
0,0,0,0,0,0,0,0,0,0,0,0,0,0,0,0,0,0,0,0,0,0,0,0,0,0,0,0,0,0,0,0,0,0,0,0,0,0,0,0,0,0,0,0,0,0,0,0,0,0,0,0.000324044069993519,0,0,0,0,0,0,0,0,0,0,0,0,0,0,0,0,0.000400962309542903,0,0,0.000284656988329063,0,0,0,0,0,0,0,0,0,0,0,0,0,0,0,0,0,0,0,0,0,0,0,0,0,0,0,0,0,0,0,0,0,0,0,0,0,0,0,0,0,0,0,0,0,0,0,0,0,0,0,0,0,0,0,0,0,0,0,0,0,0,0,0,0,0,0,0,0,0,0,0,0,0,0,0,0,0,0,0,5e-04,0,0,0,0,0,0,0,0,0,0,0,0,0,0,0,0,0,0,0,0.00117272574970682,0,0,0,0,0.000899023765957672,0,0,0,0,0,0,0,0,0,0,0,0,0,0,0,0,0,0,0,0,0,0.000521376433785193,0,0,0,0,0,0,0,0,0,0,0,0,0,0,0,0,0,0,0,0,0,0,0,0,0,0,0,0,0,0,0,0,0,0,0,0,0,0,0,0,0,0,0,0,0,0,0,0,0,0,0,0,0,0,0,0,0,0,0,0,0,0,0,0,0,0,0,0,0,0,0,0,0,0,0,0,0,0,0,0,0,0,0,0,0,0,0,0,0,0,0,0,0,0,0,0,0,0,0,0,0,0,0,0,0,0,0,0,0,0,0,0,0,0,0,0,0,0,0,6.51223975461881e-06,0,0,0,0.00129806912218076,0,0,0,0,0,0,0,0,0,0,0,0,0,0,0,0,0,0,0,0,0,0,0,0,0,0,0,0,0,0,0,0,0,0,0,0,0,0,0,0,0,0,0,0.000410565211441084,0,0,0,0,0,0,0,0,0,0,0,0,0,0,0,0,0,0,0,0,0,0,0,0,0,0,0,0,0,0,0,0,0,0,0,0,0,0,0,0,0,0,0,0,0,0,0,0,0,0,0.000270416441319632,0,0,0,0,0,0,0,0,0,0,0,0,0,0,0,0,0,0,0,0,0,0,0,0,0,0,0,0,0,0,0,0,0,0,0,0,0,0,0,0,0,0,0,0,0,0,0,0,0,0,0,0,0,0,0,0,0,0,0,0,0,0,0,0,0,0,0,0,0,0,0,0,0,0,0,0,0,0,0,0,0,0,0,0,0,0,0,0,0,0,0,0,0,0,0,0,0,0,0,0,0,0,0,0,0,0,0,0,0,2.89368597719775e-05,0,0,0,0,0,0,0,0,0,0,0,0,0,0,0,0,0,0,0,0,0,0,0,0,0,0,0,0,0,0,0,0,0,0,0,0,0,0,0,0,0,0,9.6515780330084e-05,8.7123192193762e-05,0,0,0,0,0,0,0,0,0,0,0,0,0,0,0,0,0,0,0,0,0,0,0,0,0,0,0,7.5041272699985e-05,0,0,0,0,0,0,0,0,0.00555298472929199,0,0,0,0,0,0,0,0,0,0,0,0,0,0,0,0,0,0.000388048117966628,0,0,0,0,0,0.958140799130198,0,0,0,0,0,0,0,0,0,0,0,0,0,0,0
0.000164365548980934,0,6.6795805223432e-05,0,0,0,1.43180731309903e-06,0,0,0,0,0,0,0,0,0,0,0,0,0,0,0,0,0,0,0,0,0,0,0,0,4.09785682088268e-05,0,0,0,0,0,0,0,0,0,0,0,0,0,0,0,0,0,0,0,0,0,0,0,0.00810591731964334,0,0,0,0,0,0,0,0,0,3.92279930958732e-05,0,0,0,0.000248941996514812,0,0,0,0,0,0.000346096163459936,0,0,0,0,0,0,0,0,0,0,0,0,0,0,0,0,9.52108921260592e-05,0,0,0,0,0,0,1.6412007024339e-05,0,0,0,0,0,0,0,0,0,0,0,0,0,0,0,0,0,0,0,0,0,0,0,0,0,0,0,0.00111669458403127,0,0,0,0,0,0,0,0.000297176820208024,0,0,0,0,0,0.000735835172921266,0,0,0,0,0,0,0,0,0,0,0,0,0,0,1.52615835419083e-05,0,0.0048355190856473,0,0,0,0,0,0,0,2.46889196128777e-05,0,0.000211954217888936,0,0,0,0,0,0,3.04145503208735e-05,0,1.05767501877373e-05,0,5.70320520132314e-05,0,0,0,0,0,0,0,0,0,0,0,0.000395906931416738,0,0,0,0,0,0,1.82575038340758e-05,0,0,0,0,0,0,0,0,0,0,0,0,0,0,0,0,0,0,0,0,0,0,0,0,0,0,0,0,0,0,0.00244328097731239,0,0,0,0,0.000396318284022711,0,0,0,0,0,0,0.000182149362477231,0,0,0,0,0,0,0,8.19014234467395e-06,0,0.000163880694854146,0,0,0,0,0,0,0,0,0,0,7.96140311768546e-06,0,0,0,0,0,4.08095871187966e-07,0,0,0,0,0,3.74728321966574e-05,0,0,0,0,0,0.000121436594917879,0,0,0,0,0,0,0,0.000113293051359517,4.93559054340852e-05,0,0,0,0,0,0,0,0,0,0,0,0,0,0,0,0,0,0,0,0,3.77914666868221e-05,0,3.49913396434382e-05,0,0,0,0,0,0,3.69026919428399e-05,0,0,0,0,0,0,0,0,0,0,0,0,0,0,0,0,0,0,0,0,0,0,0,0,0,0,0.000244319569997557,0,0,0,0,0,0,0,0,0,0,0,0,0,3.85104170678168e-05,0,3.34313987697245e-05,0.000250417362270451,0.000100190361687206,0,0,0,0,0,0,0,0,0,0,0,0,0,0,0,0,0,1.36521566994546e-05,0,0,0,0,0,0,2.26244343891403e-05,0,0,0,0,0,0,0,0,0,0,0,0,0,0,0,0,0,0,1.46130465279401e-05,0,0,0,0,0.00175870559268378,0,0,0,0,0.000270416441319632,0,0,0,8.74343695763368e-06,0,0,0,0,0,0,0,0,7.33352889410384e-05,0,0,0,0,0,0,0,0,0,0,0,0,0,0,0,0,8.52514919011083e-05,0,0,0,0,0,1.2903891813771e-05,0,0,0.000112568244498227,0,0,0,0,0,0,0,0,0,0,0,0,0,0.000840918084685398,0.014122533748702,0,0,0,0,0,0,0,0,0,0,0,2.14192387602545e-05,0,0,0,0.000580248346292213,0,0,0,0,0,0,0,0,0,0,0,0,0.000699953336444237,0,0,0,0,0,0,0,0,0,0,0,0,0,3.97413632082408e-06,0,0,0,0.000182415176942722,0,0.00148563882469462,0,0,0,0,0,0.000141522785168412,2.89368597719775e-05,0,0.000310800310800311,0,0,0,0,0,0.000167224080267559,0,0,0,0,0,0,0,0,0,0.000158503724837534,0,0,0.00241796200345423,0,0.0107343254452305,0,0,0,0,0,0,0,0,0.000118764845605701,0,0,0,0,0,0,0,0,0,0,0,0,0.000293599530240752,0,0,0,0,0,0,0,0,0,0,0,0,0,0,0,0,0,0,0,0,0,0,0,0,0,0,0,0,0,0,0,0,0,0,0,0,0,0,0,0,0,0,0,0,0,0,0,0,0,0,0,0,0,0,0,5.71363272768826e-05,0,6.23208276205908e-05,0,0,0.990521551248285,0,0,0,0,0,0,0,0,0,0,4.79156684235745e-08,0,0,1.14503816793893e-06
0,0,0,0,0,0,0,0,0,0,0,0,0,0,0,0,0,0,0,0,0,0,0,0.000234521575984991,0,0,0,0,0,0,0,0,0,0,0,0,0,0,0,0,0,0,0,0,0,0,0,3.36620998417881e-05,0,0,0,0,0,0,0,0,0,0,0,0,0,7.0876745339854e-05,0,0,0,0,0,0,0,0,0,0,0,0,0,1.28183764244421e-05,0,0,0,0,0,0,0,0,0,0,0,0,0,0,0,0,0,0,0,0,0,0,0,0,0,0,0,0,0,0,0,0,0,0,0,0,0,0,0,0,0,0,0,0,0,0,0,0,0,0,0,0.0016750418760469,0,0,0,0,0,0,0,0,0.003584229390681,0,0,0,0,0,0,0,0,0,0,0,0,0,0,0,0,0,0,0,0.00167877418960991,0,0,0,0,0,0,0,0,0,0,0,0,3.98612827360784e-05,4.77258626449673e-05,0,0,0,0,0,0,0,0,2.85160260066157e-05,0,0,0,0,0,0,0,0,0,0,0,0,0,0,0,0,0,0,0,0,0,0,0,0,0,2.68716074595582e-05,0,0.00406749020789394,0,0,0,0,0,0,0,0,0,0,0,0,0,0,0,0,0,0,0,0,0,0,0,0,0,0,0,0,0,0,0,0,0,0,0,0,0,0,0,0,0,0,0,0,0,0,0,0,0,4.18616722900846e-05,0,0,0,0,2.65380103922849e-06,0,0,0,0,0.000153491941673062,0,0,0,0,0,0,0,0,0,0,0,0,0,0,0,0,0,0,0,0,0,4.93559054340852e-05,0,0,0,0,0,0,0,0,0,0,0,0,0,0,0,0,0,0,0,0,3.77914666868221e-05,0,0,0,0,0,0,0,0,2.17074658487294e-06,0,0,0,0,0,0,0,0,0,0,0,0,0,0,0,0,0,0,0,0,0,0,0,0,0,0,0,0,0,0,0,0,0,0,0,0,0,0,0,0,0,0,0,0,0.000100190361687206,0,0,0,0,0,0,0,0,0,0,0,0,0,0,0,0,0,0,0,0,0,0,0,0,0,0,0,0,2.13707178424123e-05,0,0,0,0,0,3.38249222026789e-05,0,0,0,0,0,0,0,0,0,0,0,0,0,0.000175870559268378,0,0,0,0,0,0,0,0,0,0,0,0,0,0,0,0,0,0,0,0,0,0,0,0,0,0.00063595893522304,0,0,0,0,0,0,0,0,0,0,0,0,0,0,0,0,0,0,0,0,0,0,0,0,0,0,0,0,0,0,0,0,0,0,0,0,0,0,0,0,0,0,0,0,0,0,0,0,0,0,0,0,0,0,0,0,0,0,0,0,0,0,0,0,0,0,0,0,0,0,0,0,0,0,0,0,0,0,0,0,0,0,0,0,0,0,0,0,0,0,0,0,0,0,0,0,0,0,0,0,0,0,0,0,0,0,0,0,0,0,0,0,0,0,0,0,0,0,0,0,0,0,0.000377500943752359,0,0,0,0,0.000136612021857923,0,0,0,0,0,0.000293599530240752,0,0,0,0,0,0,0,0,0,0,0,0,0,0,0,0,0,0,0,0,0,0,0,0,0,0,0,0,0,0,0,0,0,0,0,0,0,0,0,0,0,0,0,0,0,0,0,0,0,0,0,0,0,0,0,0,0,0,0,0,0,0.983203863111484,0,0,0,0,0,0,0,0,4.37608034483513e-05,0,0,9.02527075812274e-08,0
0,0,0,0,0,0,0,0,0,0,0,0,0,0,0,0,0,0,0,0,0,0,0,0,0,0,0,0,0,0,0,0,0,0,0,0,0,0,0,0,0,0,0,0,0,0,0,0,0,0,0,0,0,0,0,0,5.41477149664284e-05,0,0,0,0,0,0,0,0,0,0.000228623685413809,0,0,0,0,0,0,0,0,0,0,0,0,0.000370919881305638,0,0,0,0,0,0,0,0,0,0,0,0,0,0,0,0,0,0,0,0,0,0,0,0,0,0,0,0,0,0,0,0,0,0,0,0,0,0,0,0,0,0,0,0,0,0,0,0,0,0,0,0,0,0,0,0,0,0.0014557806623802,0,0,0,0,0,0,0,0,0,0,0,0,0,0,0,0,0,0,0,0,0,0,0,0,0,0,0,0,0,0,0,0,0,0,0.000167532249958117,0,0,0,0,0,0,0,0,0,0,0,0,0,0,0,0,0,0,0,0,0,0,0,0,0,0.00034689257284744,0,0,0,0,0,0,0,0,0,0,0,0,0,0,0,0,0,0,0,0,0,0,0,0,0,0,0,0,0,2.51768674941464e-05,0,0,0,0,0,0,0,0,0,0,0,0,0,0,0,0,0,0,0,0,0,0,0,0,0,0,0,0,0,0,0,0,0,0,0,0,0,0,0,8.16191742375933e-08,0,0,0,0,0,0,0,0,0,0,0,0,0,0,0,0,0,0,0,0,0,0,0,0,0,0,0,0,0,0,0,0,0,0,0,0,0,0,0,0,0,0,0,0,0,0,0,0,0,0,2.38782124336023e-05,0,0,0,0,0,0,0,0,0,0,0,0,0,0,0,0,0,0,0,0,0,0,0,0,0,0,0,0,0,0,0,0,0,0,0,0,0,0,0,0,0,0,1.67156993848623e-05,0,0,0,0,0,0,0,0,0,0,0,0,0,0,0,0,0,0,0,0,0,0,0,0,0,0,0,0,0,0,0,0,0,0,0,0,0,0,0,0,0,0,0,0,0,0,0,9.32227090519251e-05,0,0,0,0,0,0,0,0,0,0,0,0,0.000511627906976744,0,0,0,0,0,0,0,0,0,0,0,0,0,0,0,0,0,0,0,0,0,0,0,0,0,0,0,0,0,0,0,0,0,0,0,0,0,0,0,0,0,0,0,0,0,0.00136955033097466,0,0,0,0,0,0,0,0,0,0,0,0,0,0,0,0,0,0,0,0,0,0,0,0,0,0,0,0,0,0,0,0,0,0,0,0,0,0,0,0,0,0,0,0,0,0,0,0,0,0,0,0,0,0,0,0,0,0.000141522785168412,0,0,0,0,0,0,0,0,0,0,0,0,0,0,0,0,0,0,0,0,0,0,0,0,0,0,0,0,0,0,0,0,0,0,0,0,0,0,0,0,0,0,0,0,0,0,0,0,0,0,0,0,0.000355745286374956,0,0,0,0,0,0,0,0,0.00223453700393279,0,0,0,0,0,0,0,0,0,0,0,0,0,0,0,0,0,0,0,0,0,0,0,0,0,0,0,0,0,0,0,0,0,0,0,0,0,0,0,0,0,0,0,0,0,0,0.972355769230769,0,0,0,0,0,0,0,0,1.43747005270724e-07,0,0,0
0,0,0,0,0,2.76571618220538e-05,1.71816877571884e-05,3.28249119198197e-05,0,0,0,0,0,0,0,0,0,0,0,0,0,0,0,0,0,0,0,0,1.1132882080513e-05,3.3559299281831e-05,0,0,0,0,0,0,0,0,0,0,0,0,0,0,0.000100755667506297,0,0,0,0,0,0,0,0,0,0,0,0,0,0,0,0.00256128587934636,0,0,0,0,0,0,0,0,0,0,0,0,0,1.30206637934402e-05,0,0,0,0,0,0,0,0,0,0,0,3.16210532972853e-05,0,0,0,0,9.85512959495417e-06,0,6.15246421573001e-06,0,0,0,0,0,0,0,0,0,0,0,0,0,0,0,0,0,0,0,0,0,0,0,0,0,0,0,0,0,0,0,3.35979733702463e-06,0,0,0,0,0,0,0,0,0,0,0,0,0,0,0,0,0,0,0.000172920629431091,0,0,0,0,0,0,0,0,0,0,0,0,0,0,0,0,0,0,0,0,0,0,0,0,0,0,0.00202211690363349,0,2.12172326363472e-05,0,0,0,0,0,0,0,0,0,0,0,0,0,0,1.27019611828066e-05,0,0,0,0.000244770317763018,0.000200231992929739,0,0,0,0,0,0,0,0,0,0,1.2620950778292e-05,0,0,0,0,0,0,0,0,2.92894382285748e-05,0,0,0,0,0,0,0,0,0,9.49036727721363e-05,0,0,0,0,0,0,0,0,0,0,0,0,2.12143069285926e-05,0,0,0,0,0,0,0,0,0,0,0,0,0,0,0,0,0,0,0,0,0,0,0,0,0,0,0,0.00022354694485842,0,0,0,9.94121542213886e-05,0,0,0,0,0,0,0,0,0,9.13876297704343e-06,0,0,0,0,0,1.90124912067228e-05,0,0,0,0,0,0,0,0,0,0,0,0,0,0,0.000477038544714413,0,0,0,0,0,0,0,0,0,0,0,0,0,0,0,0,0,0,0,0,0,0,0,0,0,0,0,0,0,0,0,0,0,0,0,0,0,0,0,0,0,2.78251965502321e-06,4.81521608282172e-05,0,0,0,0,0,0,0,0,0,0,0,0,2.12089077412513e-05,0,0,0,0,0,0,0,0,0,0,0,0,0,0,0,0,0,0,0,0,0,0,0,0,0,0,0,0,0,0,0,0,0,0,0,0,0,0,0,0,0,0,0,0,0,0,8.00403403315271e-06,0,0,0,0,0,0,0,0,1.43038324735141e-05,0,0,0,0,0,0,0,0,0,0,0,0,0,0,0,0,0,0,0,0,5.74914194056537e-06,2.94649171053665e-05,0,0,0,0,0,0,0,0,0,0,0,0,0,0,0,0,0,0,0,0,0,0,0,0,0,0,0,0,0,0,1.26778062324095e-05,0,0,0,0,0,0,0,0,0,0,0,0,0,1.74258529955041e-05,0,0,0,0,0,0,3.5272124440055e-05,0,0,0,0,0,0,0,0,0,1.63259975184484e-05,0,0,0,0,6.24104799677962e-06,0,0,0,0,0,0,0,0,0,0,0,5.46749845543169e-06,0,0,0,4.48589410598373e-06,0,0,0,0,0,0,0,9.54740525393711e-06,4.47147200858523e-05,1.30874635186954e-05,0,0,0,0,0,0,0,2.6967189021118e-06,0,0,0,0,0,0,0,0,0,7.48265893791139e-06,0,0,0,0,0,0,0,0,0,0,0,0,0,0,0,0,0,0,0,0,0,0,0,0,0,0,0,0,0,0,0,0,0,1.1795679950175e-05,0,0,0,0,4.41580386765541e-06,0,0,0,0,0,0,0,0,0,0,0,0,3.62533733763927e-06,0,2.19741583897337e-05,0,0,0,0,0,0,0,0,0,0,0,0,0,5.48787180331467e-05,0,0,0,0,0,0,0,0,0,0,0,0,0,0,0,0,0,0,0,0,0,0,0,0,0.97006557613317,1.53016334493707e-05,0,0,0,0,0,0,0,0,0,0
0,0,0,0,0,0.000110628647288215,5.72722925239613e-06,7.29442487107104e-06,0,0,0,0,0,0,0,0,1.96672304606065e-05,0,0,0,1.26873498663599e-05,0,0,0,0,0,0,0,0,0,0,0,2.97982657409339e-05,0,0,0,0,0,0,0,0,0,0,0,0,0,0,0,0,0,0,0,0,0,0,0,0,0,0,0,5.69174639854747e-06,0,6.47295276686366e-06,0,0,0,0,0,0,0,0,0,0,4.94875563539548e-06,1.30206637934402e-05,0,0,0,0,0,0,0,0,0,0,0,0.00023715789972964,0,0,0,0,9.85512959495417e-06,0,0.00250405293580211,9.67202174270488e-06,0,7.32225232481511e-05,0,0,0,0,8.16459830176355e-06,0,0,0,0,0,0,0,0,0,0,0,0,6.92574493312501e-06,0,0,3.47898691900918e-05,6.5335136583103e-06,0,0,0,0,0,0,1.34391893480985e-05,0,0,0,0,3.37154416722859e-05,0,2.96577495699626e-05,0,0,0,0,0,4.07697325505545e-05,0,0,0,0,0,0,0,0,0,0,0,0,0,0,0,0,6.48334994691757e-05,0,0,0,0,0,0,0,0,0,0,0,0,0,0,0,0,0,1.06086163181736e-05,0,0,0,0,0,0,0,0,0.000172057811424639,0,0,5.08957654723127e-05,0.0010515247108307,0,0,0,0,0,1.46131532992847e-05,0,0,0,0,0,0,0,0,0,0,0,0,0,0,0,3.4056465619998e-05,1.63942488974868e-05,0,4.27968604223194e-06,0,0.000131802472028587,0,0,0,0,0,0,0.000161030595813205,0,0,0,0,0,9.98213198374909e-06,0,0,0,0,0,0,0,0,0,0,0,0,0,0,0,0,0,0,0,0,0,0,8.19014234467395e-06,0,0,0,0,0,0,0,0,0,5.50751776174478e-05,0,0,0,0,7.45156482861401e-05,0,0,0,1.0039158431224e-05,0,0,0,0,0,0,0,0,0,9.13876297704343e-06,1.24125689673363e-05,0,0,7.97448165869218e-05,0,1.90124912067228e-05,0,0,0,0,0,0,0,0,0,0,0,0,0,0,3.18025696476275e-05,0,0,0,0,0,0,0,0,0,0,0,0,0,1.20235661897319e-05,0,0,0,0,0,0,0,0,0,0,0,0,2.8048130592096e-05,0,0,0,1.79314302108736e-05,0,1.45331938146727e-05,0,0,0,0,0,0,0,0,2.08688974126741e-05,4.0126800690181e-06,0,0,0,0,1.55058793125727e-05,0,0,0,0,0,0,0,0,0,0,0,0,0,0,0,0,0,0,0,0,0,0,0,0,0,0,0,3.42125970782442e-05,5.92880688690208e-06,0,0,0,0,0,0,0,0,0,4.95123038074962e-05,0,0,0,0,0,0,0,6.1012440436605e-06,0,0,0,0,0,0,0,0,0,0,0,0,0,0,3.32369461893841e-05,0,7.86710786043274e-05,0,0,0,0,0,0,0,0,0,0,4.37171847881684e-06,0,1.18815645644218e-05,0,7.08112490750281e-06,0,0,0,0,0,2.87457097028269e-05,0.000402687200440009,0,0,0,0,0.000222074172773706,0,0,0,0.00017650692789692,0,0,0,0,0,0,0,0,0,0,0,1.2903891813771e-05,0,5.36826283014816e-05,0,0,0,0,0,0,0,0,0.000151676020021235,0,0,0,0,0,0,0,0,0,0,2.92860071457857e-05,0,1.74258529955041e-05,0,0,0,0,0,0,0.00042326549328066,0,0,0,0,0,0,0,0,0,3.26519950368968e-05,2.43872698451408e-05,3.30924935193867e-05,0,0,0.000795733619589401,0,0,0,0,0,0,3.32205771576973e-06,0,0,0,0,0.00285950169219077,0,0,3.97413632082408e-06,1.34576823179512e-05,0,0,0,0,0,0,0,1.67079591943899e-05,4.47147200858523e-05,0,0,0,0,0.000466200466200466,0,0,0,1.88770323147826e-05,0,0,0,0,0,0,0,0,0,4.98843929194093e-06,0,0,0,0,0,0,0,0,0,0,0,0,0,0,0.0033394028769175,0,3.3460483169377e-05,0,0.000161995788109509,0,0,0,0,0,0,0,0,0,0,0,0,0,0,1.65139519302451e-05,0,0.000355745286374956,0,0,2.94386924510361e-06,0,0,0,0.00116182572614108,4.65202828433197e-05,0,0,0,0,0,0,2.46374193124518e-05,5.07547227269497e-06,0,3.29612375846005e-05,0,0,0,0,0,0,0,0,0,0,0,0,0,0,0,0,0,0,0,0,0,0,0,0,0,0,0,3.24075574423956e-05,0,0,0,0,0,0,0,0,0,0,0,0.971584866684519,0,0,0,0,0,0,9.5831336847149e-08,6.07533414337789e-08,0,0
0,0,0.00347338187161846,0,0,0,0,0,0,0,0,0,0,0,0,0,0,0,0,0,0,0,0,0,0,0,0,0,0,0,0,0,0,0,0,0,0,0,0.000220653133274493,0,0,0,0,0,0,0,0,0,0,0,0.000220215811495265,0,0,0,0,0,0,0,0,0,0,0,0,0,0,0,0,0,0,0,0,0,0,0,0,0,0,0,0,0,0,0,0,0,0,0,0,0.000521784503000261,0,0,0,0,0,0,0,0,0,0,0,0,0,0,0,0,0,0,0,0,0,0,0,0,0,0,0,0,0,0,0,0,0,0,0,0,0,0,0,0,0,0,0,0,0,0,0,0,0,0,0,0,0,0,0,0,0,0,0,0,0,0,0,0,0,0,0,0,0,0,0,0.000100650875662618,0,0,0,0,0,0,0,0,0,0,0,0,0,0,0,0,0,0,0,0,0,0,0,0,0,0,0,0,0,0,0,0,0,0,0,0,0,0,0,0,0,0,0,0,0,0,0,0,0,0,0,0,0,0,0,0,0,0,0,0,0,0,0,0,0,0,0,0,0,0,0,0,0,0,0,0,0,0,0.000293667274977451,0,0,0,0,0,0,0,0,0,0,0,0,0,0,0,0,0,0,0,0,0,0,0,5.30760207845697e-06,0,0,0,0,0,8.16191742375933e-08,0,0,0,1.91596574253252e-05,0,0,0,0,0,0,0,0,0,0,0,0,0,0,0,0,0,0,0,0,0.000274876305662452,0,0,0,0,0,0,0,0,0,0,0,0,0,0,0,0,0,0,0,0,0,0,0,0,0,0,0,0,0,0,0,0,0,0,0,0,0,0,0,0,0,0,0,0,0,0,0,0,0,0,0,0,0,0,0,0,0,0,0,0,0,0,0,0,0,0,0,0,0,0,0,0,0,0,0,0,0,0,0,0,0,0,0,0,0,0,0,0,0,0,0,0,0,0,0,0,0,0.000250187640730548,0,0,0,0,0,0,0,0,0,0,0,0,0,0,0.000819080164168325,0,0,0,0,0,0,0,0,0,0,0,0,0,0,0,0,0,0,0,0,0,0,0,0,7.33352889410384e-05,0,0,0,0,0,0,0,0,0,0,0,0,0,0,0,0,0,0,0,0,0,0,0,0,0,0,0,0,0,0.00440950920245399,0,0,0,0,0,0,0,0,0,0,0,0,0,0,0,0,0,0,0,0,8.97021887334051e-05,0,0,0,0,0,0,0,0,0,0,0,0,0,0,3.30924935193867e-05,0,0,0,0,0,0,0,0.000201409869083585,0,0,0,0.000376222723852521,0,0,0,0,0,0,0,0,0,0,0,0,0,0,0,0,0,0,0,0,0,0,0,0,0,0,0,0,0,0,0,0,0,0,0,0,0,0,0.000304692260816575,0,0,0,0,0,0,0,0,0,0,0,0,0,0,0,0,0,0,0,0,0,0,0,0,0,0,0,0.000214339299110492,0,0,0,0,0,0,0,0,0,0,0,0,0,0,0,0,0,0,0,0,0.00020708221163802,0,0,0,0,0,0,0,0,0,0,0,0,0,0,0,0,0,0,0,0,0,0,0,0,0,0,0,0,0,0,0,0,0,0,0,0,0,0,0,0,0,0.982203253341923,4.50024751361325e-05,0,0,0,0,0,0,1.62454873646209e-06,0
0,0,0,0,0,0,0,0,0,0,0,0,0,0,0,0,0,0,0,0,0,0,0,0.000234521575984991,0,0,0,0,0,0,0,0,0,0,0,0,0,0,0,0,0,0,0,0,0,0,0,3.36620998417881e-05,0,0,0.00132129486897159,0,0,0,0,0,0,0,0,2e-04,0,0,0,0,0,0,0,0,0,0,0,0,0,0,0,0,0,0,0,0,0,0,0.000863171355498721,0,0,0,0,0,0,0,0,0,0,3.076232107865e-06,0,0,0,0,0,0,0,0,0,0,0,0,0,0,0,1.98027644659194e-05,0,0,0,0,0,0,0,0,0,0,0,0,0,0,0,0,0,0,0,0,0,0,0,0,0,0,0,0,0,0,0,0,0,0,0,0.000159108989657916,0,0,0,0,0,0,0,0,0,0,1.52615835419083e-05,0,0,0,0,0,0,0,0,0,0,0,0,0,0,0,0,0,0,0,0,0,0,0,0,0,0,0,0,0,0,0,0,0,0,0,0,0,0,0,0.0028169014084507,0,0,0,0,0,0,0,0,0,0,0,0,3.27884977949735e-05,0,0,0,0,0,0,0,0,0,0,0,0,0,0,0,0,0,0,0,0,0,0,0,0,0,0,0,0,0.000104881169634804,0,0,0,0,0,0,0,0,0,0,0,0,0.000327761389708292,0,0,0,0,0,1.25585016870254e-05,0,0,0,0,2.65380103922849e-06,0,0,0,0,0,2.4485752271278e-07,0,0,0,0.000680167838599046,0,0,0,0,0,0,0,0,0,0,0,0,0,0,0,0,0,0,0,0,0,0,0,0,0,0,0,0,0,0,0,0,0,0,0,0,0,0,0,0,0,0,0,7.14183688044565e-05,0,0,0,0,0,0,0,0,0,0,0,0,0,0,0,0,0,0,0,0,0,0,0,0,0,0,0,0,0,0,0,0,0,0,0,0,0,0,0,0,0,0,0,0,0,0,0,0,0,0,0,0,0,0,0,0,0,0,0,0,0,0,0,0,0,0,0,0,0,0,0,0,6.78733031674208e-05,0,0,0,0,6.1012440436605e-06,0,0,0,0,0,0,0,0,0,0,0,0.000114495076711701,0,0,0,0,0,0,0,0,0,0,0,0,0,0,0,8.74343695763368e-06,0,0,0,3.5405624537514e-06,0,0,0,0,0,0,0,0.000216450216450216,0,0,0,0,0,0.000373692077727952,0,0,0,0,0,0,0,0,0,0,0,0,0,0,0,0,0,0,0,0,0,0,0,0,0,0,0,0,0,0,0,0,0,0,0.00348252289436347,0,0,0,0,0,0,0,0,0,0,0,0,0,0,0,0,0,0,0,0,0,0,0,0,0,0,0,0,0,0.0014098690835851,0,8.30514428942431e-07,0,0,0,5.47675119119338e-05,0,0,0,0,0,0,0,0,0,0,0,0,0,0,0,0,0,0,0.000621600621600622,0,0,0,0,0,0,0,0,0,0,0,0,0,0,0,0,0,0,0,0,0,0,0,0,0,0,0,0,0,0,0,0.000377500943752359,0,0,0,0,0,0,0,0,0,0,0,0,2.44176393026322e-05,0.000321508948665738,0,0,0,0,0,0,1.4719346225518e-06,0,0,0,0,0,0,0,0,0,0,0,0,0,0,0,0,0,0,0,0,0,0,0,0,0,0,0,0,0,0,0,0,0,0,0,0,0,0,0,0,0,0,0,0,0,0,0,0,0,0,0,0,0,0,0,0,0.989379415867873,3.76662021168406e-05,0,0,0.000175043213793405,0,0,1.89530685920578e-06,7.63358778625954e-07
0,0,0,8.66359686551065e-06,0,8.29714854661615e-05,1.57498804440894e-05,4.37665492264262e-05,0,0,0,0,0,0,0,0,0,0,0,0.000387652427462646,4.22911662211997e-06,0,0,0,0,0,0,0,1.1132882080513e-05,0,0,0,0,0,0,0,0,0,0,0,0,1.54807148994141e-05,0,0,0.000201511335012594,0,0,0,0.00016530747189773,0.000210408191892271,0,0,0,0,0,0,0,0,0,0,5.69174639854747e-06,0,6.47295276686366e-06,0,0,0,0,0,0,0,0,0,0,1.97950225415819e-05,0,0,0,0,0,0,0,0,0,0,0,0,1.58105266486427e-05,0,0,0,0,0,0,3.076232107865e-06,9.67202174270488e-06,2.01178908403243e-05,0,0.00038815910437394,0,0,0,0.000220444154147616,0,0,0,1.43423666339183e-05,0,0,0,0,0,0,0,0,1.385148986625e-06,0,0,0,0,0,0,0.000661084178052005,0,0,0,3.35979733702463e-06,0,0,0,2.20266743025804e-05,1.12384805574286e-05,0,0,0,0,0,0,0,0,0,0,0,0,0,0,0,0,0,0,0,0,0,0,0,0,0,0,0,0,0,0,0,0,0,0,0,0,0,0,0,0,0,0,0,0,0,0,0,0,0,0,0,0,0.000208811860513677,0,5.08957654723127e-05,0.000262881177707676,3.96384969081972e-05,2.54039223656132e-05,0,0,0,0,0,0,0,0,0,0,0,0,0,0,0,2.10349179638199e-05,0,2.08685490097873e-05,0,0,0.00178697312982606,0,8.55937208446388e-06,0,0,0,0,0,0,0,0,0,0,0,0,0.000170881749829118,0,0,0,0,0,7.00471417263819e-06,0,0,0.000275482093663912,0,0,0,0,2.09762339269608e-05,0,0,0,0,0,0,0,0,0,0,0,0,0,0,0,0,0.000115366866635902,0,0,0,0,0,0,2.65380103922849e-06,0,7.45156482861401e-05,0,0,0,3.42800531797892e-06,0,6.60472898595394e-05,0,0,0,0,0,0,0,9.13876297704343e-06,0,0,0,0,0,0,0,0,0,0,0,0,0,0,0,0,0,0,0,0,0,0,0,0,0,0,0,0,0,0,0,0,0,0,0,0,0,0,0,0,0,0,0,0,0,0,0.000168804861580014,5.60962611841921e-05,1.07308802541072e-05,0,0,0.000304834313584852,0,9.68879587644847e-06,0,0,0,0,0,0,0,0,9.73881879258125e-06,4.0126800690181e-06,0,2.04561726500972e-05,0,0,3.10117586251454e-05,0,0,0,0,0,0,0,2.12089077412513e-05,0.000130327121073895,0,0,0,0,0,0,0,0,0,0,0,0.000665462496435022,0,0,0,0,9.72289742343218e-05,0,0,5.92880688690208e-06,0,0,0,0,0,1.36521566994546e-05,0,0,0,0,0,0,0,0,0,0,0,3.6607464261963e-05,0,4.17367496254127e-06,0,0,0,0,0,1.60080680663054e-05,0,0,0,0,0,0,1.66184730946921e-05,0,2.38397207891901e-06,0,0,0,0,0,0,0,0,0,0,4.37171847881684e-06,0,5.94078228221092e-06,0,1.41622498150056e-05,0,0,0,0,0,0.000914113568549894,0,0,0,0,0,0,0,0,0,0,0,0,0,0,0,0.000682011935208866,0,0,0,0,0,0,0,5.36826283014816e-05,0,0,0,0,0,0,0,1.26778062324095e-05,0,0,0,0,0,0,0,0,0,0,0,0.000234288057166286,0,1.74258529955041e-05,0,0,0,0,0,0,0,0,0,0,0,0,0,0,0,0,0,0,1.10308311731289e-05,0,0,0,0,0,0,0,0,0,2.15933751525032e-05,0,0,0,0,2.73374922771584e-06,0,0,6.75603174540093e-05,2.24294705299187e-06,0,0,0,0,0,0,0,1.43211078809057e-05,0.000536576641030227,0,0,0,0,0.000155400155400155,0,0,0,0,0,0,0,0,0,0,0,0,0,0,0,0,1.13737176133391e-05,0,0,0.000193180720564088,0,0,0,0,0,0,0,0,1.15390562436679e-05,0,1.67302415846885e-05,0,0,5.67730214602021e-05,0,0,0,0,5.4202500542025e-05,0,0,0,0,0,2.44176393026322e-05,0,0,2.35913599003501e-06,0,0,0,0,0.000786013088442664,0,0.0015350227560391,0,0,0,0,0,0,0,0,0,0.000164249462083012,1.45013493505571e-06,0,7.69095543640679e-05,0,0,0,0,0,0,0,0,0,0,0,0,0,0,0,0,0,0,0,0,0,0,0,0,0,0,0,0,0,0,0,0,0,0,0,0,0,0,0,7.65081672468536e-06,0,0,0.976816452597085,0,0,0,1.91662673694298e-07,0,0,0
0,0,0,8.66359686551065e-06,0,8.29714854661615e-05,4.2954219392971e-06,7.29442487107104e-06,0,0,0,0,0,0,0,0,0,0,0,8.42722668397057e-06,4.22911662211997e-06,0,0,0,0,0,0,0,1.1132882080513e-05,0.000201355795690986,0,0,0,0,0,0,0,0,0,0,0,0,0,0,0,0,0,0,0,0,0,0,0,0,0,0,0,0,0,0,5.69174639854747e-06,0,6.47295276686366e-06,0,0,0,0,0,0,0,0,0,0,2.47437781769774e-06,0,0,0,0,0,0,0,0,0,0,0,0,3.16210532972853e-05,0,0,0,0,0,0,3.076232107865e-06,0,0,0,0,1.90522157726944e-05,0,0,0,0,0,0,0,0,3.66260117935758e-05,0,0,0,0,0,0,0.00018560996420775,0,0,0,0,0,0,0,0,0,3.92958189248664e-05,1.00793920110739e-05,0,0,0,0.00400885472306964,0.000258485052820859,0,0,0,0,0,0,0,0,0,0,0,0,0,0,0,0,0,0,0,0,0,0,0,0,0,0,0,0,0,0,0,0,0,0,0,0,0,0,0,0,0,0,8.4868930545389e-05,0,0,0,0,0,0,0,0,0,0,0,0,0,0,0,0,0,0,0,0,0,0,0,0,0,0,0,0,0,0,4.20698359276399e-06,0,0,0,1.7028232809999e-05,0,0,0.000141229639393654,0,0,0,0,0,0,0,0,0,0,0,0,0,0,1.99642639674982e-05,0,0,0,0,0,0,0,0,0,0,0,0,0,0,0,0,0,0,0,0,0,0,0,0,0,0,0,0,0,0,0,0,0,0,0,2.65380103922849e-06,0,7.45156482861401e-05,0,0,0,6.69277228748265e-06,0,0,1.42188248709997e-06,0,0,0,9.35716290820623e-05,0,0,0,1.24125689673363e-05,0,0,0,4.64101731099457e-05,0,4.92618926419153e-05,0,6.76223965377333e-05,0,0,0,0,0,0,0,1.12731945978851e-05,0,0,0,0,0,0,0,0,0,0,0,0,0,0,0,0,0,0,0,0,0,0,0,0,0,0,0,0,0,0,0,0,0,0,0,0,9.68879587644847e-06,0,0,0,0,0,2.4822518989227e-05,0,0,4.17377948253482e-06,4.0126800690181e-06,0,0,0,0,0,0,0.00165140369313917,0,0,0,0,0,0,0,0,0,0,0,0,0,0,0,0,0,0,0,0,0,0,0,0,0,0,5.92880688690208e-06,0,0,0,0,0,0,0,0,0,0,0,0,0,0,0,0,0,6.1012440436605e-06,0,0,0,0,0,0,0,0,0,0,0,0,0,0,0,0,2.38397207891901e-06,0,0,0,0,0,0,0,0,0,0,0,0,1.78223468466328e-05,0,7.08112490750281e-06,0,0,0,0,0,0,9.82163903512218e-06,0,0,0,0,0,0,0,0,0,0,0,0,0,0,0,0,0,0,0,0,0,0,0,0,0,0,0,0,0,0,0,0,0,0,0,0,0,0,0,0,0,0,0,0,1.74258529955041e-05,0,0,0,0,0,0,0,0,0,0,0,0,0,0,0,0,0,0,0,0,0,3.12052399838981e-06,0,0,0,0,0,0.00499848530748258,4.98308657365459e-06,0,0,0,0,0,0,0,0,1.34576823179512e-05,0,0,0,0,0,0,0,0,0,0,0,0,0,0,0,0,0,1.07868756084472e-05,0,0,0,0,0,0.000233385845148492,0,0,0,4.98843929194093e-06,0,0,0,0,0,0,0,0,0,0,0,0,0,0,2.30781124873359e-06,0,0,0,0,0,0,0,0,0,0,0,0,0,0,0,0,0,0,2.35913599003501e-06,0,0,0,0,0,0,0,0,0,0,0,0,0,0,0.000519345624513113,0,0,1.52264168180849e-05,0,0,0,0,0.00052443885043004,0,0,0,0,0,0,0,0,0,0,0.00779277796070684,0,0,9.20301859009755e-05,0,0,0,0,3.96852168598675e-06,0,0,1.91982798341269e-05,0,0,0,0,0,0,0,0,0,0,0,0,0,0,0,0,0,0,0.989813382483626,0,0,9.5831336847149e-08,3.64520048602673e-07,0,0
0,0,0,0,0,0,0,0,0,0,0,0,0,0,0,0,0,0,0,0,0,0,0,0,0,0,0,0,0,0,0,0,0,0,0,0,0,0,0,0,0,0,0,0,0,0,0,0,0,0,0,0,0,0,0,0,0,0,0,0,0,0,0,0,0,0,0,0,0,0,0,0,0,0,0,0,0,0,0,0,0,0,0,0,0,0,0,0,0,0,0,0,0,3.076232107865e-06,0,0,0,0,0,0,0,0,0,0,0,0,0,0,0,0,0,0,0,0,0,0,0,0,0,0,0,0,0,0,0,0,0,0,0,0,0,0,0,0,0,0,0,0,0,0,0,0,0,0,0,0,0,0,7.00549931696382e-05,0,0,0,0,0,0,0,0,0,0,0,0,0,0,0,0,0,0,0,0,0,0,0,0,0,0,0,0,0,0,0,0,0,5.73526038082129e-05,0,0,0.000152687296416938,0,0,0,0,0,0,3.65328832482117e-06,0,0,0,0,0.000265787795024452,0,0,0,0,0,0,0,0,0,0,0,0,0,0,0,1.46447191142874e-05,0,0,0,0,0,0,0,0,0,0,0,0.00110081318135009,0,0,0,0,0,0,0,0,0,0,0,0,0,0,0,0,0,0,0,0,0,0,0,0,0,0,0,0,0,0,0,0,0,0,0,0,0,0,0,0,0,0,0,0,0,0,0,0,0,0,0,0,0,0,0,0,0.000159489633173844,0,0,0,0,0,0,0,0,0,0,0,0,0,0,0,0,3.18025696476275e-05,0,3.03665239440041e-05,0,0,0,0,0,0,0,0,0,0.000580870014199045,0,0,0,0,0,0,0,0,0,0,0,0,0,0,0,0,0,0,0,0,0,0,0,0,0,0,0,0,0,0,0,0,0,0,0,0,0,0,0,0,0,0,0,0,0,0,0,0,0,0,0,0,0,0,0,0,0,0,0,0,0,0,0,0,0,0,0,0,0,0,0,0,0,0,0,0,0,0,0,0,0,0,0,0,0,0,0,0,0,0,0,0,0,0,0,0,0,0,0,0,0,0,0,0,0,0,0,0,0,0,0,0,0,0,0,0,0.000179115171054988,0,0,0,0,0,0,0,0,0,0,0,0,0,0,0,0,0,0,0,0,0,0,0,0,0,0,0,0,0,0,0,0,0,0,0,0,5.05586733404116e-05,0,0,0,0,0,0,0,0,0,0,0,0,0,0,0,0,0,0,0,0,0,0,0,0,0,0,0,0,0,0,0,0,0,0,0,0,0,0,0,0,0,8.30514428942431e-07,0,0,0,0,0,0,0,0,0,0,0,0,0,0,0,0,0,0,0,0,0,0,0,0,0,0,0,0,0,0,0,0,0,0,0,0,0,0,0,0,0,0,0,0,0,0,0,0,0,0,0,0,0,0,0,0,0,0,0,0,0,0,0,0,0,0,0,0,0,0,0,0,0,0,0,0,0,0,0,0,0,0,0,0,0,0,0,0,0,0,0,0,0,0,0,0,0,0,0,0,0,0,0,0,0,0,0,0,0,0,0,0,0,0,0,0,0,0,3.24075574423956e-05,0,0.000111944475540132,0,0,0,0,0,0,0,0,0,0,0,0,0,0,0.992284912718205,0,0,0,0,0
0,0,0,0,0,2.76571618220538e-05,0,0,0,0,0,0,0,0,0,0,0,0,0,0,0,0,0,0,0,0,0,0,0,0,0,0,7.44956643523347e-06,0,0,0,0,0,0,0,0,0,0,0,0,0,0,0.000740566196519339,0,0,0,0,0,0,0,0,0,0,0,0.000266666666666667,0,0.00276419306825431,0,0,0,0,0,0,0,0,0,0,0,0,0,0,0,0,0,0,0,0,0.000159846547314578,0,4.23599579789217e-06,0,0,0,0,0,0,0,0,0,0,0,0,0,0,0,0,0,0,0,0,0,0,0,0,0,0,0,0,0,0,0,0,0,0,0.000185082361650935,0,0,0,0,0,0,0.000768344218209758,0,0,0,0,0,0,0,0,0,0.014336917562724,0,0,0,0,0,0,0,0,0,0,0,0,0,0,0,0,0,0,0,3.05231670838166e-05,0,0,0,0,0,0,0,0,0,0,0,0,0,0,0,0,0,0,0,0,0,0,2.85160260066157e-05,0,0,0,0,0,0,0,0,0,0,0,0,0,0,0,0,0,0,0,0,0,0,0,0,0,2.68716074595582e-05,0,0.000301295570955107,0,1.63942488974868e-05,0,0,0,0,0,0,0,0,0,0,0,0,0,0,0,0,0,0,0,0,0,0,0,0,0,0,0,0,4.19524678539215e-05,0,0,0,0,0,0,0,0,0,0,0,0,0.000491642084562439,0,0,0.000411776816965205,0,0,4.60478395190931e-05,0,0,0,0,0,0,0,0,0,0,2.4485752271278e-07,0,0,1.42188248709997e-06,0.000967562699978924,0,0,0,0,0,0,0,0,0,0,0,0,0,0,0,0,0,4.01364639775236e-05,0,0,0,0,0,0,0,0,0,0,0,0,0,0,0,4.32002764817695e-05,0,0.000318369945877109,0,0.000302331733494577,0,0,0,0,0,0.00299957148978717,0,0,0,0,0,0,0,0,0,0,0,0,0,0,0,0,0,0,0,6.6554854511088e-06,0,0,3.89574973703689e-05,0.00154764536811851,0,0,0,0,0,0,0,0,0,0,0,0,0,0,0,0,0,0,0,0,0,0,0,0,0,0,0,0,0,0,0.000245128079421498,0,0,0,0,0,0,0,0,0.000116822429906542,0,0,0,0,0,0,0,0,4.52488687782805e-05,0,0,0,0,0,0,0,0,0,0,0,0,0,0,0,0,8.8073135932078e-06,0,0,0,0,0,0,0,0,0,0,0,0,0,0,0,4.37171847881684e-05,0,0,0,0,0,0,0.000482392667631452,0,0,0,0,0,0,0,0,0,0,0.000373692077727952,0,0,3.68663594470046e-05,0,0,0,0,0,0,0,0,0,0,0,0,0,0,0,0,0,0,0,0,0,0,0,0,0,0,0,0,0,0,0,0,0,0,0,0,0,0,0,0,0,0,0,0,0,0,0,0,0,0,0,0,0,2.20616623462578e-05,0,0,0,0,0,0,0,0.000201409869083585,0,0,0,0,0,5.47675119119338e-05,0,0,0,0,0,0,0,9.12075884713608e-05,0,0,0,0,0,0,0,0,0,0,0,0,0,0,0,0,0,0,0,0,0,0,0,0,0,0,0,0,0,0,0,0,0,0,0,0,0,0,0,0,0,0,0.00981502453756134,0,0,0,0,0,0,0,0,0,0,0,0,0,0.000107169649555246,0,0,0,0,0,0,0,0,0,0,0,0,0,0,3.04766548823601e-05,0,0,0,0,0,0,2.19741583897337e-05,0,0,0,0,0,0,0,0,0,0,0,4.78973081712808e-05,0,0,0,0,0,0,0,2.25275963054742e-05,0,0,0,0,0,0,0,0,0,0,0,0,0,0,0,0,0,0,0,0,0,0.000405022276225192,0,0,0,0.992888869439643,0,0,4.51263537906137e-07,3.81679389312977e-07
8.21827744904668e-05,0,0,2.16589921637766e-05,0,0.000304228780042592,7.15903656549516e-06,1.45888497421421e-05,0,0,0,0,0,0,0,3.03324435816549e-05,1.96672304606065e-05,0,0,1.68544533679411e-05,8.45823324423994e-06,0.00150375939849624,3.28304798174625e-05,0,0.00107981643120669,0,0,1.8379650051463e-05,0,0,0.000145053669857847,0,5.95965314818678e-05,0,0,0,8.75886835420864e-05,0,0,0.000289771080846132,0.000133017048351697,5.41825021479492e-05,0,0,0,0,0,0,0,0,0,0,0,0.000246609124537608,0,0,0,0,0,0,1.13834927970949e-05,0,4.53106693680456e-05,0,0.00903501737503341,0,0.000114311842706904,6.55222120298781e-05,0,0,0.00638226402418542,0,0,7.42313345309322e-06,3.90619913803206e-05,0,0,8.61808936958676e-05,0,0.00204005934718101,0,5.76003686423593e-05,0,0,0,5.34283170080143e-05,1.58105266486427e-05,0,0,0,0,7.88410367596334e-05,0,1.5381160539325e-05,6.77041521989341e-05,0,7.32225232481511e-05,0,3.49290622499397e-05,2.46180105365085e-05,0,0,0,0,0.000143410296859315,0,4.98690936292233e-05,0.000109878035380727,0.00223588596981554,0,0,1.21598287896106e-05,0,0.000122579063495955,4.8480214531875e-05,0,0,0.000173949345950459,4.2467838779017e-05,0,0.00409252669039146,0,0,0,3.92958189248664e-05,6.71959467404926e-06,0,0,0,0.000110133371512902,0,0.00254895145406094,2.96577495699626e-05,0,3.88284172242859e-05,0.000108064298257463,0,0.0195317238869344,8.15394651011089e-05,0,0,0,0.000582389982892294,0.000214500214500215,0,0,0,0,0,5.82648721086057e-05,0,0,0,0,8.11095790412848e-05,0,0,0,0,0,0,0,0.000575073890307999,0,0.00022929644208354,0,0,0,0,3.98612827360784e-05,0,0.00018957345971564,0,0,0.000216520515318826,0,0,2.11535003754746e-05,0,0,0,0.000424508277911419,0,0,0,0.000101791530944625,0,0,2.54039223656132e-05,0,0,5.07572988995818e-06,0,6.90455148033584e-06,0,7.70891150169596e-05,0,0,0.000237347549842985,0,0,0,0,0,0,2.68716074595582e-05,6.2605647029362e-05,0,1.7028232809999e-05,0,3.76789751318764e-05,1.71187441689278e-05,0.00153869826127096,0,0,0,0.001585414189457,0,0,0,0.0114331723027375,0.00262345679012346,0.000256607646907878,0.0100597893138464,0,0,0.000169696243723735,0,7.55306024824391e-05,0,0.000490329992084673,2.7680894646515e-05,0,0.000275482093663912,8.08812824536146e-06,0,2.12143069285926e-05,0,0,0,0.000385621815176973,0,1.74895499938787e-05,0.000239097169089518,6.8203519301596e-05,0.000945626477541371,0,0,0.00579150579150579,0.000417697259578371,0,0,5.97228858098423e-05,0,0,0,0,1.25585016870254e-05,0,0,0.000145513809260499,0,2.65380103922849e-06,0.000859660434128519,0,0,0,0,1.67319307187066e-05,0,2.20157632865131e-05,0.000119438128916398,0,0.000382233774176286,0,0,0.000133138064172547,0,4.56938148852171e-05,1.86188534510045e-05,0,0,0,0,0,8.21031544031922e-06,9.89119683481701e-05,0,0,0,0,7.1301247771836e-05,0,0,0,5.63659729894257e-05,0,0,0,6.36051392952551e-05,0,0,0,0,0.00132659438006381,0,0,0,0,0,0,0,0,2.40471323794638e-05,0,0,0,0,0.0111246943765281,0.000314758254806576,0,0.00293642636910879,0,0,0,0,0,0.000364849928639646,0,0,0,0,2.42219896911212e-05,0.000145153681460246,0.000394555139080687,0,6.6554854511088e-06,0,0.000182031805920998,0,0,2.36514170676973e-05,8.02536013803619e-06,0.000530785562632696,0.000122737035900583,0.00268633131419542,0,1.03372528750485e-05,0.00262682646527664,0,0,0.000613496932515337,0,0,7.15336009219886e-05,0,0,0.000103434009102193,0.000540248514316586,0.000490138872680593,7.70208341356337e-05,0,0.000117009895694036,0,0,0,0,0.000136855070480361,0,0,0,0,0,0,0,0.000444763762017175,0.00160670666635046,6.7598017124831e-05,9.62788234727772e-05,0,0,8.41042893187553e-05,0,0,0,0,0,0,0,0,0,0,0,0,0,0,3.33893997003301e-05,0,0,0,0,0,2.40121020994581e-05,0,0,0.000182826497653727,0,0,0,3.32369461893841e-05,4.66113545259625e-05,1.19198603945951e-05,0,0,0,0,0,0,0.000270416441319632,0,0,2.43593491181916e-05,8.74343695763368e-06,0.00153488372093023,1.78223468466328e-05,0.000160391354905971,4.60273118987682e-05,0,0,0,0,0,1.72474258216961e-05,9.82163903512218e-06,0,0.0038117770767613,0,0.00592140678270232,0.000222074172773706,0,0,0.000141376060320452,0,0,9.48586605957124e-05,0.00468448608432075,1.66575050388953e-05,6.52656311186529e-05,0,0,0.00113464447806354,0,0,0,7.74233508826262e-05,0,0,0,0,0,0,0,0,0,0,0.000151676020021235,0,0,0,0.00114129194247889,0,0,0,0,0.000375276519540714,0,2.92860071457857e-05,0,0,0.000107968041459728,0,0,0,0,2.14192387602545e-05,0,0,0,0,0,9.08512764604343e-05,0,0,0,0.00193075415547652,9.79559851106903e-05,0.00134129984148275,0,0,0,1.24820959935592e-05,0,0,0,0,0.000201409869083585,0,7.47462986048188e-05,0.00015976993129893,0,0,0,0,6.35795273921797e-05,0.00173010380622837,1.98706816041204e-05,6.7288411589756e-06,0,0,0,0,0,0.000220555800617556,0,4.53501749562013e-05,0,5.23498540747818e-05,0.00424568355505236,1.44684298859888e-05,6.95732838589981e-05,0.000155400155400155,0,7.32198425773385e-05,0.000394996708360764,8.0901567063354e-06,0.000892657888864093,0,0.000935016362786349,0.00200766974960523,0,0,0,0,0,7.48265893791139e-06,0,0,5.68685880666955e-06,0,0,0,0,0,0,0,0,3.54400472533963e-05,5.14731618933888e-06,0,6.92343374620077e-06,0,0,0,0,0,0,0,0,5.69735642661805e-05,0,0.00051013901288101,0,0,0,0.000113340133741358,4.88352786052644e-05,0,5.29156524499947e-05,7.07740797010503e-06,0,0,0,0,5.88773849020722e-06,0,0,0,0,0,0.000804433321415803,0,9.14299646470803e-05,0,0,8.3108248493663e-05,8.21247310415058e-06,2.24770914933635e-05,0,1.09870791948668e-05,0,0,0.000209775540172016,0,0,0,0,0,0.00562851782363977,0,0,0,0,0.00016463615409944,0.000207973379407436,0.0068931560807484,3.06767286336585e-05,0.000224014336917563,0,0,0,2.38111301159205e-05,0,0,0.00061434495469206,0,0,0,0.000388048117966628,0.000111944475540132,5.71363272768826e-05,0,0,0,0,1.57711293705742e-05,0,0.00168269230769231,0,1.53016334493707e-05,0,0,0,3.29131422176875e-05,0,0,0.999774556780067,6.07533414337789e-08,0,0
0,0,0,0,0.000130565347956652,0.000497828912796969,1.43180731309903e-06,0,0,0,0,0,0,0,0,0,0,0,0,0,0,0,1.64152399087313e-05,0,0,0,0,0,1.1132882080513e-05,0.000234915094972817,0,0,0,0,0,0,0,0,0,0,0,0,0,0,0,0,0,0,0,0,0,0,0,0,0,0,0,0,0,0,1.13834927970949e-05,0,0,0,0,0,0,0,0,0,0,0,0,0,0,0,0,0,0,0,0.00121506682867558,0,0,0,0,0,0,0,0,0,0,0,0,3.076232107865e-06,0,0,7.32225232481511e-05,0,3.17536929544906e-05,0,0,0,0,0,0,0,0,0,0,0,0,0.000206717089423381,0,0,1.1081191893e-05,0,0,0,0,0,0,0,0,0,0,0,0,0,0,0.00049560017180806,0,0,0,0,0,0,0,0,0,0.00144682903303593,0,0,0,0,0,0,0,0,3.50274965848191e-05,0,0,0,0,0.00100502512562814,0,0,0,0,0,0,0,0,0,0,0,0,0,0,0,0,0,0,0,5.30430815908681e-05,0,0,0,0,0,0,0,0,0,0,0,0.000101791530944625,0,0,0,0,0,0,0,0,0,0,0,0,1.82575038340758e-05,0,0,0,0,0,0,0,0,0,0,0,0,2.13984302111597e-05,0,0,0,0,0,0,0,0,0,0,0,0,0,0,0,0,0,0,0,0,0,0.0012396694214876,0,0,0,0,0,0,0,0,0,0,0,0,0,0,0,0,0.000158679784195493,0,0,0,0,0,0,0,0.00128667009778693,0,0,0,0,0,0.00394932935916542,0,0,0,3.91772036340448e-06,0,0,1.42188248709997e-06,0,0,0,9.35716290820623e-05,0,0,0,0,0,0,0,0.00097461363530886,0,0.000303781671291811,0,0,0,0,0,0,0,0,0,0.000236737086555588,0,0,0,0,0,0,0,0,1.09635899178827e-05,0,0,0,0,0,0,0,0,1.20235661897319e-05,0,0,0,0,0,0,0,0,0,0,5.58784085829236e-05,0,0,0,0,0,0,0,0,0,0,0,0,0,8.27417299640901e-06,0,0,1.39125982751161e-06,4.0126800690181e-06,0,2.04561726500972e-05,0,0,5.16862643752423e-06,0,0.000150127608467197,0,0,0,0,0,0,0,0,0,0,0,0,0,0,0,0,0,0,0,0.000194628260023355,0,0.000122564039710749,0,0,0,0,0,0,0,0,0,0,0,0,0,0,0,0,0,0,0,0,0,0,0,0,0,0,0,0,0,0,8.00403403315271e-06,0,0,0,0,0,0,0,0,2.38397207891901e-06,0,0,0,0,0,0,0,0,0,0,0,0,7.12893873865311e-05,0,0,0,0,0,0,0,0,0,0,0,0,0,0,0,0,0,0,0,0,0,0,0,0,0,0,0,0,0,0,0,0,0,0.00130694548170276,0,0,0,0,0,0,0.000151676020021235,0,0,0,0,0,0,0,0,0,0,0,0,5.22775589865124e-05,0,0,0,0,0,0,0,0.000240045608665646,0,0,0,0,0,0,0,0,0,0,0,0,0,3.12052399838981e-06,0,0,0,0,0,0.000151469251741896,5.81360100259702e-06,0,0,0,0,5.46749845543169e-06,2.11931757973932e-05,0,0,0,0,0,0,0,0,0,0,0,0,0,0,0,0,0,0,0,0,0,0,0,0.000467508181393174,0,0,0,0,0,0,7.48265893791139e-06,0,0,0,0,0,0,0,0,0,0,0,0,0,0,6.92343374620077e-06,0,0,0,0,0,0,0,0,0,0,0,0,0,0,0,0,0,0,0,0,0,0,0,1.4719346225518e-06,0,0,0,0,0,0,0,0,0,0,0,0,5.07547227269497e-06,0,3.29612375846005e-05,0,0,0.000314663310258024,0,0,0,0,0,0,0,0,0,0,0,0,0,0,0,0,0,0,0,0,0,0,0,0,0,0,0.000111944475540132,0,0,0,0,0,0,0,0,0,0,0,0,0,4.93697133265313e-05,0,0,1.43747005270724e-07,0.999962818955043,0,0
0.000164365548980934,0,0.000267183220893728,0,0.00456978717848283,2.76571618220538e-05,0,3.64721243553552e-06,0,0,0.000267809319764328,0.00490054770827328,0.00144613159797542,0,0,0,0,0,0,0,0,0,0,0,0,0,0,0,0,0,0,0,0,0,0,0,0,0,0,0,0,7.74035744970703e-06,6.00853211560416e-05,0,0,0,0.00209205020920502,0.000100986299525364,0,0,0.000220215811495265,0,0,0,0,0,0,0,0,0.000133333333333333,0,0,0,0,0,0,0,0,0,0,0,0,0,2.47437781769774e-06,0,0,0,0,0,0,0,0,0.000639386189258312,0,0,0,0,0,4.83161810890467e-05,0,0.00449101796407186,0,4.76054460630296e-05,0,0,0,0,0,0,0,0,0,0,0,0,0,0,0,0,0,0,0,0,0,1.385148986625e-06,0.00114876507754164,0,0,0,0,0,0,0,0,0,0,0,0,0,0,0,0,0,0,0,2.70160745643658e-05,0,0,0,0,0,0,0,0,0,0.00222752585521082,0,0,7.00549931696382e-05,5.82648721086057e-05,0,0,0,0,0,0,0,0,0,0.000134201167550158,0,0,0,0,0,0,0,0,0,0,0,0,0,0,0,0,0,0,0.000545553737043099,0,0,0,0,0,0,0,0,3.96384969081972e-05,2.54039223656132e-05,0.000164609053497942,0,1.01514597799164e-05,0,0,0,0,0,0,1.82575038340758e-05,0,0,0,0,0,0,0,0,0,0,0,0,0,0,0,0.000174703004891684,0.000387630286846412,0,0,0,0,0,0,0,0,0.000170881749829118,0,0,0.000320136591612421,0,0,7.00471417263819e-06,0,0,0,8.08812824536146e-06,0,0,0,0.000293667274977451,0,0,0,0,0,0,0,0,0,0,0,0,0,0,5.69605832763727e-05,0.00247066090179123,0,0,4.18616722900846e-05,0,0,0,0,5.30760207845697e-06,0,0,0,0,0,4.8971504542556e-07,0,0,0,0.000191596574253252,0,3.74728321966574e-05,0,0,0,0,6.20628448366816e-06,0,0,0,0,0,0,0,0,0,4.93559054340852e-05,4.01364639775236e-05,0,0,0.000274876305662452,0,0,0,0,0,0,0,0,0.000288621112634389,0,0,0,0.000950406082598929,0,0.00445717924227953,0.000724112961622013,7.55829333736442e-05,0,1.74956698217191e-05,0,0,0,0.000499928581631196,0,0,0,0,0,0,0,0,0,0,0,0,0,0,0,0,0,0,0,0,0,0,0,0.000221092195445501,1.39125982751161e-06,0,0,0,0,0,0,0,0,0,0,0,0,0,0,0,0,0,0,0,0,3.34313987697245e-05,0,0.000200380723374411,0,0,0,0,0,0,0.00183846059566123,0,0,0,0,0,0,0,0,0,0,6.8260783497273e-06,0,0.00180843103018209,0,4.95123038074962e-05,0,0,2.26244343891403e-05,7.41886936430888e-05,5.00375281461096e-05,0,0,1.83037321309815e-05,0,0,0,0,0,0,0,0,0,0,0,0.00217540645752233,0,1.46130465279401e-05,0,0,0,0,0,0.00600961538461538,0.000435935626839103,0,0,0,0,0,0,9.61778065339704e-05,4.65116279069767e-05,0,0,0,0,0,0.00289435600578871,0,0,5.74914194056537e-06,0,0.000108225108225108,0,0,0,0,4.54256382302171e-05,0.00485799701046338,0,0,0.000184331797235023,0,0,1.66575050388953e-05,0,0,0,0,0,0,0,0,0,0,0,0,0,0,0.00115030674846626,0,0,0,0,0,0,0,0.000228258388495777,0,2.47328848436882e-05,0,0,0,0.000902876305946085,2.92860071457857e-05,0,0,0,0,0.000204708290685773,0,0,0,0,0,0,0,0,0,0.000471586889884461,0.000646621403168445,0,0,0,0,4.41233246925156e-05,0,0,0,0,0.000321440051430408,0,0.00105617532510397,0,0,2.49154328682729e-06,0,0.00150489089541008,0,0.00109535023823868,2.73374922771584e-06,0,0,0,0,0,0,0,0,0,0,0,4.77370262696856e-06,4.47147200858523e-05,0,0,0,0,0.000310800310800311,0,0,0,0,0,0,0,0,0,0,0,0,0,2.49421964597046e-06,0,0,0,0,0,0,0,0,0,0,0,0,0,0,0,0,0,0,0,0,0.000640888698995941,0,0,0,0,0,0,0,0,0,2.44176393026322e-05,0.00160754474332869,0,0,0,0,0,0,2.94386924510361e-06,0,0,0,0,0,0,0,3.04766548823601e-05,0,0,0,8.21247310415058e-06,7.25067467527853e-07,0,0,0,0,0,0,0,0,0,0,0,0,0,4.78973081712808e-05,0,0,0,0,0,0,0,0,0,0,0,0,0,0,0.00194047878343861,0,0,0,5.71363272768826e-05,0,0,0,0,0,0,0,0,0,0.00153003704300209,0.000675037127041987,0,0,0,0,0,0,0.999903519855596,2.67175572519084e-06
0,0,0,0,0,0,0,0,0,0,0,0,0,0,0,0,0,0,7.63009308713566e-05,0,0,0,0,0,0,0.000322684737011939,0,0,0,0,0,0,0,0,0,0.000250563768479078,0,0,0,0,0,0,0.000240341284624166,0,0,0,0,0,0,0,0,0,0,0,0,0,0,0,0,0,0,0,0,0,0,0,0,0,0,0.000124470998257406,0,0,0,0,0,0,0,0,0,0,0,0,0,0,0,0,0,0,0,0,0,0,0.00547462629724841,0,0,0,0,0,0,0,0,0,0,0,0,0,0,0,0,0,0,0,0.00285225328009127,0,0,0,0,0,0,0,0,0,0,0,0,0,0,0,0,0,0,0,0,0,0,0,0,0,0,0,0,0,0,0,0,0,0,0,0,0,0,0,0,0,0,0,0,0,0,0,0,0,0,0.00134228187919463,0,0,0,0,0,0,4.77258626449673e-05,0,0,0,0,0,0,0,0,8.55480780198471e-05,9.67164756516273e-05,0,0,0,0,0,0,0,0,0,0,4.06058391196654e-05,0,0,0.000680503572643756,0,0,0,0,0.000521376433785193,0.000987491770901909,0,0,0,0,0,0,0,0,0,0,0,0,0,0,0,0,0,0.000480595938964316,0,0,0,0,0,0,0,0,0.00010671219720414,0,0,0,0,0,0,1.61762564907229e-05,0.000432152117545376,0,0.00011877895236964,0,0,0,0,0,0,0,0.00141843971631206,0,0,0,0,0,0,0,0,0,0,0.000503905265810028,1.25585016870254e-05,0,0,0,0,5.30760207845697e-06,0,0,0,0,0,0,0,0,1.42188248709997e-06,2.87394861379879e-05,0,0.000749456643933148,0,0,0,0,0,9.10774461884089e-05,0,0,0,0,0,0,0,3.77643504531722e-05,0.000148067716302256,0.000160545855910094,0,0,0,0,0,0,0,0,0,0.000863557858376511,0,0,0,0,0,0.000302401935372386,0,0,0,0.000113374400060466,0,0.000927270500551114,0,0,0,0.000142836737608913,0,0,2.17074658487294e-06,0.000430205486385262,0,0.00624490904154222,0,0,0,0,0,0,0,0,4.59833540258426e-05,0,0,0,0,6.6554854511088e-06,0,0,0.000116872492111107,0,0,0,0,0,0,0,0,0,0,0,0,0,0,0,0,0,0,0,0,7.70208341356337e-05,0,5.01470981545868e-05,0,0.000100190361687206,0,0.000344411916652316,0,0,0,0,0,0,0,0,0,0,0,0,0,0,0,0,0,0,0,0,0.000244857982370225,0,0.00305429864253394,0,0,0,0.000128224307054474,0,0,0,0.000270855904658722,0,0.000169124611013395,0,0,0,0,0.000649712270280304,0,0,0,2.92260930558803e-05,0,0,0,0,0,0,3.63279689032586e-05,0,0,0,0,0,0,8.30626510975199e-05,0,0,0,0,0,0,0,0.000475059382422803,0,0,0,0,0,0,0,0,0,0,0,0,0,0,0,0,0,0,0,0,0,0,0,0,0,0,0,0,0.000685635927322592,0.000170852554245686,0,0,0,0,0,0,0,0,0,0.000320615581917281,0,0,0,0,0,0,0,0,0,0,0,0,0,0,0,0,0,0,0,0,0,0,0,0,0,0,0,0,0,0,0,0,0,0,0,0,2.49154328682729e-06,0,0,0,5.47675119119338e-05,0,0,0,0,0,0,0,9.12075884713608e-05,0,0,0,0,0,0,0,0,1.44684298859888e-05,0,0,0,0,0,0,0,0,0,0,0.00183448838157358,0,0,0,0.000668747213553277,0,0,0,0,0,0,0,0,0,0,0,0,0,0,0,0,0,0,0,0,0,0,0,0,0,0,0,0,8.7123192193762e-05,0,0,0,0,0,0,0,0,0,0,0,0,0,0,0,0,0,0,0,0,0,0,0,0,0,1.09870791948668e-05,0,0,0,0,0,0,0,0,0,0,0,4.78973081712808e-05,0,0,0,0,0,0,0,0,0.00603557814485388,0,0.000510725229826353,0,0,0,0,0,0,0,0,0,0,0,0,0,0,0,0,0,0,4.50024751361325e-05,3.76662021168406e-05,0,0,0,0,0,0,0.999724427480916
