Casos Confirmados;Data;DRS;Negativo;Negativo Acc;Número de registros;Obitos Confirmados;Pop Drs;Positivo;Positivo Acc;Positivo Por 1M;Positivo Por Casos;Positivo Por Testes;Teste Por 1M;Teste Por Casos;Total;Total Acc
0;2020-02-05;Grande São Paulo;9;9;1;0;21734682;2;2;0,092;;0,1818;0,5061;;11;11
0;2020-02-06;Grande São Paulo;3;12;1;0;21734682;0;2;0,092;;0,1429;0,6441;;3;14
0;2020-02-07;Grande São Paulo;5;17;1;0;21734682;2;4;0,184;;0,1905;0,9662;;7;21
0;2020-02-08;Grande São Paulo;5;22;1;0;21734682;2;6;0,2761;;0,2143;1,2883;;7;28
0;2020-02-09;Grande São Paulo;5;27;1;0;21734682;2;8;0,3681;;0,2286;1,6103;;7;35
0;2020-02-10;Grande São Paulo;0;27;1;0;21734682;2;10;0,4601;;0,2703;1,7023;;2;37
0;2020-02-11;Grande São Paulo;0;27;1;0;21734682;2;12;0,5521;;0,3077;1,7944;;2;39
0;2020-02-12;Grande São Paulo;2;29;1;0;21734682;3;15;0,6901;;0,3409;2,0244;;5;44
0;2020-02-13;Grande São Paulo;1;30;1;0;21734682;1;16;0,7362;;0,3478;2,1164;;2;46
0;2020-02-14;Grande São Paulo;3;33;1;0;21734682;3;19;0,8742;;0,3654;2,3925;;6;52
0;2020-02-15;Grande São Paulo;3;36;1;0;21734682;3;22;1,0122;;0,3793;2,6685;;6;58
0;2020-02-16;Grande São Paulo;3;39;1;0;21734682;3;25;1,1502;;0,3906;2,9446;;6;64
0;2020-02-17;Grande São Paulo;5;44;1;0;21734682;3;28;1,2883;;0,3889;3,3127;;8;72
0;2020-02-18;Grande São Paulo;3;47;1;0;21734682;0;28;1,2883;;0,3733;3,4507;;3;75
0;2020-02-19;Grande São Paulo;1;48;1;0;21734682;3;31;1,4263;;0,3924;3,6347;;4;79
0;2020-02-20;Grande São Paulo;2;50;1;0;21734682;1;32;1,4723;;0,3902;3,7728;;3;82
0;2020-02-21;Grande São Paulo;2;52;1;0;21734682;1;33;1,5183;;0,3882;3,9108;;3;85
0;2020-02-22;Grande São Paulo;2;54;1;0;21734682;1;34;1,5643;;0,3864;4,0488;;3;88
0;2020-02-23;Grande São Paulo;2;56;1;0;21734682;1;35;1,6103;;0,3846;4,1869;;3;91
0;2020-02-24;Grande São Paulo;1;57;1;0;21734682;0;35;1,6103;;0,3804;4,2329;;1;92
1;2020-02-25;Grande São Paulo;1;58;1;0;21734682;1;36;1,6563;36;0,383;4,3249;94;2;94
1;2020-02-26;Grande São Paulo;1;59;1;0;21734682;1;37;1,7023;37;0,3854;4,4169;96;2;96
1;2020-02-27;Grande São Paulo;4;63;1;0;21734682;1;38;1,7484;38;0,3762;4,647;101;5;101
2;2020-02-28;Grande São Paulo;16;79;1;0;21734682;22;60;2,7606;30;0,4317;6,3953;69,5;38;139
2;2020-02-29;Grande São Paulo;16;95;1;0;21734682;22;82;3,7728;41;0,4633;8,1437;88,5;38;177
2;2020-03-01;Grande São Paulo;16;111;1;0;21734682;22;104;4,785;52;0,4837;9,892;107,5;38;215
2;2020-03-02;Grande São Paulo;50;161;1;0;21734682;18;122;5,6131;61;0,4311;13,0207;141,5;68;283
2;2020-03-03;Grande São Paulo;25;186;1;0;21734682;4;126;5,7972;63;0,4038;14,3549;156;29;312
3;2020-03-04;Grande São Paulo;16;202;1;0;21734682;11;137;6,3033;45,6667;0,4041;15,5972;113;27;339
6;2020-03-05;Grande São Paulo;32;234;1;0;21734682;12;149;6,8554;24,8333;0,389;17,6216;63,8333;44;383
6;2020-03-06;Grande São Paulo;55;289;1;0;21734682;25;174;8,0056;29;0,3758;21,3024;77,1667;80;463
13;2020-03-07;Grande São Paulo;55;344;1;0;21734682;25;199;9,1559;15,3077;0,3665;24,9831;41,7692;80;543
16;2020-03-08;Grande São Paulo;0;344;1;0;21734682;1;200;9,2019;12,5;0,3676;25,0291;34;1;544
16;2020-03-09;Grande São Paulo;62;406;1;0;21734682;21;221;10,1681;13,8125;0,3525;28,8479;39,1875;83;627
19;2020-03-10;Grande São Paulo;49;455;1;0;21734682;19;240;11,0423;12,6316;0,3453;31,9765;36,5789;68;695
30;2020-03-11;Grande São Paulo;55;510;1;0;21734682;20;260;11,9624;8,6667;0,3377;35,4272;25,6667;75;770
46;2020-03-12;Grande São Paulo;40;550;1;0;21734682;24;284;13,0667;6,1739;0,3405;38,3719;18,1304;64;834
46;2020-03-13;Grande São Paulo;48;598;1;0;21734682;12;296;13,6188;6,4348;0,3311;41,1324;19,4348;60;894
65;2020-03-14;Grande São Paulo;26;624;1;0;21734682;8;304;13,9869;4,6769;0,3276;42,6967;14,2769;34;928
65;2020-03-15;Grande São Paulo;60;684;1;0;21734682;22;326;14,9991;5,0154;0,3228;46,4695;15,5385;82;1010
152;2020-03-16;Grande São Paulo;51;735;1;0;21734682;25;351;16,1493;2,3092;0,3232;49,9662;7,1447;76;1086
164;2020-03-17;Grande São Paulo;50;785;1;1;21734682;18;369;16,9775;2,25;0,3198;53,0949;7,0366;68;1154
237;2020-03-18;Grande São Paulo;64;849;1;3;21734682;14;383;17,6216;1,616;0,3109;56,6836;5,1983;78;1232
277;2020-03-19;Grande São Paulo;95;944;1;5;21734682;20;403;18,5418;1,4549;0,2992;61,9747;4,8628;115;1347
331;2020-03-20;Grande São Paulo;73;1017;1;9;21734682;22;425;19,554;1,284;0,2947;66,3456;4,3565;95;1442
331;2020-03-21;Grande São Paulo;57;1074;1;9;21734682;37;462;21,2563;1,3958;0,3008;70,6705;4,6405;94;1536
331;2020-03-22;Grande São Paulo;136;1210;1;9;21734682;1;463;21,3024;1,3988;0,2767;76,9738;5,0544;137;1673
331;2020-03-23;Grande São Paulo;85;1295;1;9;21734682;13;476;21,9005;1,4381;0,2688;81,4827;5,3505;98;1771
331;2020-03-24;Grande São Paulo;186;1481;1;9;21734682;16;492;22,6366;1,4864;0,2494;90,7766;5,9607;202;1973
802;2020-03-25;Grande São Paulo;22;1503;1;48;21734682;14;506;23,2808;0,6309;0,2519;92,4329;2,505;36;2009
995;2020-03-26;Grande São Paulo;344;1847;1;56;21734682;20;526;24,201;0,5286;0,2217;109,1803;2,3849;364;2373
1152;2020-03-27;Grande São Paulo;297;2144;1;66;21734682;26;552;25,3972;0,4792;0,2047;124,0414;2,3403;323;2696
1152;2020-03-28;Grande São Paulo;210;2354;1;66;21734682;15;567;26,0873;0,4922;0,1941;134,3935;2,5356;225;2921
1152;2020-03-29;Grande São Paulo;112;2466;1;66;21734682;47;614;28,2498;0,533;0,1994;141,709;2,6736;159;3080
1420;2020-03-30;Grande São Paulo;338;2804;1;110;21734682;32;646;29,7221;0,4549;0,1872;158,7325;2,4296;370;3450
2193;2020-03-31;Grande São Paulo;283;3087;1;132;21734682;21;667;30,6883;0,3041;0,1777;172,7193;1,7118;304;3754
2793;2020-04-01;Grande São Paulo;218;3305;1;160;21734682;27;694;31,9305;0,2485;0,1735;183,9916;1,4318;245;3999
3269;2020-04-02;Grande São Paulo;388;3693;1;184;21734682;65;759;34,9211;0,2322;0,1705;204,8339;1,3619;453;4452
3768;2020-04-03;Grande São Paulo;194;3887;1;212;21734682;79;838;38,5559;0,2224;0,1774;217,3945;1,254;273;4725
4123;2020-04-04;Grande São Paulo;329;4216;1;244;21734682;20;858;39,4761;0,2081;0,1691;233,4518;1,2307;349;5074
4262;2020-04-05;Grande São Paulo;172;4388;1;257;21734682;24;882;40,5803;0,2069;0,1674;242,4696;1,2365;196;5270
4445;2020-04-06;Grande São Paulo;661;5049;1;285;21734682;92;974;44,8132;0,2191;0,1617;277,1147;1,355;753;6023
5123;2020-04-07;Grande São Paulo;761;5810;1;344;21734682;131;1105;50,8404;0,2157;0,1598;318,1551;1,3498;892;6915
6017;2020-04-08;Grande São Paulo;573;6383;1;392;21734682;108;1213;55,8094;0,2016;0,1597;349,4875;1,2624;681;7596
6687;2020-04-09;Grande São Paulo;654;7037;1;446;21734682;126;1339;61,6066;0,2002;0,1599;385,3749;1,2526;780;8376
7329;2020-04-10;Grande São Paulo;471;7508;1;483;21734682;17;1356;62,3888;0,185;0,153;407,8275;1,2094;488;8864
7521;2020-04-11;Grande São Paulo;329;7837;1;500;21734682;32;1388;63,8611;0,1845;0,1505;424,4369;1,2266;361;9225
7798;2020-04-12;Grande São Paulo;312;8149;1;526;21734682;63;1451;66,7597;0,1861;0,1511;441,6904;1,2311;375;9600
7908;2020-04-13;Grande São Paulo;404;8553;1;543;21734682;98;1549;71,2686;0,1959;0,1533;464,7871;1,2774;502;10102
8282;2020-04-14;Grande São Paulo;724;9277;1;617;21734682;221;1770;81,4367;0,2137;0,1602;508,266;1,3339;945;11047
9659;2020-04-15;Grande São Paulo;757;10034;1;679;21734682;263;2033;93,5371;0,2105;0,1685;555,1956;1,2493;1020;12067
10040;2020-04-16;Grande São Paulo;1113;11147;1;735;21734682;353;2386;109,7785;0,2376;0,1763;622,6454;1,3479;1466;13533
11103;2020-04-17;Grande São Paulo;833;11980;1;792;21734682;179;2565;118,0141;0,231;0,1763;669,2069;1,31;1012;14545
11970;2020-04-18;Grande São Paulo;977;12957;1;849;21734682;251;2816;129,5625;0,2353;0,1785;725,7065;1,3177;1228;15773
12268;2020-04-19;Grande São Paulo;1542;14499;1;868;21734682;743;3559;163,7475;0,2901;0,1971;830,838;1,472;2285;18058
12509;2020-04-20;Grande São Paulo;1392;15891;1;887;21734682;1015;4574;210,4471;0,3657;0,2235;941,5827;1,636;2407;20465
13221;2020-04-21;Grande São Paulo;1144;17035;1;933;21734682;629;5203;239,387;0,3935;0,234;1023,1574;1,682;1773;22238
13693;2020-04-22;Grande São Paulo;1068;18103;1;965;21734682;651;5854;269,3391;0,4275;0,2444;1102,2476;1,7496;1719;23957
14401;2020-04-23;Grande São Paulo;944;19047;1;1152;21734682;626;6480;298,141;0,45;0,2538;1174,4823;1,7726;1570;25527
15234;2020-04-24;Grande São Paulo;693;19740;1;1297;21734682;503;6983;321,2837;0,4584;0,2613;1229,5096;1,7542;1196;26723
17067;2020-04-25;Grande São Paulo;337;20077;1;1420;21734682;163;7146;328,7833;0,4187;0,2625;1252,5143;1,5951;500;27223
17691;2020-04-26;Grande São Paulo;459;20536;1;1450;21734682;303;7449;342,7241;0,4211;0,2662;1287,5735;1,5819;762;27985
18495;2020-04-27;Grande São Paulo;569;21105;1;1556;21734682;541;7990;367,6152;0,432;0,2746;1338,6439;1,5731;1110;29095
20402;2020-04-28;Grande São Paulo;527;21632;1;1728;21734682;491;8481;390,2058;0,4157;0,2816;1385,4815;1,476;1018;30113
22195;2020-04-29;Grande São Paulo;347;21979;1;1901;21734682;280;8761;403,0885;0,3947;0,285;1414,3294;1,385;627;30740
24309;2020-04-30;Grande São Paulo;667;22646;1;2014;21734682;451;9212;423,8387;0,379;0,2892;1465,7679;1,3105;1118;31858
25705;2020-05-01;Grande São Paulo;828;23474;1;2141;21734682;581;9793;450,5702;0,381;0,2944;1530,5952;1,2942;1409;33267
26324;2020-05-02;Grande São Paulo;479;23953;1;2212;21734682;248;10041;461,9805;0,3814;0,2954;1564,044;1,2914;727;33994
26838;2020-05-03;Grande São Paulo;353;24306;1;2246;21734682;239;10280;472,9768;0,383;0,2972;1591,2816;1,2887;592;34586
27182;2020-05-04;Grande São Paulo;393;24699;1;2268;21734682;319;10599;487,6538;0,3899;0,3003;1624,0403;1,2986;712;35298
28707;2020-05-05;Grande São Paulo;493;25192;1;2427;21734682;482;11081;509,8303;0,386;0,3055;1668,8995;1,2636;975;36273
31531;2020-05-06;Grande São Paulo;546;25738;1;2601;21734682;531;11612;534,2613;0,3683;0,3109;1718,4516;1,1845;1077;37350
33061;2020-05-07;Grande São Paulo;713;26451;1;2738;21734682;707;12319;566,79;0,3726;0,3177;1783,785;1,1727;1420;38770
34646;2020-05-08;Grande São Paulo;520;26971;1;2918;21734682;461;12780;588,0003;0,3689;0,3215;1828,9202;1,1473;981;39751
36593;2020-05-09;Grande São Paulo;305;27276;1;3086;21734682;186;12966;596,5581;0,3543;0,3222;1851,5109;1,0997;491;40242
37398;2020-05-10;Grande São Paulo;326;27602;1;3183;21734682;295;13261;610,1308;0,3546;0,3245;1880,0827;1,0927;621;40863
37996;2020-05-11;Grande São Paulo;774;28376;1;3212;21734682;294;13555;623,6576;0,3567;0,3233;1929,2208;1,1036;1068;41931
39185;2020-05-12;Grande São Paulo;204;28580;1;3388;21734682;193;13748;632,5374;0,3508;0,3248;1947,4865;1,0802;397;42328
41667;2020-05-13;Grande São Paulo;463;29043;1;3527;21734682;234;13982;643,3036;0,3356;0,325;1979,5551;1,0326;697;43025
43959;2020-05-14;Grande São Paulo;292;29335;1;3696;21734682;163;14145;650,8032;0,3218;0,3253;2000,4894;0,9891;455;43480
47169;2020-05-15;Grande São Paulo;404;29739;1;3848;21734682;324;14469;665,7102;0,3067;0,3273;2033,9842;0,9372;728;44208
49226;2020-05-16;Grande São Paulo;388;30127;1;4014;21734682;370;14839;682,7337;0,3014;0,33;2068,8593;0,9135;758;44966
50019;2020-05-17;Grande São Paulo;328;30455;1;4084;21734682;112;14951;687,8868;0,2989;0,3293;2089,1035;0,9078;440;45406
50445;2020-05-18;Grande São Paulo;328;30783;1;4110;21734682;112;15063;693,0398;0,2986;0,3286;2109,3476;0,9088;440;45846
52667;2020-05-19;Grande São Paulo;352;31135;1;4368;21734682;287;15350;706,2445;0,2915;0,3302;2138,7476;0,8826;639;46485
55492;2020-05-20;Grande São Paulo;407;31542;1;4553;21734682;278;15628;719,0351;0,2816;0,3313;2170,2641;0,85;685;47170
58457;2020-05-21;Grande São Paulo;380;31922;1;4720;21734682;273;15901;731,5957;0,272;0,3325;2200,3082;0,8181;653;47823
60647;2020-05-22;Grande São Paulo;258;32180;1;4890;21734682;165;16066;739,1873;0,2649;0,333;2219,7702;0,7955;423;48246
63358;2020-05-23;Grande São Paulo;245;32425;1;5117;21734682;220;16286;749,3093;0,257;0,3343;2241,1646;0,7688;465;48711
64345;2020-05-24;Grande São Paulo;373;32798;1;5210;21734682;168;16454;757,0389;0,2557;0,3341;2266,0557;0,7654;541;49252
65274;2020-05-25;Grande São Paulo;250;33048;1;5245;21734682;190;16644;765,7807;0,255;0,3349;2286,2998;0,7613;440;49692
67097;2020-05-26;Grande São Paulo;368;33416;1;5417;21734682;248;16892;777,191;0,2518;0,3358;2314,6416;0,7498;616;50308
69606;2020-05-27;Grande São Paulo;797;34213;1;5638;21734682;418;17310;796,423;0,2487;0,336;2370,5431;0,7402;1215;51523
74614;2020-05-28;Grande São Paulo;463;34676;1;5856;21734682;259;17569;808,3394;0,2355;0,3363;2403,7619;0,7002;722;52245
78790;2020-05-29;Grande São Paulo;694;35370;1;6094;21734682;263;17832;820,4399;0,2263;0,3352;2447,7929;0,6752;957;53202
82765;2020-05-30;Grande São Paulo;688;36058;1;6299;21734682;388;18220;838,2915;0,2201;0,3357;2497,299;0,6558;1076;54278
84643;2020-05-31;Grande São Paulo;159;36217;1;6370;21734682;30;18250;839,6718;0,2156;0,3351;2505,9948;0,6435;189;54467
85818;2020-06-01;Grande São Paulo;366;36583;1;6409;21734682;252;18502;851,2662;0,2156;0,3359;2534,4286;0,6419;618;55085
90721;2020-06-02;Grande São Paulo;558;37141;1;6649;21734682;295;18797;864,839;0,2072;0,336;2573,6746;0,6166;853;55938
94192;2020-06-03;Grande São Paulo;456;37597;1;6881;21734682;424;19221;884,347;0,2041;0,3383;2614,1629;0,6032;880;56818
98058;2020-06-04;Grande São Paulo;426;38023;1;7079;21734682;377;19598;901,6925;0,1999;0,3401;2651,1085;0,5876;803;57621
101361;2020-06-05;Grande São Paulo;374;38397;1;7307;21734682;331;19929;916,9216;0,1966;0,3417;2683,5451;0,5754;705;58326
105105;2020-06-06;Grande São Paulo;404;38801;1;7454;21734682;151;20080;923,869;0,191;0,341;2709,0804;0,5602;555;58881
106679;2020-06-07;Grande São Paulo;159;38960;1;7515;21734682;165;20245;931,4606;0,1898;0,3419;2723,9874;0,555;324;59205
107802;2020-06-08;Grande São Paulo;148;39108;1;7541;21734682;124;20369;937,1658;0,1889;0,3425;2736,502;0,5517;272;59477
111371;2020-06-09;Grande São Paulo;614;39722;1;7790;21734682;345;20714;953,039;0,186;0,3427;2780,625;0,5427;959;60436
115319;2020-06-10;Grande São Paulo;624;40346;1;8064;21734682;430;21144;972,8231;0,1834;0,3439;2829,1189;0,5332;1054;61490
119105;2020-06-11;Grande São Paulo;484;40830;1;8279;21734682;279;21423;985,6597;0,1799;0,3441;2864,2241;0,5227;763;62253
122770;2020-06-12;Grande São Paulo;507;41337;1;8459;21734682;443;21866;1006,0419;0,1781;0,346;2907,933;0,5148;950;63203
126142;2020-06-13;Grande São Paulo;359;41696;1;8619;21734682;262;22128;1018,0963;0,1754;0,3467;2936,5049;0,506;621;63824
130047;2020-06-14;Grande São Paulo;118;41814;1;8692;21734682;89;22217;1022,1912;0,1708;0,347;2946,0288;0,4924;207;64031
0;2020-03-02;Araçatuba;2;2;1;0;791256;0;0;0;;0;2,5276;;2;2
0;2020-03-03;Araçatuba;2;4;1;0;791256;0;0;0;;0;5,0553;;2;4
0;2020-03-04;Araçatuba;1;5;1;0;791256;0;0;0;;0;6,3191;;1;5
0;2020-03-05;Araçatuba;1;6;1;0;791256;0;0;0;;0;7,5829;;1;6
0;2020-03-06;Araçatuba;1;7;1;0;791256;0;0;0;;0;8,8467;;1;7
0;2020-03-07;Araçatuba;1;8;1;0;791256;0;0;0;;0;10,1105;;1;8
0;2020-03-08;Araçatuba;1;9;1;0;791256;0;0;0;;0;11,3743;;1;9
0;2020-03-09;Araçatuba;1;10;1;0;791256;0;0;0;;0;12,6381;;1;10
0;2020-03-10;Araçatuba;1;11;1;0;791256;0;0;0;;0;13,9019;;1;11
0;2020-03-11;Araçatuba;1;12;1;0;791256;0;0;0;;0;15,1658;;1;12
0;2020-03-12;Araçatuba;1;13;1;0;791256;0;0;0;;0;16,4296;;1;13
0;2020-03-13;Araçatuba;1;14;1;0;791256;0;0;0;;0;17,6934;;1;14
0;2020-03-14;Araçatuba;1;15;1;0;791256;0;0;0;;0;18,9572;;1;15
0;2020-03-15;Araçatuba;1;16;1;0;791256;0;0;0;;0;20,221;;1;16
0;2020-03-16;Araçatuba;1;17;1;0;791256;0;0;0;;0;21,4848;;1;17
0;2020-03-17;Araçatuba;1;18;1;0;791256;0;0;0;;0;22,7486;;1;18
0;2020-03-18;Araçatuba;1;19;1;0;791256;0;0;0;;0;24,0125;;1;19
0;2020-03-19;Araçatuba;1;20;1;0;791256;0;0;0;;0;25,2763;;1;20
0;2020-03-20;Araçatuba;1;21;1;0;791256;0;0;0;;0;26,5401;;1;21
0;2020-03-21;Araçatuba;1;22;1;0;791256;0;0;0;;0;27,8039;;1;22
0;2020-03-22;Araçatuba;1;23;1;0;791256;0;0;0;;0;29,0677;;1;23
0;2020-03-23;Araçatuba;1;24;1;0;791256;0;0;0;;0;30,3315;;1;24
0;2020-03-24;Araçatuba;3;27;1;0;791256;0;0;0;;0;34,123;;3;27
0;2020-03-25;Araçatuba;3;30;1;0;791256;0;0;0;;0;37,9144;;3;30
0;2020-03-26;Araçatuba;2;32;1;0;791256;1;1;1,2638;;0,0303;41,7058;;3;33
0;2020-03-27;Araçatuba;2;34;1;0;791256;1;2;2,5276;;0,0556;45,4973;;3;36
0;2020-03-28;Araçatuba;1;35;1;0;791256;0;2;2,5276;;0,0541;46,7611;;1;37
0;2020-03-29;Araçatuba;1;36;1;0;791256;0;2;2,5276;;0,0526;48,0249;;1;38
1;2020-03-30;Araçatuba;1;37;1;0;791256;0;2;2,5276;2;0,0513;49,2887;39;1;39
2;2020-03-31;Araçatuba;1;38;1;0;791256;0;2;2,5276;1;0,05;50,5525;20;1;40
3;2020-04-01;Araçatuba;1;39;1;0;791256;0;2;2,5276;0,6667;0,0488;51,8164;13,6667;1;41
3;2020-04-02;Araçatuba;1;40;1;0;791256;0;2;2,5276;0,6667;0,0476;53,0802;14;1;42
3;2020-04-03;Araçatuba;1;41;1;0;791256;1;3;3,7914;1;0,0682;55,6078;14,6667;2;44
7;2020-04-04;Araçatuba;1;42;1;1;791256;1;4;5,0553;0,5714;0,087;58,1354;6,5714;2;46
7;2020-04-05;Araçatuba;4;46;1;1;791256;2;6;7,5829;0,8571;0,1154;65,7183;7,4286;6;52
12;2020-04-06;Araçatuba;5;51;1;1;791256;0;6;7,5829;0,5;0,1053;72,0374;4,75;5;57
13;2020-04-07;Araçatuba;2;53;1;1;791256;0;6;7,5829;0,4615;0,1017;74,565;4,5385;2;59
18;2020-04-08;Araçatuba;13;66;1;1;791256;1;7;8,8467;0,3889;0,0959;92,2584;4,0556;14;73
19;2020-04-09;Araçatuba;12;78;1;1;791256;1;8;10,1105;0,4211;0,093;108,688;4,5263;13;86
21;2020-04-10;Araçatuba;4;82;1;1;791256;0;8;10,1105;0,381;0,0889;113,7432;4,2857;4;90
20;2020-04-11;Araçatuba;3;85;1;1;791256;0;8;10,1105;0,4;0,086;117,5347;4,65;3;93
20;2020-04-12;Araçatuba;12;97;1;1;791256;0;8;10,1105;0,4;0,0762;132,7004;5,25;12;105
20;2020-04-13;Araçatuba;8;105;1;1;791256;0;8;10,1105;0,4;0,0708;142,8109;5,65;8;113
24;2020-04-14;Araçatuba;1;106;1;1;791256;0;8;10,1105;0,3333;0,0702;144,0747;4,75;1;114
41;2020-04-15;Araçatuba;11;117;1;1;791256;3;11;13,9019;0,2683;0,0859;161,7681;3,122;14;128
49;2020-04-16;Araçatuba;23;140;1;1;791256;2;13;16,4296;0,2653;0,085;193,3635;3,1224;25;153
54;2020-04-17;Araçatuba;26;166;1;1;791256;6;19;24,0125;0,3519;0,1027;233,8055;3,4259;32;185
55;2020-04-18;Araçatuba;19;185;1;1;791256;2;21;26,5401;0,3818;0,1019;260,3456;3,7455;21;206
55;2020-04-19;Araçatuba;28;213;1;1;791256;4;25;31,5953;0,4545;0,105;300,7876;4,3273;32;238
60;2020-04-20;Araçatuba;22;235;1;1;791256;6;31;39,1782;0,5167;0,1165;336,1744;4,4333;28;266
60;2020-04-21;Araçatuba;10;245;1;1;791256;2;33;41,7058;0,55;0,1187;351,3401;4,6333;12;278
62;2020-04-22;Araçatuba;22;267;1;2;791256;4;37;46,7611;0,5968;0,1217;384,1993;4,9032;26;304
65;2020-04-23;Araçatuba;8;275;1;1;791256;7;44;55,6078;0,6769;0,1379;403,1565;4,9077;15;319
78;2020-04-24;Araçatuba;10;285;1;4;791256;3;47;59,3992;0,6026;0,1416;419,5861;4,2564;13;332
91;2020-04-25;Araçatuba;10;295;1;5;791256;1;48;60,663;0,5275;0,1399;433,488;3,7692;11;343
91;2020-04-26;Araçatuba;12;307;1;5;791256;7;55;69,5097;0,6044;0,1519;457,5005;3,978;19;362
98;2020-04-27;Araçatuba;19;326;1;5;791256;6;61;77,0926;0,6224;0,1576;489,0958;3,949;25;387
109;2020-04-28;Araçatuba;6;332;1;5;791256;0;61;77,0926;0,5596;0,1552;496,6787;3,6055;6;393
117;2020-04-29;Araçatuba;1;333;1;5;791256;0;61;77,0926;0,5214;0,1548;497,9425;3,3675;1;394
126;2020-04-30;Araçatuba;9;342;1;5;791256;0;61;77,0926;0,4841;0,1514;509,3168;3,1984;9;403
132;2020-05-01;Araçatuba;17;359;1;5;791256;13;74;93,5222;0,5606;0,1709;547,2312;3,2803;30;433
133;2020-05-02;Araçatuba;10;369;1;5;791256;7;81;102,3689;0,609;0,18;568,7161;3,3835;17;450
145;2020-05-03;Araçatuba;25;394;1;6;791256;7;88;111,2156;0,6069;0,1826;609,1581;3,3241;32;482
146;2020-05-04;Araçatuba;28;422;1;6;791256;8;96;121,3261;0,6575;0,1853;654,6554;3,5479;36;518
159;2020-05-05;Araçatuba;32;454;1;8;791256;9;105;132,7004;0,6604;0,1878;706,4717;3,5157;41;559
189;2020-05-06;Araçatuba;7;461;1;8;791256;4;109;137,7557;0,5767;0,1912;720,3737;3,0159;11;570
196;2020-05-07;Araçatuba;26;487;1;8;791256;7;116;146,6024;0,5918;0,1924;762,0795;3,0765;33;603
210;2020-05-08;Araçatuba;32;519;1;10;791256;8;124;156,7129;0,5905;0,1928;812,6321;3,0619;40;643
222;2020-05-09;Araçatuba;1;520;1;10;791256;0;124;156,7129;0,5586;0,1925;813,8959;2,9009;1;644
226;2020-05-10;Araçatuba;23;543;1;10;791256;1;125;157,9767;0,5531;0,1871;844,2274;2,9558;24;668
226;2020-05-11;Araçatuba;18;561;1;10;791256;9;134;169,351;0,5929;0,1928;878,3504;3,0752;27;695
235;2020-05-12;Araçatuba;14;575;1;11;791256;5;139;175,6701;0,5915;0,1947;902,3628;3,0383;19;714
251;2020-05-13;Araçatuba;21;596;1;12;791256;4;143;180,7253;0,5697;0,1935;933,9582;2,9442;25;739
260;2020-05-14;Araçatuba;21;617;1;13;791256;5;148;187,0444;0,5692;0,1935;966,8173;2,9423;26;765
277;2020-05-15;Araçatuba;24;641;1;14;791256;0;148;187,0444;0,5343;0,1876;997,1488;2,8484;24;789
293;2020-05-16;Araçatuba;2;643;1;17;791256;2;150;189,572;0,5119;0,1892;1002,2041;2,7065;4;793
295;2020-05-17;Araçatuba;2;645;1;17;791256;0;150;189,572;0,5085;0,1887;1004,7317;2,6949;2;795
295;2020-05-18;Araçatuba;2;647;1;17;791256;0;150;189,572;0,5085;0,1882;1007,2593;2,7017;2;797
307;2020-05-19;Araçatuba;35;682;1;18;791256;1;151;190,8358;0,4919;0,1813;1052,7566;2,7134;36;833
336;2020-05-20;Araçatuba;10;692;1;19;791256;2;153;193,3635;0,4554;0,1811;1067,9224;2,5149;12;845
349;2020-05-21;Araçatuba;12;704;1;18;791256;2;155;195,8911;0,4441;0,1804;1085,6158;2,4613;14;859
360;2020-05-22;Araçatuba;3;707;1;18;791256;0;155;195,8911;0,4306;0,1798;1089,4072;2,3944;3;862
366;2020-05-23;Araçatuba;10;717;1;20;791256;4;159;200,9463;0,4344;0,1815;1107,1006;2,3934;14;876
367;2020-05-24;Araçatuba;8;725;1;20;791256;1;160;202,2102;0,436;0,1808;1118,4749;2,4114;9;885
372;2020-05-25;Araçatuba;20;745;1;20;791256;6;166;209,793;0,4462;0,1822;1151,3341;2,4489;26;911
376;2020-05-26;Araçatuba;3;748;1;20;791256;1;167;211,0569;0,4441;0,1825;1156,3893;2,4335;4;915
384;2020-05-27;Araçatuba;7;755;1;21;791256;1;168;212,3207;0,4375;0,182;1166,4998;2,4036;8;923
398;2020-05-28;Araçatuba;26;781;1;23;791256;4;172;217,3759;0,4322;0,1805;1204,4142;2,3945;30;953
407;2020-05-29;Araçatuba;8;789;1;23;791256;1;173;218,6397;0,4251;0,1798;1215,7886;2,3636;9;962
420;2020-05-30;Araçatuba;23;812;1;24;791256;8;181;228,7502;0,431;0,1823;1254,9668;2,3643;31;993
425;2020-05-31;Araçatuba;23;835;1;24;791256;8;189;238,8607;0,4447;0,1846;1294,145;2,4094;31;1024
428;2020-06-01;Araçatuba;11;846;1;24;791256;1;190;240,1246;0,4439;0,1834;1309,3108;2,4206;12;1036
455;2020-06-02;Araçatuba;32;878;1;24;791256;8;198;250,2351;0,4352;0,184;1359,8633;2,3648;40;1076
470;2020-06-03;Araçatuba;5;883;1;24;791256;3;201;254,0265;0,4277;0,1854;1369,9738;2,3064;8;1084
481;2020-06-04;Araçatuba;7;890;1;26;791256;7;208;262,8732;0,4324;0,1894;1387,6672;2,2827;14;1098
494;2020-06-05;Araçatuba;31;921;1;28;791256;5;213;269,1923;0,4312;0,1878;1433,1645;2,2955;36;1134
530;2020-06-06;Araçatuba;20;941;1;29;791256;3;216;272,9837;0,4075;0,1867;1462,2322;2,183;23;1157
539;2020-06-07;Araçatuba;23;964;1;31;791256;9;225;284,358;0,4174;0,1892;1502,6742;2,2059;32;1189
544;2020-06-08;Araçatuba;10;974;1;31;791256;7;232;293,2047;0,4265;0,1924;1524,1591;2,2169;17;1206
578;2020-06-09;Araçatuba;10;984;1;33;791256;3;235;296,9962;0,4066;0,1928;1540,5886;2,109;13;1219
601;2020-06-10;Araçatuba;25;1009;1;33;791256;11;246;310,8981;0,4093;0,196;1586,0859;2,0882;36;1255
636;2020-06-11;Araçatuba;50;1059;1;34;791256;29;275;347,5487;0,4324;0,2061;1685,9272;2,0975;79;1334
652;2020-06-12;Araçatuba;23;1082;1;34;791256;16;291;367,7697;0,4463;0,2119;1735,2159;2,1058;39;1373
683;2020-06-13;Araçatuba;21;1103;1;36;791256;18;309;390,5184;0,4524;0,2188;1784,5046;2,0673;39;1412
708;2020-06-14;Araçatuba;7;1110;1;36;791256;16;325;410,7394;0,459;0,2265;1813,5723;2,0268;23;1435
0;2020-02-06;Araraquara;1;1;1;0;1025982;0;0;0;;0;0,9747;;1;1
0;2020-02-07;Araraquara;1;2;1;0;1025982;0;0;0;;0;1,9494;;1;2
0;2020-02-08;Araraquara;1;3;1;0;1025982;0;0;0;;0;2,924;;1;3
0;2020-02-09;Araraquara;1;4;1;0;1025982;0;0;0;;0;3,8987;;1;4
0;2020-02-10;Araraquara;1;5;1;0;1025982;0;0;0;;0;4,8734;;1;5
0;2020-02-11;Araraquara;1;6;1;0;1025982;0;0;0;;0;5,8481;;1;6
0;2020-02-12;Araraquara;1;7;1;0;1025982;0;0;0;;0;6,8227;;1;7
0;2020-02-13;Araraquara;1;8;1;0;1025982;0;0;0;;0;7,7974;;1;8
0;2020-02-14;Araraquara;1;9;1;0;1025982;0;0;0;;0;8,7721;;1;9
0;2020-02-15;Araraquara;1;10;1;0;1025982;0;0;0;;0;9,7468;;1;10
0;2020-02-16;Araraquara;1;11;1;0;1025982;0;0;0;;0;10,7214;;1;11
0;2020-02-17;Araraquara;1;12;1;0;1025982;0;0;0;;0;11,6961;;1;12
0;2020-02-18;Araraquara;1;13;1;0;1025982;0;0;0;;0;12,6708;;1;13
0;2020-02-19;Araraquara;1;14;1;0;1025982;0;0;0;;0;13,6455;;1;14
0;2020-02-20;Araraquara;1;15;1;0;1025982;0;0;0;;0;14,6201;;1;15
0;2020-02-21;Araraquara;1;16;1;0;1025982;0;0;0;;0;15,5948;;1;16
0;2020-02-22;Araraquara;1;17;1;0;1025982;0;0;0;;0;16,5695;;1;17
0;2020-02-23;Araraquara;1;18;1;0;1025982;0;0;0;;0;17,5442;;1;18
0;2020-02-24;Araraquara;1;19;1;0;1025982;0;0;0;;0;18,5188;;1;19
0;2020-02-25;Araraquara;1;20;1;0;1025982;0;0;0;;0;19,4935;;1;20
0;2020-02-26;Araraquara;1;21;1;0;1025982;0;0;0;;0;20,4682;;1;21
0;2020-02-27;Araraquara;1;22;1;0;1025982;0;0;0;;0;21,4429;;1;22
0;2020-02-28;Araraquara;1;23;1;0;1025982;0;0;0;;0;22,4175;;1;23
0;2020-02-29;Araraquara;1;24;1;0;1025982;0;0;0;;0;23,3922;;1;24
0;2020-03-01;Araraquara;1;25;1;0;1025982;0;0;0;;0;24,3669;;1;25
0;2020-03-02;Araraquara;1;26;1;0;1025982;0;0;0;;0;25,3416;;1;26
0;2020-03-03;Araraquara;1;27;1;0;1025982;0;0;0;;0;26,3163;;1;27
0;2020-03-04;Araraquara;0;27;1;0;1025982;1;1;0,9747;;0,0357;27,2909;;1;28
0;2020-03-05;Araraquara;0;27;1;0;1025982;1;2;1,9494;;0,069;28,2656;;1;29
0;2020-03-06;Araraquara;0;27;1;0;1025982;1;3;2,924;;0,1;29,2403;;1;30
0;2020-03-07;Araraquara;0;27;1;0;1025982;1;4;3,8987;;0,129;30,215;;1;31
0;2020-03-08;Araraquara;0;27;1;0;1025982;1;5;4,8734;;0,1562;31,1896;;1;32
0;2020-03-09;Araraquara;0;27;1;0;1025982;1;6;5,8481;;0,1818;32,1643;;1;33
0;2020-03-10;Araraquara;0;27;1;0;1025982;1;7;6,8227;;0,2059;33,139;;1;34
0;2020-03-11;Araraquara;0;27;1;0;1025982;1;8;7,7974;;0,2286;34,1137;;1;35
0;2020-03-12;Araraquara;1;28;1;0;1025982;1;9;8,7721;;0,2432;36,063;;2;37
0;2020-03-13;Araraquara;1;29;1;0;1025982;1;10;9,7468;;0,2564;38,0124;;2;39
0;2020-03-14;Araraquara;1;30;1;0;1025982;1;11;10,7214;;0,2683;39,9617;;2;41
0;2020-03-15;Araraquara;1;31;1;0;1025982;1;12;11,6961;;0,2791;41,9111;;2;43
0;2020-03-16;Araraquara;1;32;1;0;1025982;1;13;12,6708;;0,2889;43,8604;;2;45
0;2020-03-17;Araraquara;1;33;1;0;1025982;1;14;13,6455;;0,2979;45,8098;;2;47
0;2020-03-18;Araraquara;1;34;1;0;1025982;1;15;14,6201;;0,3061;47,7591;;2;49
0;2020-03-19;Araraquara;2;36;1;0;1025982;1;16;15,5948;;0,3077;50,6832;;3;52
0;2020-03-20;Araraquara;1;37;1;0;1025982;0;16;15,5948;;0,3019;51,6578;;1;53
0;2020-03-21;Araraquara;1;38;1;0;1025982;0;16;15,5948;;0,2963;52,6325;;1;54
0;2020-03-22;Araraquara;2;40;1;0;1025982;0;16;15,5948;;0,2857;54,5819;;2;56
0;2020-03-23;Araraquara;2;42;1;0;1025982;0;16;15,5948;;0,2759;56,5312;;2;58
0;2020-03-24;Araraquara;2;44;1;0;1025982;0;16;15,5948;;0,2667;58,4806;;2;60
0;2020-03-25;Araraquara;2;46;1;0;1025982;0;16;15,5948;;0,2581;60,4299;;2;62
0;2020-03-26;Araraquara;2;48;1;0;1025982;0;16;15,5948;;0,25;62,3793;;2;64
0;2020-03-27;Araraquara;1;49;1;0;1025982;0;16;15,5948;;0,2462;63,3539;;1;65
0;2020-03-28;Araraquara;7;56;1;0;1025982;1;17;16,5695;;0,2329;71,1513;;8;73
0;2020-03-29;Araraquara;7;63;1;0;1025982;1;18;17,5442;;0,2222;78,9488;;8;81
0;2020-03-30;Araraquara;7;70;1;0;1025982;1;19;18,5188;;0,2135;86,7462;;8;89
1;2020-03-31;Araraquara;1;71;1;0;1025982;0;19;18,5188;19;0,2111;87,7208;90;1;90
1;2020-04-01;Araraquara;0;71;1;0;1025982;1;20;19,4935;20;0,2198;88,6955;91;1;91
3;2020-04-02;Araraquara;7;78;1;0;1025982;0;20;19,4935;6,6667;0,2041;95,5182;32,6667;7;98
4;2020-04-03;Araraquara;8;86;1;0;1025982;1;21;20,4682;5,25;0,1963;104,2903;26,75;9;107
4;2020-04-04;Araraquara;10;96;1;0;1025982;0;21;20,4682;5,25;0,1795;114,0371;29,25;10;117
4;2020-04-05;Araraquara;7;103;1;0;1025982;0;21;20,4682;5,25;0,1694;120,8598;31;7;124
7;2020-04-06;Araraquara;11;114;1;0;1025982;2;23;22,4175;3,2857;0,1679;133,5306;19,5714;13;137
8;2020-04-07;Araraquara;27;141;1;0;1025982;1;24;23,3922;3;0,1455;160,8215;20,625;28;165
8;2020-04-08;Araraquara;41;182;1;0;1025982;4;28;27,2909;3,5;0,1333;204,682;26,25;45;210
9;2020-04-09;Araraquara;40;222;1;0;1025982;4;32;31,1896;3,5556;0,126;247,5677;28,2222;44;254
15;2020-04-10;Araraquara;16;238;1;4;1025982;0;32;31,1896;2,1333;0,1185;263,1625;18;16;270
21;2020-04-11;Araraquara;1;239;1;4;1025982;0;32;31,1896;1,5238;0,1181;264,1372;12,9048;1;271
21;2020-04-12;Araraquara;4;243;1;4;1025982;0;32;31,1896;1,5238;0,1164;268,0359;13,0952;4;275
22;2020-04-13;Araraquara;8;251;1;4;1025982;1;33;32,1643;1,5;0,1162;276,808;12,9091;9;284
26;2020-04-14;Araraquara;22;273;1;5;1025982;0;33;32,1643;1,2692;0,1078;298,2508;11,7692;22;306
43;2020-04-15;Araraquara;28;301;1;5;1025982;0;33;32,1643;0,7674;0,0988;325,5418;7,7674;28;334
51;2020-04-16;Araraquara;46;347;1;5;1025982;3;36;35,0883;0,7059;0,094;373,3009;7,5098;49;383
59;2020-04-17;Araraquara;16;363;1;5;1025982;4;40;38,987;0,678;0,0993;392,7944;6,8305;20;403
64;2020-04-18;Araraquara;1;364;1;5;1025982;1;41;39,9617;0,6406;0,1012;394,7438;6,3281;2;405
67;2020-04-19;Araraquara;16;380;1;5;1025982;0;41;39,9617;0,6119;0,0974;410,3386;6,2836;16;421
72;2020-04-20;Araraquara;4;384;1;5;1025982;1;42;40,9364;0,5833;0,0986;415,212;5,9167;5;426
74;2020-04-21;Araraquara;39;423;1;5;1025982;1;43;41,9111;0,5811;0,0923;454,199;6,2973;40;466
74;2020-04-22;Araraquara;9;432;1;5;1025982;1;44;42,8857;0,5946;0,0924;463,9458;6,4324;10;476
75;2020-04-23;Araraquara;32;464;1;6;1025982;1;45;43,8604;0,6;0,0884;496,1101;6,7867;33;509
75;2020-04-24;Araraquara;0;464;1;7;1025982;1;46;44,8351;0,6133;0,0902;497,0847;6,8;1;510
78;2020-04-25;Araraquara;21;485;1;7;1025982;1;47;45,8098;0,6026;0,0883;518,5276;6,8205;22;532
77;2020-04-26;Araraquara;21;506;1;7;1025982;1;48;46,7844;0,6234;0,0866;539,9705;7,1948;22;554
80;2020-04-27;Araraquara;21;527;1;8;1025982;3;51;49,7085;0,6375;0,0882;563,3627;7,225;24;578
89;2020-04-28;Araraquara;3;530;1;8;1025982;0;51;49,7085;0,573;0,0878;566,2867;6,5281;3;581
93;2020-04-29;Araraquara;9;539;1;8;1025982;0;51;49,7085;0,5484;0,0864;575,0588;6,3441;9;590
113;2020-04-30;Araraquara;3;542;1;8;1025982;0;51;49,7085;0,4513;0,086;577,9828;5,2478;3;593
114;2020-05-01;Araraquara;1;543;1;8;1025982;0;51;49,7085;0,4474;0,0859;578,9575;5,2105;1;594
114;2020-05-02;Araraquara;11;554;1;8;1025982;1;52;50,6832;0,4561;0,0858;590,6536;5,3158;12;606
115;2020-05-03;Araraquara;11;565;1;8;1025982;1;53;51,6578;0,4609;0,0858;602,3497;5,3739;12;618
116;2020-05-04;Araraquara;12;577;1;8;1025982;0;53;51,6578;0,4569;0,0841;614,0459;5,431;12;630
126;2020-05-05;Araraquara;12;589;1;8;1025982;0;53;51,6578;0,4206;0,0826;625,742;5,0952;12;642
138;2020-05-06;Araraquara;13;602;1;9;1025982;5;58;56,5312;0,4203;0,0879;643,2861;4,7826;18;660
153;2020-05-07;Araraquara;5;607;1;9;1025982;2;60;58,4806;0,3922;0,09;650,1089;4,3595;7;667
160;2020-05-08;Araraquara;7;614;1;9;1025982;0;60;58,4806;0,375;0,089;656,9316;4,2125;7;674
184;2020-05-09;Araraquara;2;616;1;9;1025982;3;63;61,4046;0,3424;0,0928;661,805;3,6902;5;679
186;2020-05-10;Araraquara;2;618;1;9;1025982;0;63;61,4046;0,3387;0,0925;663,7543;3,6613;2;681
191;2020-05-11;Araraquara;9;627;1;9;1025982;1;64;62,3793;0,3351;0,0926;673,5011;3,6178;10;691
200;2020-05-12;Araraquara;74;701;1;11;1025982;15;79;76,9994;0,395;0,1013;760,2473;3,9;89;780
206;2020-05-13;Araraquara;20;721;1;11;1025982;3;82;79,9234;0,3981;0,1021;782,6648;3,8981;23;803
228;2020-05-14;Araraquara;89;810;1;11;1025982;8;90;87,7208;0,3947;0,1;877,2084;3,9474;97;900
246;2020-05-15;Araraquara;9;819;1;11;1025982;4;94;91,6195;0,3821;0,103;889,8792;3,7114;13;913
262;2020-05-16;Araraquara;56;875;1;11;1025982;13;107;104,2903;0,4084;0,109;957,1318;3,7481;69;982
279;2020-05-17;Araraquara;56;931;1;11;1025982;13;120;116,9611;0,4301;0,1142;1024,3844;3,767;69;1051
281;2020-05-18;Araraquara;56;987;1;11;1025982;13;133;129,6319;0,4733;0,1187;1091,6371;3,9858;69;1120
299;2020-05-19;Araraquara;29;1016;1;11;1025982;11;144;140,3533;0,4816;0,1241;1130,6241;3,8796;40;1160
314;2020-05-20;Araraquara;142;1158;1;11;1025982;26;170;165,6949;0,5414;0,128;1294,3697;4,2293;168;1328
347;2020-05-21;Araraquara;45;1203;1;12;1025982;16;186;181,2897;0,536;0,1339;1353,8249;4,0029;61;1389
373;2020-05-22;Araraquara;49;1252;1;12;1025982;15;201;195,9099;0,5389;0,1383;1416,2042;3,8954;64;1453
402;2020-05-23;Araraquara;34;1286;1;12;1025982;7;208;202,7326;0,5174;0,1392;1456,1659;3,7164;41;1494
416;2020-05-24;Araraquara;34;1320;1;12;1025982;7;215;209,5553;0,5168;0,1401;1496,1276;3,6899;41;1535
423;2020-05-25;Araraquara;85;1405;1;12;1025982;31;246;239,7703;0,5816;0,149;1609,19;3,9031;116;1651
431;2020-05-26;Araraquara;83;1488;1;14;1025982;18;264;257,3145;0,6125;0,1507;1707,6323;4,065;101;1752
458;2020-05-27;Araraquara;60;1548;1;15;1025982;10;274;267,0612;0,5983;0,1504;1775,8596;3,9782;70;1822
494;2020-05-28;Araraquara;62;1610;1;15;1025982;17;291;283,6307;0,5891;0,1531;1852,859;3,8482;79;1901
539;2020-05-29;Araraquara;82;1692;1;15;1025982;16;307;299,2255;0,5696;0,1536;1948,3773;3,7087;98;1999
582;2020-05-30;Araraquara;110;1802;1;16;1025982;10;317;308,9723;0,5447;0,1496;2065,3384;3,6409;120;2119
602;2020-05-31;Araraquara;110;1912;1;16;1025982;10;327;318,719;0,5432;0,146;2182,2995;3,7193;120;2239
604;2020-06-01;Araraquara;80;1992;1;16;1025982;20;347;338,2126;0,5745;0,1484;2279,7671;3,8725;100;2339
675;2020-06-02;Araraquara;91;2083;1;16;1025982;29;376;366,4782;0,557;0,1529;2396,7282;3,643;120;2459
726;2020-06-03;Araraquara;87;2170;1;16;1025982;34;410;399,6171;0,5647;0,1589;2514,664;3,5537;121;2580
778;2020-06-04;Araraquara;93;2263;1;16;1025982;29;439;427,8828;0,5643;0,1625;2633,5745;3,473;122;2702
839;2020-06-05;Araraquara;108;2371;1;17;1025982;38;477;464,9204;0,5685;0,1675;2775,8772;3,3945;146;2848
898;2020-06-06;Araraquara;82;2453;1;18;1025982;35;512;499,0341;0,5702;0,1727;2889,9142;3,3018;117;2965
931;2020-06-07;Araraquara;82;2535;1;18;1025982;35;547;533,1478;0,5875;0,1775;3003,9513;3,3104;117;3082
964;2020-06-08;Araraquara;94;2629;1;18;1025982;44;591;576,0335;0,6131;0,1835;3138,4566;3,3402;138;3220
996;2020-06-09;Araraquara;103;2732;1;19;1025982;30;621;605,2738;0,6235;0,1852;3268,0885;3,3665;133;3353
1075;2020-06-10;Araraquara;112;2844;1;20;1025982;53;674;656,9316;0,627;0,1916;3428,9101;3,2726;165;3518
1175;2020-06-11;Araraquara;123;2967;1;21;1025982;32;706;688,1212;0,6009;0,1922;3579,9848;3,126;155;3673
1234;2020-06-12;Araraquara;93;3060;1;23;1025982;32;738;719,3109;0,5981;0,1943;3701,8193;3,0778;125;3798
1272;2020-06-13;Araraquara;89;3149;1;23;1025982;20;758;738,8044;0,5959;0,194;3808,059;3,0715;109;3907
1327;2020-06-14;Araraquara;0;3149;1;23;1025982;0;758;738,8044;0,5712;0,194;3808,059;2,9442;0;3907
0;2020-02-05;Baixada Santista;0;0;1;0;1865397;1;1;0,5361;;1;0,5361;;1;1
0;2020-02-06;Baixada Santista;0;0;1;0;1865397;1;2;1,0722;;1;1,0722;;1;2
0;2020-02-07;Baixada Santista;0;0;1;0;1865397;1;3;1,6082;;1;1,6082;;1;3
0;2020-02-08;Baixada Santista;0;0;1;0;1865397;1;4;2,1443;;1;2,1443;;1;4
0;2020-02-09;Baixada Santista;0;0;1;0;1865397;1;5;2,6804;;1;2,6804;;1;5
0;2020-02-10;Baixada Santista;0;0;1;0;1865397;1;6;3,2165;;1;3,2165;;1;6
0;2020-02-11;Baixada Santista;0;0;1;0;1865397;1;7;3,7526;;1;3,7526;;1;7
0;2020-02-12;Baixada Santista;0;0;1;0;1865397;1;8;4,2886;;1;4,2886;;1;8
0;2020-02-13;Baixada Santista;0;0;1;0;1865397;1;9;4,8247;;1;4,8247;;1;9
0;2020-02-14;Baixada Santista;0;0;1;0;1865397;1;10;5,3608;;1;5,3608;;1;10
0;2020-02-15;Baixada Santista;0;0;1;0;1865397;1;11;5,8969;;1;5,8969;;1;11
0;2020-02-16;Baixada Santista;0;0;1;0;1865397;1;12;6,4329;;1;6,4329;;1;12
0;2020-02-17;Baixada Santista;0;0;1;0;1865397;1;13;6,969;;1;6,969;;1;13
0;2020-02-18;Baixada Santista;1;1;1;0;1865397;0;13;6,969;;0,9286;7,5051;;1;14
0;2020-02-19;Baixada Santista;0;1;1;0;1865397;1;14;7,5051;;0,9333;8,0412;;1;15
0;2020-02-20;Baixada Santista;1;2;1;0;1865397;1;15;8,0412;;0,8824;9,1133;;2;17
0;2020-02-21;Baixada Santista;1;3;1;0;1865397;1;16;8,5773;;0,8421;10,1855;;2;19
0;2020-02-22;Baixada Santista;1;4;1;0;1865397;1;17;9,1133;;0,8095;11,2577;;2;21
0;2020-02-23;Baixada Santista;1;5;1;0;1865397;1;18;9,6494;;0,7826;12,3298;;2;23
0;2020-02-24;Baixada Santista;1;6;1;0;1865397;1;19;10,1855;;0,76;13,402;;2;25
0;2020-02-25;Baixada Santista;1;7;1;0;1865397;1;20;10,7216;;0,7407;14,4741;;2;27
0;2020-02-26;Baixada Santista;1;8;1;0;1865397;1;21;11,2577;;0,7241;15,5463;;2;29
0;2020-02-27;Baixada Santista;1;9;1;0;1865397;1;22;11,7937;;0,7097;16,6184;;2;31
0;2020-02-28;Baixada Santista;2;11;1;0;1865397;0;22;11,7937;;0,6667;17,6906;;2;33
0;2020-02-29;Baixada Santista;2;13;1;0;1865397;0;22;11,7937;;0,6286;18,7628;;2;35
0;2020-03-01;Baixada Santista;2;15;1;0;1865397;0;22;11,7937;;0,5946;19,8349;;2;37
0;2020-03-02;Baixada Santista;2;17;1;0;1865397;0;22;11,7937;;0,5641;20,9071;;2;39
0;2020-03-03;Baixada Santista;2;19;1;0;1865397;0;22;11,7937;;0,5366;21,9792;;2;41
0;2020-03-04;Baixada Santista;3;22;1;0;1865397;2;24;12,8659;;0,5217;24,6596;;5;46
0;2020-03-05;Baixada Santista;3;25;1;0;1865397;2;26;13,9381;;0,5098;27,34;;5;51
0;2020-03-06;Baixada Santista;3;28;1;0;1865397;2;28;15,0102;;0,5;30,0204;;5;56
0;2020-03-07;Baixada Santista;3;31;1;0;1865397;2;30;16,0824;;0,4918;32,7008;;5;61
0;2020-03-08;Baixada Santista;3;34;1;0;1865397;2;32;17,1545;;0,4848;35,3812;;5;66
0;2020-03-09;Baixada Santista;2;36;1;0;1865397;1;33;17,6906;;0,4783;36,9894;;3;69
0;2020-03-10;Baixada Santista;1;37;1;0;1865397;0;33;17,6906;;0,4714;37,5255;;1;70
0;2020-03-11;Baixada Santista;3;40;1;0;1865397;1;34;18,2267;;0,4595;39,6698;;4;74
0;2020-03-12;Baixada Santista;1;41;1;0;1865397;1;35;18,7628;;0,4605;40,742;;2;76
0;2020-03-13;Baixada Santista;1;42;1;0;1865397;1;36;19,2988;;0,4615;41,8142;;2;78
0;2020-03-14;Baixada Santista;1;43;1;0;1865397;1;37;19,8349;;0,4625;42,8863;;2;80
0;2020-03-15;Baixada Santista;7;50;1;0;1865397;1;38;20,371;;0,4318;47,1749;;8;88
0;2020-03-16;Baixada Santista;7;57;1;0;1865397;1;39;20,9071;;0,4062;51,4636;;8;96
0;2020-03-17;Baixada Santista;7;64;1;0;1865397;1;40;21,4432;;0,3846;55,7522;;8;104
0;2020-03-18;Baixada Santista;3;67;1;0;1865397;0;40;21,4432;;0,3738;57,3604;;3;107
0;2020-03-19;Baixada Santista;2;69;1;0;1865397;0;40;21,4432;;0,367;58,4326;;2;109
0;2020-03-20;Baixada Santista;2;71;1;0;1865397;0;40;21,4432;;0,3604;59,5048;;2;111
0;2020-03-21;Baixada Santista;0;71;1;0;1865397;2;42;22,5153;;0,3717;60,5769;;2;113
0;2020-03-22;Baixada Santista;6;77;1;0;1865397;0;42;22,5153;;0,3529;63,7934;;6;119
0;2020-03-23;Baixada Santista;10;87;1;0;1865397;0;42;22,5153;;0,3256;69,1542;;10;129
0;2020-03-24;Baixada Santista;6;93;1;0;1865397;0;42;22,5153;;0,3111;72,3707;;6;135
0;2020-03-25;Baixada Santista;6;99;1;0;1865397;0;42;22,5153;;0,2979;75,5871;;6;141
0;2020-03-26;Baixada Santista;5;104;1;0;1865397;1;43;23,0514;;0,2925;78,8036;;6;147
0;2020-03-27;Baixada Santista;2;106;1;0;1865397;9;52;27,8761;;0,3291;84,7005;;11;158
0;2020-03-28;Baixada Santista;34;140;1;0;1865397;1;53;28,4122;;0,2746;103,4632;;35;193
0;2020-03-29;Baixada Santista;26;166;1;0;1865397;0;53;28,4122;;0,242;117,4013;;26;219
1;2020-03-30;Baixada Santista;15;181;1;0;1865397;4;57;30,5565;57;0,2395;127,5868;238;19;238
16;2020-03-31;Baixada Santista;25;206;1;0;1865397;0;57;30,5565;3,5625;0,2167;140,9888;16,4375;25;263
29;2020-04-01;Baixada Santista;35;241;1;0;1865397;1;58;31,0926;2;0,194;160,2876;10,3103;36;299
46;2020-04-02;Baixada Santista;9;250;1;1;1865397;2;60;32,1647;1,3043;0,1935;166,1845;6,7391;11;310
66;2020-04-03;Baixada Santista;7;257;1;0;1865397;0;60;32,1647;0,9091;0,1893;169,937;4,803;7;317
80;2020-04-04;Baixada Santista;20;277;1;2;1865397;0;60;32,1647;0,75;0,178;180,6586;4,2125;20;337
86;2020-04-05;Baixada Santista;18;295;1;2;1865397;1;61;32,7008;0,7093;0,1713;190,8441;4,1395;19;356
90;2020-04-06;Baixada Santista;92;387;1;2;1865397;11;72;38,5977;0,8;0,1569;246,0602;5,1;103;459
118;2020-04-07;Baixada Santista;15;402;1;2;1865397;0;72;38,5977;0,6102;0,1519;254,1014;4,0169;15;474
143;2020-04-08;Baixada Santista;8;410;1;3;1865397;0;72;38,5977;0,5035;0,1494;258,39;3,3706;8;482
167;2020-04-09;Baixada Santista;21;431;1;5;1865397;2;74;39,6698;0,4431;0,1465;270,7199;3,024;23;505
186;2020-04-10;Baixada Santista;15;446;1;6;1865397;1;75;40,2059;0,4032;0,144;279,2971;2,8011;16;521
190;2020-04-11;Baixada Santista;46;492;1;8;1865397;6;81;43,4224;0,4263;0,1414;307,1732;3,0158;52;573
213;2020-04-12;Baixada Santista;23;515;1;8;1865397;0;81;43,4224;0,3803;0,1359;319,503;2,7981;23;596
215;2020-04-13;Baixada Santista;26;541;1;8;1865397;0;81;43,4224;0,3767;0,1302;333,4411;2,893;26;622
227;2020-04-14;Baixada Santista;23;564;1;9;1865397;5;86;46,1028;0,3789;0,1323;348,4513;2,8634;28;650
300;2020-04-15;Baixada Santista;16;580;1;19;1865397;5;91;48,7832;0,3033;0,1356;359,709;2,2367;21;671
356;2020-04-16;Baixada Santista;44;624;1;23;1865397;40;131;70,2263;0,368;0,1735;404,7396;2,1208;84;755
405;2020-04-17;Baixada Santista;215;839;1;29;1865397;69;200;107,2158;0,4938;0,1925;556,986;2,5654;284;1039
448;2020-04-18;Baixada Santista;49;888;1;29;1865397;8;208;111,5044;0,4643;0,1898;587,5425;2,4464;57;1096
492;2020-04-19;Baixada Santista;25;913;1;30;1865397;16;224;120,0817;0,4553;0,197;609,5217;2,311;41;1137
518;2020-04-20;Baixada Santista;170;1083;1;30;1865397;84;308;165,1123;0,5946;0,2214;745,6858;2,6853;254;1391
543;2020-04-21;Baixada Santista;155;1238;1;31;1865397;110;418;224,081;0,7698;0,2524;887,7467;3,0497;265;1656
552;2020-04-22;Baixada Santista;113;1351;1;31;1865397;47;465;249,2767;0,8424;0,2561;973,5193;3,2899;160;1816
572;2020-04-23;Baixada Santista;153;1504;1;31;1865397;62;527;282,5136;0,9213;0,2595;1088,7763;3,5507;215;2031
679;2020-04-24;Baixada Santista;60;1564;1;32;1865397;21;548;293,7712;0,8071;0,2595;1132,1987;3,1105;81;2112
782;2020-04-25;Baixada Santista;80;1644;1;45;1865397;46;594;318,4309;0,7596;0,2654;1199,7446;2,8619;126;2238
798;2020-04-26;Baixada Santista;43;1687;1;45;1865397;21;615;329,6885;0,7707;0,2672;1234,0537;2,8847;64;2302
852;2020-04-27;Baixada Santista;119;1806;1;49;1865397;64;679;363,9976;0,7969;0,2732;1332,1561;2,9167;183;2485
952;2020-04-28;Baixada Santista;17;1823;1;76;1865397;4;683;366,1419;0,7174;0,2725;1343,4138;2,6324;21;2506
1049;2020-04-29;Baixada Santista;77;1900;1;84;1865397;43;726;389,1933;0,6921;0,2765;1407,7432;2,5033;120;2626
1118;2020-04-30;Baixada Santista;49;1949;1;87;1865397;38;764;409,5643;0,6834;0,2816;1454,3821;2,4267;87;2713
1185;2020-05-01;Baixada Santista;43;1992;1;89;1865397;27;791;424,0384;0,6675;0,2842;1491,9076;2,3485;70;2783
1200;2020-05-02;Baixada Santista;39;2031;1;90;1865397;19;810;434,2239;0,675;0,2851;1523,0002;2,3675;58;2841
1219;2020-05-03;Baixada Santista;2;2033;1;90;1865397;4;814;436,3682;0,6678;0,2859;1526,2167;2,3355;6;2847
1222;2020-05-04;Baixada Santista;65;2098;1;90;1865397;41;855;458,3475;0,6997;0,2895;1583,041;2,4165;106;2953
1290;2020-05-05;Baixada Santista;30;2128;1;108;1865397;24;879;471,2134;0,6814;0,2923;1611,9893;2,331;54;3007
1525;2020-05-06;Baixada Santista;22;2150;1;113;1865397;25;904;484,6153;0,5928;0,296;1637,185;2,0026;47;3054
1675;2020-05-07;Baixada Santista;41;2191;1;127;1865397;33;937;502,3059;0,5594;0,2996;1676,8548;1,8675;74;3128
1738;2020-05-08;Baixada Santista;34;2225;1;133;1865397;64;1001;536,615;0,5759;0,3103;1729,3906;1,8562;98;3226
1845;2020-05-09;Baixada Santista;61;2286;1;141;1865397;69;1070;573,6044;0,5799;0,3188;1799,0808;1,819;130;3356
1883;2020-05-10;Baixada Santista;6;2292;1;141;1865397;10;1080;578,9652;0,5736;0,3203;1807,6581;1,7908;16;3372
1916;2020-05-11;Baixada Santista;35;2327;1;142;1865397;37;1117;598,8001;0,583;0,3243;1846,2558;1,7975;72;3444
1985;2020-05-12;Baixada Santista;15;2342;1;146;1865397;21;1138;610,0578;0,5733;0,327;1865,5546;1,7531;36;3480
2130;2020-05-13;Baixada Santista;49;2391;1;151;1865397;37;1175;629,8927;0,5516;0,3295;1911,6574;1,6742;86;3566
2296;2020-05-14;Baixada Santista;32;2423;1;160;1865397;47;1222;655,0884;0,5322;0,3353;1954,0076;1,5875;79;3645
2524;2020-05-15;Baixada Santista;36;2459;1;167;1865397;32;1254;672,243;0,4968;0,3377;1990,461;1,4711;68;3713
2653;2020-05-16;Baixada Santista;36;2495;1;174;1865397;32;1286;689,3975;0,4847;0,3401;2026,9144;1,4252;68;3781
2780;2020-05-17;Baixada Santista;36;2531;1;185;1865397;32;1318;706,552;0,4741;0,3424;2063,3677;1,3845;68;3849
2867;2020-05-18;Baixada Santista;36;2567;1;192;1865397;32;1350;723,7065;0,4709;0,3447;2099,8211;1,3662;68;3917
2986;2020-05-19;Baixada Santista;55;2622;1;219;1865397;83;1433;768,2011;0,4799;0,3534;2173,8;1,358;138;4055
3228;2020-05-20;Baixada Santista;56;2678;1;225;1865397;74;1507;807,8709;0,4669;0,3601;2243,4903;1,2965;130;4185
3415;2020-05-21;Baixada Santista;27;2705;1;229;1865397;33;1540;825,5615;0,451;0,3628;2275,655;1,243;60;4245
3706;2020-05-22;Baixada Santista;17;2722;1;242;1865397;42;1582;848,0768;0,4269;0,3676;2307,2837;1,1614;59;4304
3945;2020-05-23;Baixada Santista;17;2739;1;260;1865397;42;1624;870,5922;0,4117;0,3722;2338,9123;1,106;59;4363
4150;2020-05-24;Baixada Santista;17;2756;1;282;1865397;42;1666;893,1075;0,4014;0,3768;2370,541;1,0655;59;4422
4444;2020-05-25;Baixada Santista;38;2794;1;288;1865397;51;1717;920,4475;0,3864;0,3806;2418,252;1,0151;89;4511
4685;2020-05-26;Baixada Santista;22;2816;1;294;1865397;22;1739;932,2412;0,3712;0,3818;2441,8395;0,9723;44;4555
4925;2020-05-27;Baixada Santista;31;2847;1;321;1865397;39;1778;953,1483;0,361;0,3844;2479,365;0,9391;70;4625
5256;2020-05-28;Baixada Santista;40;2887;1;349;1865397;38;1816;973,5193;0,3455;0,3861;2521,1791;0,8948;78;4703
5718;2020-05-29;Baixada Santista;42;2929;1;372;1865397;39;1855;994,4264;0,3244;0,3878;2564,6015;0,8367;81;4784
6244;2020-05-30;Baixada Santista;42;2971;1;389;1865397;39;1894;1015,3335;0,3033;0,3893;2608,0239;0,7791;81;4865
6598;2020-05-31;Baixada Santista;42;3013;1;393;1865397;39;1933;1036,2405;0,293;0,3908;2651,4463;0,7496;81;4946
6813;2020-06-01;Baixada Santista;40;3053;1;393;1865397;38;1971;1056,6115;0,2893;0,3923;2693,2605;0,7374;78;5024
7577;2020-06-02;Baixada Santista;52;3105;1;417;1865397;46;2017;1081,2712;0,2662;0,3938;2745,7962;0,676;98;5122
8063;2020-06-03;Baixada Santista;17;3122;1;435;1865397;25;2042;1094,6731;0,2533;0,3954;2768,3115;0,6405;42;5164
8615;2020-06-04;Baixada Santista;16;3138;1;465;1865397;31;2073;1111,2916;0,2406;0,3978;2793,5072;0,6049;47;5211
9286;2020-06-05;Baixada Santista;48;3186;1;471;1865397;36;2109;1130,5904;0,2271;0,3983;2838,5379;0,5702;84;5295
10067;2020-06-06;Baixada Santista;54;3240;1;495;1865397;85;2194;1176,1571;0,2179;0,4038;2913,0528;0,5398;139;5434
10234;2020-06-07;Baixada Santista;54;3294;1;497;1865397;85;2279;1221,7238;0,2227;0,4089;2987,5678;0,5446;139;5573
10305;2020-06-08;Baixada Santista;8;3302;1;500;1865397;3;2282;1223,3321;0,2214;0,4087;2993,4647;0,5419;11;5584
10819;2020-06-09;Baixada Santista;70;3372;1;514;1865397;32;2314;1240,4866;0,2139;0,407;3048,1447;0,5256;102;5686
11425;2020-06-10;Baixada Santista;52;3424;1;523;1865397;44;2358;1264,0741;0,2064;0,4078;3099,6083;0,5061;96;5782
11984;2020-06-11;Baixada Santista;79;3503;1;541;1865397;42;2400;1286,5894;0,2003;0,4066;3164,4738;0,4926;121;5903
12443;2020-06-12;Baixada Santista;29;3532;1;551;1865397;26;2426;1300,5274;0,195;0,4072;3193,9582;0,4788;55;5958
12895;2020-06-13;Baixada Santista;0;3532;1;558;1865397;0;2426;1300,5274;0,1881;0,4072;3193,9582;0,462;0;5958
13373;2020-06-14;Baixada Santista;0;3532;1;571;1865397;0;2426;1300,5274;0,1814;0,4072;3193,9582;0,4455;0;5958
0;2020-03-04;Marília;2;2;1;0;1149132;0;0;0;;0;1,7404;;2;2
0;2020-03-05;Marília;2;4;1;0;1149132;0;0;0;;0;3,4809;;2;4
0;2020-03-06;Marília;2;6;1;0;1149132;0;0;0;;0;5,2213;;2;6
0;2020-03-07;Marília;2;8;1;0;1149132;0;0;0;;0;6,9618;;2;8
0;2020-03-08;Marília;2;10;1;0;1149132;0;0;0;;0;8,7022;;2;10
0;2020-03-09;Marília;2;12;1;0;1149132;0;0;0;;0;10,4427;;2;12
0;2020-03-10;Marília;1;13;1;0;1149132;0;0;0;;0;11,3129;;1;13
0;2020-03-11;Marília;2;15;1;0;1149132;0;0;0;;0;13,0533;;2;15
0;2020-03-12;Marília;2;17;1;0;1149132;0;0;0;;0;14,7938;;2;17
0;2020-03-13;Marília;2;19;1;0;1149132;0;0;0;;0;16,5342;;2;19
0;2020-03-14;Marília;2;21;1;0;1149132;0;0;0;;0;18,2747;;2;21
0;2020-03-15;Marília;2;23;1;0;1149132;0;0;0;;0;20,0151;;2;23
0;2020-03-16;Marília;2;25;1;0;1149132;0;0;0;;0;21,7556;;2;25
0;2020-03-17;Marília;2;27;1;0;1149132;0;0;0;;0;23,496;;2;27
0;2020-03-18;Marília;2;29;1;0;1149132;0;0;0;;0;25,2364;;2;29
0;2020-03-19;Marília;2;31;1;0;1149132;0;0;0;;0;26,9769;;2;31
0;2020-03-20;Marília;2;33;1;0;1149132;0;0;0;;0;28,7173;;2;33
0;2020-03-21;Marília;2;35;1;0;1149132;0;0;0;;0;30,4578;;2;35
0;2020-03-22;Marília;1;36;1;0;1149132;0;0;0;;0;31,328;;1;36
0;2020-03-23;Marília;1;37;1;0;1149132;0;0;0;;0;32,1982;;1;37
0;2020-03-24;Marília;10;47;1;0;1149132;0;0;0;;0;40,9004;;10;47
0;2020-03-25;Marília;10;57;1;0;1149132;0;0;0;;0;49,6027;;10;57
0;2020-03-26;Marília;1;58;1;0;1149132;0;0;0;;0;50,4729;;1;58
0;2020-03-27;Marília;1;59;1;0;1149132;0;0;0;;0;51,3431;;1;59
0;2020-03-28;Marília;1;60;1;0;1149132;0;0;0;;0;52,2133;;1;60
0;2020-03-29;Marília;1;61;1;0;1149132;0;0;0;;0;53,0835;;1;61
0;2020-03-30;Marília;3;64;1;0;1149132;0;0;0;;0;55,6942;;3;64
0;2020-03-31;Marília;2;66;1;0;1149132;0;0;0;;0;57,4347;;2;66
0;2020-04-01;Marília;10;76;1;0;1149132;0;0;0;;0;66,1369;;10;76
1;2020-04-02;Marília;3;79;1;0;1149132;1;1;0,8702;1;0,0125;69,6178;80;4;80
3;2020-04-03;Marília;2;81;1;0;1149132;0;1;0,8702;0,3333;0,0122;71,3582;27,3333;2;82
3;2020-04-04;Marília;3;84;1;0;1149132;0;1;0,8702;0,3333;0,0118;73,9689;28,3333;3;85
2;2020-04-05;Marília;7;91;1;0;1149132;1;2;1,7404;1;0,0215;80,9307;46,5;8;93
4;2020-04-06;Marília;9;100;1;0;1149132;3;5;4,3511;1,25;0,0476;91,3733;26,25;12;105
6;2020-04-07;Marília;6;106;1;0;1149132;0;5;4,3511;0,8333;0,045;96,5946;18,5;6;111
5;2020-04-08;Marília;12;118;1;0;1149132;1;6;5,2213;1,2;0,0484;107,9075;24,8;13;124
6;2020-04-09;Marília;31;149;1;1;1149132;2;8;6,9618;1,3333;0,051;136,6249;26,1667;33;157
12;2020-04-10;Marília;7;156;1;1;1149132;0;8;6,9618;0,6667;0,0488;142,7164;13,6667;7;164
11;2020-04-11;Marília;1;157;1;1;1149132;0;8;6,9618;0,7273;0,0485;143,5866;15;1;165
11;2020-04-12;Marília;1;158;1;1;1149132;0;8;6,9618;0,7273;0,0482;144,4569;15,0909;1;166
13;2020-04-13;Marília;1;159;1;1;1149132;2;10;8,7022;0,7692;0,0592;147,0675;13;3;169
18;2020-04-14;Marília;1;160;1;1;1149132;0;10;8,7022;0,5556;0,0588;147,9377;9,4444;1;170
24;2020-04-15;Marília;4;164;1;2;1149132;2;12;10,4427;0,5;0,0682;153,1591;7,3333;6;176
29;2020-04-16;Marília;5;169;1;2;1149132;1;13;11,3129;0,4483;0,0714;158,3804;6,2759;6;182
30;2020-04-17;Marília;30;199;1;2;1149132;3;16;13,9236;0,5333;0,0744;187,0977;7,1667;33;215
31;2020-04-18;Marília;8;207;1;2;1149132;2;18;15,664;0,5806;0,08;195,8;7,2581;10;225
31;2020-04-19;Marília;46;253;1;2;1149132;3;21;18,2747;0,6774;0,0766;238,4408;8,8387;49;274
33;2020-04-20;Marília;31;284;1;2;1149132;4;25;21,7556;0,7576;0,0809;268,8986;9,3636;35;309
37;2020-04-21;Marília;50;334;1;2;1149132;4;29;25,2364;0,7838;0,0799;315,8906;9,8108;54;363
37;2020-04-22;Marília;31;365;1;2;1149132;8;37;32,1982;1;0,092;349,8293;10,8649;39;402
41;2020-04-23;Marília;10;375;1;4;1149132;1;38;33,0684;0,9268;0,092;359,4017;10,0732;11;413
42;2020-04-24;Marília;9;384;1;4;1149132;4;42;36,5493;1;0,0986;370,7146;10,1429;13;426
50;2020-04-25;Marília;2;386;1;5;1149132;0;42;36,5493;0,84;0,0981;372,455;8,56;2;428
50;2020-04-26;Marília;59;445;1;5;1149132;7;49;42,6409;0,98;0,0992;429,8897;9,88;66;494
55;2020-04-27;Marília;0;445;1;7;1149132;1;50;43,5111;0,9091;0,101;430,7599;9;1;495
61;2020-04-28;Marília;6;451;1;8;1149132;2;52;45,2515;0,8525;0,1034;437,7217;8,2459;8;503
70;2020-04-29;Marília;1;452;1;9;1149132;0;52;45,2515;0,7429;0,1032;438,5919;7,2;1;504
83;2020-04-30;Marília;75;527;1;9;1149132;16;68;59,1751;0,8193;0,1143;517,7821;7,1687;91;595
95;2020-05-01;Marília;2;529;1;10;1149132;0;68;59,1751;0,7158;0,1139;519,5226;6,2842;2;597
101;2020-05-02;Marília;3;532;1;10;1149132;1;69;60,0453;0,6832;0,1148;523,0034;5,9505;4;601
101;2020-05-03;Marília;8;540;1;10;1149132;0;69;60,0453;0,6832;0,1133;529,9652;6,0297;8;609
101;2020-05-04;Marília;19;559;1;10;1149132;4;73;63,5262;0,7228;0,1155;549,9803;6,2574;23;632
115;2020-05-05;Marília;24;583;1;10;1149132;8;81;70,488;0,7043;0,122;577,8274;5,7739;32;664
133;2020-05-06;Marília;29;612;1;11;1149132;5;86;74,8391;0,6466;0,1232;607,415;5,2481;34;698
137;2020-05-07;Marília;22;634;1;11;1149132;7;93;80,9307;0,6788;0,1279;632,6514;5,3066;29;727
146;2020-05-08;Marília;36;670;1;13;1149132;5;98;85,2818;0,6712;0,1276;668,3305;5,2603;41;768
154;2020-05-09;Marília;15;685;1;13;1149132;4;102;88,7626;0,6623;0,1296;684,8648;5,1104;19;787
156;2020-05-10;Marília;1;686;1;13;1149132;0;102;88,7626;0,6538;0,1294;685,735;5,0513;1;788
159;2020-05-11;Marília;7;693;1;13;1149132;2;104;90,5031;0,6541;0,1305;693,567;5,0126;9;797
175;2020-05-12;Marília;22;715;1;14;1149132;4;108;93,984;0,6171;0,1312;716,1927;4,7029;26;823
191;2020-05-13;Marília;24;739;1;14;1149132;1;109;94,8542;0,5707;0,1285;737,9483;4,4398;25;848
205;2020-05-14;Marília;29;768;1;14;1149132;2;111;96,5946;0,5415;0,1263;764,9252;4,2878;31;879
242;2020-05-15;Marília;32;800;1;14;1149132;1;112;97,4649;0,4628;0,1228;793,6425;3,7686;33;912
252;2020-05-16;Marília;11;811;1;15;1149132;2;114;99,2053;0,4524;0,1232;804,9554;3,6706;13;925
254;2020-05-17;Marília;4;815;1;15;1149132;0;114;99,2053;0,4488;0,1227;808,4363;3,6575;4;929
257;2020-05-18;Marília;4;819;1;15;1149132;0;114;99,2053;0,4436;0,1222;811,9172;3,6304;4;933
271;2020-05-19;Marília;29;848;1;16;1149132;8;122;106,1671;0,4502;0,1258;844,1154;3,5793;37;970
285;2020-05-20;Marília;12;860;1;18;1149132;1;123;107,0373;0,4316;0,1251;855,4283;3,4491;13;983
305;2020-05-21;Marília;21;881;1;21;1149132;2;125;108,7778;0,4098;0,1243;875,4434;3,2984;23;1006
319;2020-05-22;Marília;21;902;1;21;1149132;2;127;110,5182;0,3981;0,1234;895,4585;3,2257;23;1029
332;2020-05-23;Marília;25;927;1;21;1149132;3;130;113,1289;0,3916;0,123;919,8247;3,1837;28;1057
332;2020-05-24;Marília;25;952;1;21;1149132;3;133;115,7395;0,4006;0,1226;944,1909;3,2681;28;1085
332;2020-05-25;Marília;15;967;1;21;1149132;2;135;117,48;0,4066;0,1225;958,9847;3,3193;17;1102
332;2020-05-26;Marília;21;988;1;21;1149132;1;136;118,3502;0,4096;0,121;978,1296;3,3855;22;1124
347;2020-05-27;Marília;30;1018;1;23;1149132;1;137;119,2204;0,3948;0,1186;1005,1065;3,3285;31;1155
378;2020-05-28;Marília;3;1021;1;23;1149132;0;137;119,2204;0,3624;0,1183;1007,7171;3,0635;3;1158
398;2020-05-29;Marília;5;1026;1;23;1149132;3;140;121,8311;0,3518;0,1201;1014,6789;2,9296;8;1166
449;2020-05-30;Marília;34;1060;1;23;1149132;13;153;133,144;0,3408;0,1261;1055,5793;2,7016;47;1213
450;2020-05-31;Marília;34;1094;1;23;1149132;13;166;144,4569;0,3689;0,1317;1096,4798;2,8;47;1260
461;2020-06-01;Marília;71;1165;1;23;1149132;8;174;151,4186;0,3774;0,1299;1165,2273;2,9046;79;1339
482;2020-06-02;Marília;9;1174;1;23;1149132;9;183;159,2506;0,3797;0,1349;1180,8913;2,8154;18;1357
514;2020-06-03;Marília;17;1191;1;24;1149132;8;191;166,2124;0,3716;0,1382;1202,6469;2,6887;25;1382
553;2020-06-04;Marília;12;1203;1;27;1149132;8;199;173,1742;0,3599;0,1419;1220,0513;2,5353;20;1402
586;2020-06-05;Marília;20;1223;1;28;1149132;2;201;174,9146;0,343;0,1412;1239,1962;2,43;22;1424
616;2020-06-06;Marília;23;1246;1;29;1149132;0;201;174,9146;0,3263;0,1389;1259,2113;2,349;23;1447
621;2020-06-07;Marília;1;1247;1;29;1149132;2;203;176,6551;0,3269;0,14;1261,822;2,3349;3;1450
630;2020-06-08;Marília;43;1290;1;29;1149132;11;214;186,2275;0,3397;0,1423;1308,814;2,3873;54;1504
654;2020-06-09;Marília;44;1334;1;30;1149132;14;228;198,4106;0,3486;0,146;1359,2868;2,3884;58;1562
710;2020-06-10;Marília;43;1377;1;32;1149132;23;251;218,4257;0,3535;0,1542;1416,7215;2,293;66;1628
769;2020-06-11;Marília;15;1392;1;34;1149132;7;258;224,5173;0,3355;0,1564;1435,8664;2,1456;22;1650
785;2020-06-12;Marília;77;1469;1;34;1149132;17;275;239,3111;0,3503;0,1577;1517,6672;2,2217;94;1744
796;2020-06-13;Marília;13;1482;1;34;1149132;13;288;250,6239;0,3618;0,1627;1540,293;2,2236;26;1770
808;2020-06-14;Marília;1;1483;1;34;1149132;0;288;250,6239;0,3564;0,1626;1541,1632;2,1918;1;1771
0;2020-03-03;Barretos;1;1;1;0;440907;0;0;0;;0;2,2681;;1;1
0;2020-03-04;Barretos;1;2;1;0;440907;0;0;0;;0;4,5361;;1;2
0;2020-03-05;Barretos;1;3;1;0;440907;0;0;0;;0;6,8042;;1;3
0;2020-03-06;Barretos;1;4;1;0;440907;0;0;0;;0;9,0722;;1;4
0;2020-03-07;Barretos;1;5;1;0;440907;0;0;0;;0;11,3403;;1;5
0;2020-03-08;Barretos;1;6;1;0;440907;0;0;0;;0;13,6083;;1;6
0;2020-03-09;Barretos;1;7;1;0;440907;0;0;0;;0;15,8764;;1;7
0;2020-03-10;Barretos;1;8;1;0;440907;0;0;0;;0;18,1444;;1;8
0;2020-03-11;Barretos;1;9;1;0;440907;0;0;0;;0;20,4125;;1;9
0;2020-03-12;Barretos;1;10;1;0;440907;0;0;0;;0;22,6805;;1;10
0;2020-03-13;Barretos;1;11;1;0;440907;0;0;0;;0;24,9486;;1;11
0;2020-03-14;Barretos;1;12;1;0;440907;0;0;0;;0;27,2166;;1;12
0;2020-03-15;Barretos;1;13;1;0;440907;0;0;0;;0;29,4847;;1;13
0;2020-03-16;Barretos;1;14;1;0;440907;0;0;0;;0;31,7527;;1;14
0;2020-03-17;Barretos;1;15;1;0;440907;0;0;0;;0;34,0208;;1;15
0;2020-03-18;Barretos;1;16;1;0;440907;0;0;0;;0;36,2888;;1;16
0;2020-03-19;Barretos;1;17;1;0;440907;0;0;0;;0;38,5569;;1;17
0;2020-03-20;Barretos;1;18;1;0;440907;0;0;0;;0;40,8249;;1;18
0;2020-03-21;Barretos;1;19;1;0;440907;0;0;0;;0;43,093;;1;19
0;2020-03-22;Barretos;1;20;1;0;440907;0;0;0;;0;45,361;;1;20
0;2020-03-23;Barretos;1;21;1;0;440907;0;0;0;;0;47,6291;;1;21
0;2020-03-24;Barretos;1;22;1;0;440907;0;0;0;;0;49,8971;;1;22
0;2020-03-25;Barretos;1;23;1;0;440907;0;0;0;;0;52,1652;;1;23
0;2020-03-26;Barretos;1;24;1;0;440907;0;0;0;;0;54,4332;;1;24
0;2020-03-27;Barretos;3;27;1;0;440907;0;0;0;;0;61,2374;;3;27
0;2020-03-28;Barretos;2;29;1;0;440907;0;0;0;;0;65,7735;;2;29
0;2020-03-29;Barretos;2;31;1;0;440907;0;0;0;;0;70,3096;;2;31
0;2020-03-30;Barretos;1;32;1;0;440907;0;0;0;;0;72,5777;;1;32
0;2020-03-31;Barretos;1;33;1;0;440907;0;0;0;;0;74,8457;;1;33
0;2020-04-01;Barretos;1;34;1;0;440907;0;0;0;;0;77,1138;;1;34
0;2020-04-02;Barretos;2;36;1;0;440907;0;0;0;;0;81,6499;;2;36
0;2020-04-03;Barretos;0;36;1;0;440907;2;2;4,5361;;0,0526;86,186;;2;38
0;2020-04-04;Barretos;2;38;1;0;440907;0;2;4,5361;;0,05;90,7221;;2;40
1;2020-04-05;Barretos;2;40;1;0;440907;0;2;4,5361;2;0,0476;95,2582;42;2;42
1;2020-04-06;Barretos;1;41;1;0;440907;2;4;9,0722;4;0,0889;102,0623;45;3;45
3;2020-04-07;Barretos;13;54;1;0;440907;3;7;15,8764;2,3333;0,1148;138,3512;20,3333;16;61
9;2020-04-08;Barretos;15;69;1;0;440907;1;8;18,1444;0,8889;0,1039;174,64;8,5556;16;77
9;2020-04-09;Barretos;8;77;1;0;440907;3;11;24,9486;1,2222;0,125;199,5886;9,7778;11;88
9;2020-04-10;Barretos;5;82;1;0;440907;0;11;24,9486;1,2222;0,1183;210,9288;10,3333;5;93
8;2020-04-11;Barretos;2;84;1;0;440907;0;11;24,9486;1,375;0,1158;215,4649;11,875;2;95
8;2020-04-12;Barretos;11;95;1;0;440907;2;13;29,4847;1,625;0,1204;244,9496;13,5;13;108
9;2020-04-13;Barretos;6;101;1;0;440907;0;13;29,4847;1,4444;0,114;258,5579;12,6667;6;114
10;2020-04-14;Barretos;13;114;1;0;440907;4;17;38,5569;1,7;0,1298;297,1148;13,1;17;131
12;2020-04-15;Barretos;19;133;1;0;440907;6;23;52,1652;1,9167;0,1474;353,8161;13;25;156
16;2020-04-16;Barretos;17;150;1;0;440907;2;25;56,7013;1,5625;0,1429;396,9091;10,9375;19;175
18;2020-04-17;Barretos;18;168;1;0;440907;0;25;56,7013;1,3889;0,1295;437,734;10,7222;18;193
16;2020-04-18;Barretos;1;169;1;0;440907;0;25;56,7013;1,5625;0,1289;440,0021;12,125;1;194
16;2020-04-19;Barretos;5;174;1;0;440907;1;26;58,9694;1,625;0,13;453,6104;12,5;6;200
16;2020-04-20;Barretos;3;177;1;0;440907;0;26;58,9694;1,625;0,1281;460,4146;12,6875;3;203
19;2020-04-21;Barretos;4;181;1;2;440907;0;26;58,9694;1,3684;0,1256;469,4868;10,8947;4;207
24;2020-04-22;Barretos;27;208;1;2;440907;11;37;83,9179;1,5417;0,151;555,6727;10,2083;38;245
24;2020-04-23;Barretos;16;224;1;2;440907;3;40;90,7221;1,6667;0,1515;598,7657;11;19;264
31;2020-04-24;Barretos;0;224;1;2;440907;1;41;92,9901;1,3226;0,1547;601,0338;8,5484;1;265
33;2020-04-25;Barretos;14;238;1;2;440907;4;45;102,0623;1,3636;0,159;641,8587;8,5758;18;283
33;2020-04-26;Barretos;14;252;1;2;440907;4;49;111,1345;1,4848;0,1628;682,6836;9,1212;18;301
33;2020-04-27;Barretos;15;267;1;2;440907;2;51;115,6707;1,5455;0,1604;721,2405;9,6364;17;318
43;2020-04-28;Barretos;1;268;1;2;440907;0;51;115,6707;1,186;0,1599;723,5086;7,4186;1;319
47;2020-04-29;Barretos;26;294;1;3;440907;6;57;129,279;1,2128;0,1624;796,0862;7,4681;32;351
69;2020-04-30;Barretos;26;320;1;3;440907;6;63;142,8873;0,913;0,1645;868,6639;5,5507;32;383
76;2020-05-01;Barretos;26;346;1;3;440907;6;69;156,4956;0,9079;0,1663;941,2416;5,4605;32;415
77;2020-05-02;Barretos;20;366;1;3;440907;6;75;170,1039;0,974;0,1701;1000,2109;5,7273;26;441
77;2020-05-03;Barretos;20;386;1;3;440907;6;81;183,7122;1,0519;0,1734;1059,1803;6,0649;26;467
78;2020-05-04;Barretos;27;413;1;3;440907;5;86;195,0525;1,1026;0,1723;1131,7579;6,3974;32;499
80;2020-05-05;Barretos;27;440;1;3;440907;5;91;206,3927;1,1375;0,1714;1204,3356;6,6375;32;531
81;2020-05-06;Barretos;12;452;1;3;440907;0;91;206,3927;1,1235;0,1676;1231,5522;6,7037;12;543
92;2020-05-07;Barretos;19;471;1;3;440907;4;95;215,4649;1,0326;0,1678;1283,7174;6,1522;23;566
98;2020-05-08;Barretos;16;487;1;4;440907;3;98;222,2691;1;0,1675;1326,8104;5,9694;19;585
102;2020-05-09;Barretos;16;503;1;5;440907;3;101;229,0733;0,9902;0,1672;1369,9034;5,9216;19;604
103;2020-05-10;Barretos;16;519;1;5;440907;3;104;235,8774;1,0097;0,1669;1412,9964;6,0485;19;623
103;2020-05-11;Barretos;29;548;1;5;440907;6;110;249,4857;1,068;0,1672;1492,3782;6,3883;35;658
109;2020-05-12;Barretos;11;559;1;5;440907;2;112;254,0218;1,0275;0,1669;1521,8629;6,156;13;671
128;2020-05-13;Barretos;9;568;1;6;440907;3;115;260,826;0,8984;0,1684;1549,0795;5,3359;12;683
149;2020-05-14;Barretos;37;605;1;8;440907;10;125;283,5065;0,8389;0,1712;1655,678;4,8993;47;730
161;2020-05-15;Barretos;8;613;1;11;440907;8;133;301,6509;0,8261;0,1783;1691,9668;4,6335;16;746
186;2020-05-16;Barretos;18;631;1;11;440907;4;137;310,7231;0,7366;0,1784;1741,8639;4,129;22;768
190;2020-05-17;Barretos;18;649;1;11;440907;4;141;319,7953;0,7421;0,1785;1791,7611;4,1579;22;790
193;2020-05-18;Barretos;18;667;1;11;440907;4;145;328,8675;0,7513;0,1786;1841,6582;4,2073;22;812
205;2020-05-19;Barretos;24;691;1;11;440907;4;149;337,9397;0,7268;0,1774;1905,1637;4,0976;28;840
220;2020-05-20;Barretos;12;703;1;12;440907;4;153;347,012;0,6955;0,1787;1941,4525;3,8909;16;856
242;2020-05-21;Barretos;12;715;1;14;440907;4;157;356,0842;0,6488;0,18;1977,7413;3,6033;16;872
250;2020-05-22;Barretos;14;729;1;14;440907;4;161;365,1564;0,644;0,1809;2018,5663;3,56;18;890
259;2020-05-23;Barretos;13;742;1;14;440907;6;167;378,7647;0,6448;0,1837;2061,6593;3,5097;19;909
274;2020-05-24;Barretos;13;755;1;14;440907;6;173;392,373;0,6314;0,1864;2104,7522;3,3869;19;928
278;2020-05-25;Barretos;7;762;1;14;440907;1;174;394,641;0,6259;0,1859;2122,8967;3,3669;8;936
280;2020-05-26;Barretos;4;766;1;14;440907;0;174;394,641;0,6214;0,1851;2131,9689;3,3571;4;940
292;2020-05-27;Barretos;9;775;1;15;440907;0;174;394,641;0,5959;0,1834;2152,3813;3,25;9;949
306;2020-05-28;Barretos;4;779;1;18;440907;2;176;399,1772;0,5752;0,1843;2165,9897;3,1209;6;955
336;2020-05-29;Barretos;9;788;1;18;440907;14;190;430,9299;0,5655;0,1943;2218,1548;2,9107;23;978
376;2020-05-30;Barretos;9;797;1;18;440907;6;196;444,5382;0,5213;0,1974;2252,1756;2,641;15;993
380;2020-05-31;Barretos;9;806;1;18;440907;6;202;458,1465;0,5316;0,2004;2286,1964;2,6526;15;1008
380;2020-06-01;Barretos;7;813;1;18;440907;2;204;462,6826;0,5368;0,2006;2306,6089;2,6763;9;1017
433;2020-06-02;Barretos;12;825;1;18;440907;5;209;474,0229;0,4827;0,2021;2345,1658;2,388;17;1034
456;2020-06-03;Barretos;6;831;1;21;440907;6;215;487,6312;0,4715;0,2055;2372,3824;2,2939;12;1046
475;2020-06-04;Barretos;6;837;1;23;440907;4;219;496,7034;0,4611;0,2074;2395,0629;2,2232;10;1056
511;2020-06-05;Barretos;11;848;1;24;440907;7;226;512,5798;0,4423;0,2104;2435,8878;2,1018;18;1074
548;2020-06-06;Barretos;11;859;1;25;440907;7;233;528,4561;0,4252;0,2134;2476,7128;1,9927;18;1092
554;2020-06-07;Barretos;11;870;1;25;440907;7;240;544,3325;0,4332;0,2162;2517,5377;2,0036;18;1110
555;2020-06-08;Barretos;12;882;1;25;440907;10;250;567,013;0,4505;0,2208;2567,4349;2,0396;22;1132
597;2020-06-09;Barretos;11;893;1;26;440907;2;252;571,5491;0,4221;0,2201;2596,9195;1,9179;13;1145
641;2020-06-10;Barretos;15;908;1;26;440907;3;255;578,3533;0,3978;0,2193;2637,7445;1,8144;18;1163
664;2020-06-11;Barretos;13;921;1;27;440907;12;267;605,5699;0,4021;0,2247;2694,4458;1,7892;25;1188
711;2020-06-12;Barretos;6;927;1;27;440907;0;267;605,5699;0,3755;0,2236;2708,0541;1,6793;6;1194
742;2020-06-13;Barretos;7;934;1;27;440907;3;270;612,374;0,3639;0,2243;2730,7346;1,6226;10;1204
751;2020-06-14;Barretos;0;934;1;27;440907;0;270;612,374;0,3595;0,2243;2730,7346;1,6032;0;1204
0;2020-02-07;Bauru;1;1;1;0;1800757;0;0;0;;0;0,5553;;1;1
0;2020-02-08;Bauru;1;2;1;0;1800757;0;0;0;;0;1,1106;;1;2
0;2020-02-09;Bauru;1;3;1;0;1800757;0;0;0;;0;1,666;;1;3
0;2020-02-10;Bauru;1;4;1;0;1800757;0;0;0;;0;2,2213;;1;4
0;2020-02-11;Bauru;1;5;1;0;1800757;0;0;0;;0;2,7766;;1;5
0;2020-02-12;Bauru;1;6;1;0;1800757;0;0;0;;0;3,3319;;1;6
0;2020-02-13;Bauru;1;7;1;0;1800757;0;0;0;;0;3,8873;;1;7
0;2020-02-14;Bauru;1;8;1;0;1800757;0;0;0;;0;4,4426;;1;8
0;2020-02-15;Bauru;1;9;1;0;1800757;0;0;0;;0;4,9979;;1;9
0;2020-02-16;Bauru;1;10;1;0;1800757;0;0;0;;0;5,5532;;1;10
0;2020-02-17;Bauru;1;11;1;0;1800757;0;0;0;;0;6,1085;;1;11
0;2020-02-18;Bauru;1;12;1;0;1800757;0;0;0;;0;6,6639;;1;12
0;2020-02-19;Bauru;1;13;1;0;1800757;0;0;0;;0;7,2192;;1;13
0;2020-02-20;Bauru;1;14;1;0;1800757;0;0;0;;0;7,7745;;1;14
0;2020-02-21;Bauru;1;15;1;0;1800757;0;0;0;;0;8,3298;;1;15
0;2020-02-22;Bauru;1;16;1;0;1800757;0;0;0;;0;8,8852;;1;16
0;2020-02-23;Bauru;1;17;1;0;1800757;0;0;0;;0;9,4405;;1;17
0;2020-02-24;Bauru;1;18;1;0;1800757;0;0;0;;0;9,9958;;1;18
0;2020-02-25;Bauru;0;18;1;0;1800757;1;1;0,5553;;0,0526;10,5511;;1;19
0;2020-02-26;Bauru;0;18;1;0;1800757;1;2;1,1106;;0,1;11,1064;;1;20
0;2020-02-27;Bauru;0;18;1;0;1800757;1;3;1,666;;0,1429;11,6618;;1;21
0;2020-02-28;Bauru;0;18;1;0;1800757;1;4;2,2213;;0,1818;12,2171;;1;22
0;2020-02-29;Bauru;0;18;1;0;1800757;1;5;2,7766;;0,2174;12,7724;;1;23
0;2020-03-01;Bauru;0;18;1;0;1800757;1;6;3,3319;;0,25;13,3277;;1;24
0;2020-03-02;Bauru;2;20;1;0;1800757;1;7;3,8873;;0,2593;14,9937;;3;27
0;2020-03-03;Bauru;2;22;1;0;1800757;1;8;4,4426;;0,2667;16,6597;;3;30
0;2020-03-04;Bauru;2;24;1;0;1800757;1;9;4,9979;;0,2727;18,3256;;3;33
0;2020-03-05;Bauru;2;26;1;0;1800757;0;9;4,9979;;0,2571;19,4363;;2;35
0;2020-03-06;Bauru;3;29;1;0;1800757;0;9;4,9979;;0,2368;21,1022;;3;38
0;2020-03-07;Bauru;3;32;1;0;1800757;0;9;4,9979;;0,2195;22,7682;;3;41
0;2020-03-08;Bauru;3;35;1;0;1800757;0;9;4,9979;;0,2045;24,4342;;3;44
0;2020-03-09;Bauru;1;36;1;0;1800757;1;10;5,5532;;0,2174;25,5448;;2;46
0;2020-03-10;Bauru;1;37;1;0;1800757;0;10;5,5532;;0,2128;26,1001;;1;47
0;2020-03-11;Bauru;1;38;1;0;1800757;0;10;5,5532;;0,2083;26,6555;;1;48
0;2020-03-12;Bauru;1;39;1;0;1800757;0;10;5,5532;;0,2041;27,2108;;1;49
0;2020-03-13;Bauru;1;40;1;0;1800757;0;10;5,5532;;0,2;27,7661;;1;50
0;2020-03-14;Bauru;1;41;1;0;1800757;0;10;5,5532;;0,1961;28,3214;;1;51
0;2020-03-15;Bauru;1;42;1;0;1800757;0;10;5,5532;;0,1923;28,8767;;1;52
0;2020-03-16;Bauru;1;43;1;0;1800757;0;10;5,5532;;0,1887;29,4321;;1;53
0;2020-03-17;Bauru;1;44;1;0;1800757;0;10;5,5532;;0,1852;29,9874;;1;54
0;2020-03-18;Bauru;1;45;1;0;1800757;0;10;5,5532;;0,1818;30,5427;;1;55
0;2020-03-19;Bauru;1;46;1;0;1800757;0;10;5,5532;;0,1786;31,098;;1;56
0;2020-03-20;Bauru;1;47;1;0;1800757;0;10;5,5532;;0,1754;31,6534;;1;57
0;2020-03-21;Bauru;1;48;1;0;1800757;0;10;5,5532;;0,1724;32,2087;;1;58
0;2020-03-22;Bauru;1;49;1;0;1800757;0;10;5,5532;;0,1695;32,764;;1;59
0;2020-03-23;Bauru;1;50;1;0;1800757;0;10;5,5532;;0,1667;33,3193;;1;60
0;2020-03-24;Bauru;1;51;1;0;1800757;0;10;5,5532;;0,1639;33,8746;;1;61
0;2020-03-25;Bauru;1;52;1;0;1800757;0;10;5,5532;;0,1613;34,43;;1;62
0;2020-03-26;Bauru;7;59;1;0;1800757;0;10;5,5532;;0,1449;38,3172;;7;69
0;2020-03-27;Bauru;1;60;1;0;1800757;0;10;5,5532;;0,1429;38,8725;;1;70
0;2020-03-28;Bauru;1;61;1;0;1800757;0;10;5,5532;;0,1408;39,4279;;1;71
0;2020-03-29;Bauru;1;62;1;0;1800757;0;10;5,5532;;0,1389;39,9832;;1;72
0;2020-03-30;Bauru;11;73;1;0;1800757;0;10;5,5532;;0,1205;46,0917;;11;83
3;2020-03-31;Bauru;2;75;1;0;1800757;0;10;5,5532;3,3333;0,1176;47,2024;28,3333;2;85
4;2020-04-01;Bauru;3;78;1;0;1800757;2;12;6,6639;3;0,1333;49,979;22,5;5;90
4;2020-04-02;Bauru;3;81;1;0;1800757;0;12;6,6639;3;0,129;51,6449;23,25;3;93
7;2020-04-03;Bauru;2;83;1;0;1800757;0;12;6,6639;1,7143;0,1263;52,7556;13,5714;2;95
15;2020-04-04;Bauru;5;88;1;0;1800757;0;12;6,6639;0,8;0,12;55,5322;6,6667;5;100
16;2020-04-05;Bauru;24;112;1;1;1800757;2;14;7,7745;0,875;0,1111;69,9706;7,875;26;126
19;2020-04-06;Bauru;2;114;1;1;1800757;0;14;7,7745;0,7368;0,1094;71,0812;6,7368;2;128
22;2020-04-07;Bauru;13;127;1;2;1800757;0;14;7,7745;0,6364;0,0993;78,3004;6,4091;13;141
27;2020-04-08;Bauru;27;154;1;4;1800757;0;14;7,7745;0,5185;0,0833;93,2941;6,2222;27;168
40;2020-04-09;Bauru;14;168;1;5;1800757;1;15;8,3298;0,375;0,082;101,6239;4,575;15;183
42;2020-04-10;Bauru;26;194;1;5;1800757;0;15;8,3298;0,3571;0,0718;116,0623;4,9762;26;209
42;2020-04-11;Bauru;28;222;1;5;1800757;3;18;9,9958;0,4286;0,075;133,2773;5,7143;31;240
42;2020-04-12;Bauru;2;224;1;5;1800757;0;18;9,9958;0,4286;0,0744;134,3879;5,7619;2;242
44;2020-04-13;Bauru;64;288;1;5;1800757;13;31;17,215;0,7045;0,0972;177,1477;7,25;77;319
57;2020-04-14;Bauru;73;361;1;9;1800757;17;48;26,6555;0,8421;0,1174;227,1267;7,1754;90;409
78;2020-04-15;Bauru;39;400;1;10;1800757;14;62;34,43;0,7949;0,1342;256,5588;5,9231;53;462
85;2020-04-16;Bauru;84;484;1;12;1800757;12;74;41,0938;0,8706;0,1326;309,8697;6,5647;96;558
110;2020-04-17;Bauru;95;579;1;15;1800757;10;84;46,647;0,7636;0,1267;368,1785;6,0273;105;663
138;2020-04-18;Bauru;75;654;1;14;1800757;16;100;55,5322;0,7246;0,1326;418,7128;5,4638;91;754
147;2020-04-19;Bauru;65;719;1;14;1800757;9;109;60,5301;0,7415;0,1316;459,8066;5,6327;74;828
151;2020-04-20;Bauru;61;780;1;14;1800757;10;119;66,0833;0,7881;0,1324;499,2345;5,9536;71;899
156;2020-04-21;Bauru;77;857;1;15;1800757;5;124;68,8599;0,7949;0,1264;544,7709;6,2885;82;981
155;2020-04-22;Bauru;88;945;1;15;1800757;17;141;78,3004;0,9097;0,1298;603,0797;7,0065;105;1086
168;2020-04-23;Bauru;117;1062;1;19;1800757;18;159;88,2962;0,9464;0,1302;678,0482;7,2679;135;1221
185;2020-04-24;Bauru;116;1178;1;21;1800757;31;190;105,5112;1,027;0,1389;759,6805;7,3946;147;1368
210;2020-04-25;Bauru;20;1198;1;22;1800757;3;193;107,1771;0,919;0,1387;772,4529;6,6238;23;1391
226;2020-04-26;Bauru;2;1200;1;22;1800757;0;193;107,1771;0,854;0,1385;773,5636;6,1637;2;1393
239;2020-04-27;Bauru;61;1261;1;22;1800757;7;200;111,0644;0,8368;0,1369;811,3255;6,113;68;1461
272;2020-04-28;Bauru;138;1399;1;23;1800757;15;215;119,3942;0,7904;0,1332;896,2897;5,9338;153;1614
296;2020-04-29;Bauru;273;1672;1;25;1800757;68;283;157,1561;0,9561;0,1448;1085,6545;6,6047;341;1955
330;2020-04-30;Bauru;227;1899;1;26;1800757;16;299;166,0413;0,9061;0,136;1220,5978;6,6606;243;2198
375;2020-05-01;Bauru;43;1942;1;26;1800757;5;304;168,8179;0,8107;0,1354;1247,2532;5,9893;48;2246
382;2020-05-02;Bauru;12;1954;1;26;1800757;1;305;169,3732;0,7984;0,135;1254,4724;5,9136;13;2259
386;2020-05-03;Bauru;2;1956;1;26;1800757;0;305;169,3732;0,7902;0,1349;1255,5831;5,8575;2;2261
388;2020-05-04;Bauru;102;2058;1;26;1800757;15;320;177,703;0,8247;0,1346;1320,5557;6,1289;117;2378
406;2020-05-05;Bauru;157;2215;1;27;1800757;46;366;203,2479;0,9015;0,1418;1433,2861;6,3571;203;2581
484;2020-05-06;Bauru;131;2346;1;30;1800757;35;401;222,6841;0,8285;0,146;1525,4696;5,6756;166;2747
506;2020-05-07;Bauru;105;2451;1;31;1800757;24;425;236,0119;0,8399;0,1478;1597,1061;5,6838;129;2876
547;2020-05-08;Bauru;137;2588;1;34;1800757;31;456;253,2268;0,8336;0,1498;1690,4002;5,5649;168;3044
576;2020-05-09;Bauru;6;2594;1;35;1800757;7;463;257,1141;0,8038;0,1515;1697,6194;5,3073;13;3057
597;2020-05-10;Bauru;6;2600;1;35;1800757;7;470;261,0013;0,7873;0,1531;1704,8386;5,1424;13;3070
597;2020-05-11;Bauru;173;2773;1;35;1800757;28;498;276,5504;0,8342;0,1522;1816,4583;5,4791;201;3271
634;2020-05-12;Bauru;114;2887;1;37;1800757;41;539;299,3186;0,8502;0,1573;1902,5332;5,4038;155;3426
731;2020-05-13;Bauru;149;3036;1;43;1800757;28;567;314,8676;0,7756;0,1574;2000,8252;4,9289;177;3603
771;2020-05-14;Bauru;138;3174;1;43;1800757;25;592;328,7506;0,7678;0,1572;2091,3427;4,8846;163;3766
827;2020-05-15;Bauru;189;3363;1;44;1800757;26;618;343,189;0,7473;0,1552;2210,7369;4,8138;215;3981
898;2020-05-16;Bauru;38;3401;1;46;1800757;10;628;348,7422;0,6993;0,1559;2237,3924;4,4866;48;4029
916;2020-05-17;Bauru;38;3439;1;49;1800757;10;638;354,2954;0,6965;0,1565;2264,0478;4,4509;48;4077
927;2020-05-18;Bauru;38;3477;1;49;1800757;10;648;359,8487;0,699;0,1571;2290,7033;4,4498;48;4125
955;2020-05-19;Bauru;220;3697;1;52;1800757;60;708;393,168;0,7414;0,1607;2446,1935;4,6126;280;4405
1016;2020-05-20;Bauru;149;3846;1;53;1800757;35;743;412,6043;0,7313;0,1619;2548,3727;4,5167;184;4589
1086;2020-05-21;Bauru;128;3974;1;56;1800757;26;769;427,0426;0,7081;0,1621;2633,8923;4,3674;154;4743
1134;2020-05-22;Bauru;161;4135;1;57;1800757;27;796;442,0363;0,7019;0,1614;2738,2928;4,3483;188;4931
1193;2020-05-23;Bauru;4;4139;1;61;1800757;5;801;444,8129;0,6714;0,1621;2743,2907;4,1408;9;4940
1219;2020-05-24;Bauru;4;4143;1;62;1800757;5;806;447,5895;0,6612;0,1629;2748,2886;4,0599;9;4949
1225;2020-05-25;Bauru;146;4289;1;62;1800757;38;844;468,6918;0,689;0,1644;2850,4679;4,1902;184;5133
1234;2020-05-26;Bauru;226;4515;1;64;1800757;35;879;488,128;0,7123;0,163;2995,4069;4,3712;261;5394
1325;2020-05-27;Bauru;178;4693;1;68;1800757;30;909;504,7877;0,686;0,1623;3110,9139;4,2279;208;5602
1388;2020-05-28;Bauru;126;4819;1;71;1800757;40;949;527,0006;0,6837;0,1645;3203,0974;4,1556;166;5768
1452;2020-05-29;Bauru;107;4926;1;74;1800757;57;1006;558,6539;0,6928;0,1696;3294,1702;4,0854;164;5932
1565;2020-05-30;Bauru;127;5053;1;75;1800757;21;1027;570,3157;0,6562;0,1689;3376,3578;3,885;148;6080
1584;2020-05-31;Bauru;127;5180;1;75;1800757;21;1048;581,9775;0,6616;0,1683;3458,5455;3,9318;148;6228
1586;2020-06-01;Bauru;53;5233;1;75;1800757;24;1072;595,3052;0,6759;0,17;3501,3053;3,9754;77;6305
1709;2020-06-02;Bauru;215;5448;1;76;1800757;76;1148;637,5097;0,6717;0,174;3662,904;3,8596;291;6596
1794;2020-06-03;Bauru;166;5614;1;77;1800757;113;1261;700,2611;0,7029;0,1834;3817,8388;3,8322;279;6875
1925;2020-06-04;Bauru;63;5677;1;80;1800757;32;1293;718,0314;0,6717;0,1855;3870,5944;3,6208;95;6970
2062;2020-06-05;Bauru;224;5901;1;87;1800757;130;1423;790,2232;0,6901;0,1943;4067,1784;3,5519;354;7324
2192;2020-06-06;Bauru;17;5918;1;90;1800757;3;1426;791,8892;0,6505;0,1942;4078,2849;3,3504;20;7344
2290;2020-06-07;Bauru;17;5935;1;91;1800757;3;1429;793,5552;0,624;0,1941;4089,3913;3,2157;20;7364
2306;2020-06-08;Bauru;269;6204;1;92;1800757;70;1499;832,4277;0,65;0,1946;4277,6455;3,3404;339;7703
2402;2020-06-09;Bauru;292;6496;1;95;1800757;131;1630;905,1749;0,6786;0,2006;4512,5467;3,383;423;8126
2570;2020-06-10;Bauru;254;6750;1;97;1800757;113;1743;967,9263;0,6782;0,2052;4716,3498;3,3047;367;8493
2737;2020-06-11;Bauru;100;6850;1;99;1800757;42;1785;991,2498;0,6522;0,2067;4795,2056;3,1549;142;8635
2862;2020-06-12;Bauru;250;7100;1;101;1800757;54;1839;1021,2372;0,6426;0,2057;4964,0235;3,1233;304;8939
2923;2020-06-13;Bauru;173;7273;1;103;1800757;28;1867;1036,7862;0,6387;0,2043;5075,6432;3,1269;201;9140
2980;2020-06-14;Bauru;0;7273;1;104;1800757;0;1867;1036,7862;0,6265;0,2043;5075,6432;3,0671;0;9140
0;2020-02-05;Campinas;3;3;1;0;4671287;1;1;0,2141;;0,25;0,8563;;4;4
0;2020-02-06;Campinas;3;6;1;0;4671287;1;2;0,4281;;0,25;1,7126;;4;8
0;2020-02-07;Campinas;3;9;1;0;4671287;1;3;0,6422;;0,25;2,5689;;4;12
0;2020-02-08;Campinas;3;12;1;0;4671287;1;4;0,8563;;0,25;3,4252;;4;16
0;2020-02-09;Campinas;3;15;1;0;4671287;1;5;1,0704;;0,25;4,2815;;4;20
0;2020-02-10;Campinas;3;18;1;0;4671287;1;6;1,2844;;0,25;5,1378;;4;24
0;2020-02-11;Campinas;3;21;1;0;4671287;1;7;1,4985;;0,25;5,9941;;4;28
0;2020-02-12;Campinas;3;24;1;0;4671287;1;8;1,7126;;0,25;6,8504;;4;32
0;2020-02-13;Campinas;3;27;1;0;4671287;1;9;1,9267;;0,25;7,7067;;4;36
0;2020-02-14;Campinas;3;30;1;0;4671287;1;10;2,1407;;0,25;8,563;;4;40
0;2020-02-15;Campinas;3;33;1;0;4671287;1;11;2,3548;;0,25;9,4192;;4;44
0;2020-02-16;Campinas;3;36;1;0;4671287;1;12;2,5689;;0,25;10,2755;;4;48
0;2020-02-17;Campinas;3;39;1;0;4671287;1;13;2,783;;0,25;11,1318;;4;52
0;2020-02-18;Campinas;3;42;1;0;4671287;1;14;2,997;;0,25;11,9881;;4;56
0;2020-02-19;Campinas;0;42;1;0;4671287;1;15;3,2111;;0,2632;12,2022;;1;57
0;2020-02-20;Campinas;0;42;1;0;4671287;1;16;3,4252;;0,2759;12,4163;;1;58
0;2020-02-21;Campinas;0;42;1;0;4671287;1;17;3,6393;;0,2881;12,6304;;1;59
0;2020-02-22;Campinas;0;42;1;0;4671287;1;18;3,8533;;0,3;12,8444;;1;60
0;2020-02-23;Campinas;0;42;1;0;4671287;1;19;4,0674;;0,3115;13,0585;;1;61
0;2020-02-24;Campinas;0;42;1;0;4671287;1;20;4,2815;;0,3226;13,2726;;1;62
0;2020-02-25;Campinas;0;42;1;0;4671287;1;21;4,4955;;0,3333;13,4866;;1;63
0;2020-02-26;Campinas;0;42;1;0;4671287;1;22;4,7096;;0,3438;13,7007;;1;64
0;2020-02-27;Campinas;0;42;1;0;4671287;1;23;4,9237;;0,3538;13,9148;;1;65
0;2020-02-28;Campinas;0;42;1;0;4671287;1;24;5,1378;;0,3636;14,1289;;1;66
0;2020-02-29;Campinas;0;42;1;0;4671287;1;25;5,3518;;0,3731;14,3429;;1;67
0;2020-03-01;Campinas;0;42;1;0;4671287;1;26;5,5659;;0,3824;14,557;;1;68
0;2020-03-02;Campinas;5;47;1;0;4671287;0;26;5,5659;;0,3562;15,6274;;5;73
0;2020-03-03;Campinas;5;52;1;0;4671287;4;30;6,4222;;0,3659;17,554;;9;82
0;2020-03-04;Campinas;5;57;1;0;4671287;4;34;7,2785;;0,3736;19,4807;;9;91
0;2020-03-05;Campinas;1;58;1;0;4671287;0;34;7,2785;;0,3696;19,6948;;1;92
0;2020-03-06;Campinas;6;64;1;0;4671287;1;35;7,4926;;0,3535;21,1933;;7;99
0;2020-03-07;Campinas;6;70;1;0;4671287;1;36;7,7067;;0,3396;22,6918;;7;106
0;2020-03-08;Campinas;6;76;1;0;4671287;1;37;7,9207;;0,3274;24,1903;;7;113
0;2020-03-09;Campinas;6;82;1;0;4671287;2;39;8,3489;;0,3223;25,9029;;8;121
0;2020-03-10;Campinas;6;88;1;0;4671287;7;46;9,8474;;0,3433;28,6859;;13;134
0;2020-03-11;Campinas;2;90;1;0;4671287;0;46;9,8474;;0,3382;29,114;;2;136
0;2020-03-12;Campinas;1;91;1;0;4671287;0;46;9,8474;;0,3358;29,3281;;1;137
0;2020-03-13;Campinas;1;92;1;0;4671287;1;47;10,0615;;0,3381;29,7563;;2;139
0;2020-03-14;Campinas;4;96;1;0;4671287;3;50;10,7037;;0,3425;31,2548;;7;146
0;2020-03-15;Campinas;1;97;1;0;4671287;0;50;10,7037;;0,3401;31,4688;;1;147
0;2020-03-16;Campinas;1;98;1;0;4671287;0;50;10,7037;;0,3378;31,6829;;1;148
0;2020-03-17;Campinas;34;132;1;0;4671287;11;61;13,0585;;0,3161;41,3162;;45;193
2;2020-03-18;Campinas;1;133;1;0;4671287;1;62;13,2726;31;0,3179;41,7444;97,5;2;195
2;2020-03-19;Campinas;1;134;1;0;4671287;1;63;13,4866;31,5;0,3198;42,1725;98,5;2;197
3;2020-03-20;Campinas;1;135;1;0;4671287;1;64;13,7007;21,3333;0,3216;42,6007;66,3333;2;199
3;2020-03-21;Campinas;1;136;1;0;4671287;1;65;13,9148;21,6667;0,3234;43,0288;67;2;201
3;2020-03-22;Campinas;2;138;1;0;4671287;0;65;13,9148;21,6667;0,3202;43,457;67,6667;2;203
3;2020-03-23;Campinas;3;141;1;0;4671287;0;65;13,9148;21,6667;0,3155;44,0992;68,6667;3;206
3;2020-03-24;Campinas;4;145;1;0;4671287;0;65;13,9148;21,6667;0,3095;44,9555;70;4;210
9;2020-03-25;Campinas;0;145;1;0;4671287;1;66;14,1289;7,3333;0,3128;45,1696;23,4444;1;211
11;2020-03-26;Campinas;36;181;1;0;4671287;0;66;14,1289;6;0,2672;52,8762;22,4545;36;247
12;2020-03-27;Campinas;15;196;1;0;4671287;2;68;14,557;5,6667;0,2576;56,5155;22;17;264
12;2020-03-28;Campinas;4;200;1;0;4671287;0;68;14,557;5,6667;0,2537;57,3718;22,3333;4;268
12;2020-03-29;Campinas;18;218;1;0;4671287;0;68;14,557;5,6667;0,2378;61,2251;23,8333;18;286
20;2020-03-30;Campinas;24;242;1;0;4671287;0;68;14,557;3,4;0,2194;66,3629;15,5;24;310
28;2020-03-31;Campinas;2;244;1;1;4671287;1;69;14,7711;2,4643;0,2204;67,0051;11,1786;3;313
39;2020-04-01;Campinas;7;251;1;1;4671287;1;70;14,9852;1,7949;0,2181;68,7177;8,2308;8;321
43;2020-04-02;Campinas;21;272;1;1;4671287;1;71;15,1992;1,6512;0,207;73,4273;7,9767;22;343
46;2020-04-03;Campinas;18;290;1;1;4671287;8;79;16,9118;1,7174;0,2141;78,9932;8,0217;26;369
52;2020-04-04;Campinas;16;306;1;6;4671287;0;79;16,9118;1,5192;0,2052;82,4184;7,4038;16;385
53;2020-04-05;Campinas;16;322;1;7;4671287;0;79;16,9118;1,4906;0,197;85,8436;7,566;16;401
59;2020-04-06;Campinas;20;342;1;7;4671287;2;81;17,34;1,3729;0,1915;90,5532;7,1695;22;423
105;2020-04-07;Campinas;53;395;1;10;4671287;0;81;17,34;0,7714;0,1702;101,8991;4,5333;53;476
133;2020-04-08;Campinas;14;409;1;13;4671287;2;83;17,7681;0,6241;0,1687;105,3243;3,6992;16;492
154;2020-04-09;Campinas;30;439;1;14;4671287;3;86;18,4103;0,5584;0,1638;112,3887;3,4091;33;525
187;2020-04-10;Campinas;18;457;1;15;4671287;0;86;18,4103;0,4599;0,1584;116,2421;2,9037;18;543
192;2020-04-11;Campinas;11;468;1;15;4671287;0;86;18,4103;0,4479;0,1552;118,5969;2,8854;11;554
199;2020-04-12;Campinas;7;475;1;15;4671287;0;86;18,4103;0,4322;0,1533;120,0954;2,8191;7;561
204;2020-04-13;Campinas;8;483;1;16;4671287;1;87;18,6244;0,4265;0,1526;122,022;2,7941;9;570
213;2020-04-14;Campinas;68;551;1;17;4671287;4;91;19,4807;0,4272;0,1417;137,4354;3,0141;72;642
264;2020-04-15;Campinas;87;638;1;20;4671287;10;101;21,6215;0,3826;0,1367;158,2005;2,7992;97;739
302;2020-04-16;Campinas;159;797;1;24;4671287;30;131;28,0437;0,4338;0,1412;198,6605;3,0728;189;928
357;2020-04-17;Campinas;251;1048;1;26;4671287;22;153;32,7533;0,4286;0,1274;257,1026;3,3641;273;1201
401;2020-04-18;Campinas;206;1254;1;30;4671287;16;169;36,1785;0,4214;0,1188;304,627;3,5486;222;1423
403;2020-04-19;Campinas;287;1541;1;30;4671287;22;191;40,8881;0,4739;0,1103;370,7758;4,2978;309;1732
420;2020-04-20;Campinas;432;1973;1;31;4671287;45;236;50,5214;0,5619;0,1068;472,8889;5,2595;477;2209
438;2020-04-21;Campinas;320;2293;1;32;4671287;39;275;58,8703;0,6279;0,1071;549,7414;5,863;359;2568
461;2020-04-22;Campinas;284;2577;1;38;4671287;30;305;65,2925;0,6616;0,1058;616,9606;6,2516;314;2882
488;2020-04-23;Campinas;137;2714;1;46;4671287;27;332;71,0725;0,6803;0,109;652,0687;6,2418;164;3046
525;2020-04-24;Campinas;161;2875;1;51;4671287;24;356;76,2103;0,6781;0,1102;691,6723;6,1543;185;3231
596;2020-04-25;Campinas;77;2952;1;57;4671287;14;370;79,2073;0,6208;0,1114;711,1531;5,5738;91;3322
612;2020-04-26;Campinas;131;3083;1;58;4671287;12;382;81,7762;0,6242;0,1102;741,7656;5,6618;143;3465
662;2020-04-27;Campinas;69;3152;1;62;4671287;19;401;85,8436;0,6057;0,1129;760,6041;5,3671;88;3553
778;2020-04-28;Campinas;52;3204;1;64;4671287;7;408;87,3421;0,5244;0,113;773,2344;4,6427;59;3612
850;2020-04-29;Campinas;32;3236;1;73;4671287;3;411;87,9843;0,4835;0,1127;780,727;4,2906;35;3647
961;2020-04-30;Campinas;127;3363;1;75;4671287;25;436;93,3362;0,4537;0,1148;813,2662;3,9532;152;3799
996;2020-05-01;Campinas;123;3486;1;78;4671287;28;464;99,3302;0,4659;0,1175;845,5914;3,9659;151;3950
1020;2020-05-02;Campinas;13;3499;1;79;4671287;25;489;104,6821;0,4794;0,1226;853,7262;3,9098;38;3988
1045;2020-05-03;Campinas;112;3611;1;83;4671287;6;495;105,9665;0,4737;0,1206;878,9869;3,9292;118;4106
1053;2020-05-04;Campinas;24;3635;1;85;4671287;14;509;108,9635;0,4834;0,1228;887,1217;3,9354;38;4144
1121;2020-05-05;Campinas;42;3677;1;92;4671287;4;513;109,8198;0,4576;0,1224;896,9691;3,7377;46;4190
1423;2020-05-06;Campinas;84;3761;1;96;4671287;15;528;113,0309;0,371;0,1231;918,1624;3,0141;99;4289
1450;2020-05-07;Campinas;144;3905;1;96;4671287;46;574;122,8783;0,3959;0,1282;958,8364;3,089;190;4479
1450;2020-05-08;Campinas;76;3981;1;106;4671287;21;595;127,3739;0,4103;0,13;979,6016;3,1559;97;4576
1592;2020-05-09;Campinas;54;4035;1;110;4671287;24;619;132,5117;0,3888;0,133;996,2993;2,9234;78;4654
1623;2020-05-10;Campinas;30;4065;1;110;4671287;18;637;136,365;0,3925;0,1355;1006,5748;2,8971;48;4702
1644;2020-05-11;Campinas;51;4116;1;112;4671287;16;653;139,7902;0,3972;0,1369;1020,9178;2,9009;67;4769
1712;2020-05-12;Campinas;7;4123;1;120;4671287;12;665;142,3591;0,3884;0,1389;1024,9852;2,7967;19;4788
1879;2020-05-13;Campinas;47;4170;1;123;4671287;21;686;146,8546;0,3651;0,1413;1039,5422;2,5844;68;4856
2023;2020-05-14;Campinas;86;4256;1;128;4671287;12;698;149,4235;0,345;0,1409;1060,5214;2,4488;98;4954
2218;2020-05-15;Campinas;95;4351;1;136;4671287;42;740;158,4146;0,3336;0,1454;1089,8495;2,2953;137;5091
2462;2020-05-16;Campinas;106;4457;1;139;4671287;56;796;170,4027;0,3233;0,1515;1124,5295;2,1336;162;5253
2555;2020-05-17;Campinas;47;4504;1;144;4671287;4;800;171,259;0,3131;0,1508;1135,4473;2,0759;51;5304
2591;2020-05-18;Campinas;47;4551;1;150;4671287;4;804;172,1153;0,3103;0,1501;1146,365;2,0668;51;5355
2760;2020-05-19;Campinas;101;4652;1;156;4671287;25;829;177,4672;0,3004;0,1512;1173,3383;1,9859;126;5481
2957;2020-05-20;Campinas;88;4740;1;162;4671287;34;863;184,7457;0,2918;0,154;1199,4553;1,8948;122;5603
3158;2020-05-21;Campinas;68;4808;1;167;4671287;22;885;189,4553;0,2802;0,1555;1218,7219;1,8027;90;5693
3360;2020-05-22;Campinas;13;4821;1;180;4671287;5;890;190,5257;0,2649;0,1558;1222,5753;1,6997;18;5711
3542;2020-05-23;Campinas;159;4980;1;189;4671287;95;985;210,8627;0,2781;0,1651;1276,95;1,6841;254;5965
3647;2020-05-24;Campinas;44;5024;1;190;4671287;40;1025;219,4256;0,2811;0,1694;1294,9322;1,6586;84;6049
3723;2020-05-25;Campinas;50;5074;1;200;4671287;22;1047;224,1352;0,2812;0,1711;1310,3455;1,6441;72;6121
3869;2020-05-26;Campinas;55;5129;1;210;4671287;11;1058;226,49;0,2735;0,171;1324,4744;1,5991;66;6187
4037;2020-05-27;Campinas;92;5221;1;221;4671287;39;1097;234,8389;0,2717;0,1736;1352,5181;1,565;131;6318
4342;2020-05-28;Campinas;45;5266;1;226;4671287;7;1104;236,3374;0,2543;0,1733;1363,6499;1,4671;52;6370
4658;2020-05-29;Campinas;20;5286;1;239;4671287;7;1111;237,836;0,2385;0,1737;1369,4299;1,3733;27;6397
4949;2020-05-30;Campinas;45;5331;1;251;4671287;14;1125;240,833;0,2273;0,1743;1382,0602;1,3045;59;6456
5013;2020-05-31;Campinas;4;5335;1;252;4671287;1;1126;241,0471;0,2246;0,1743;1383,1306;1,2888;5;6461
5131;2020-06-01;Campinas;31;5366;1;258;4671287;40;1166;249,61;0,2272;0,1785;1398,3298;1,273;71;6532
5555;2020-06-02;Campinas;89;5455;1;285;4671287;34;1200;256,8885;0,216;0,1803;1424,6609;1,198;123;6655
5944;2020-06-03;Campinas;98;5553;1;294;4671287;109;1309;280,2226;0,2202;0,1908;1468,9742;1,1544;207;6862
6313;2020-06-04;Campinas;62;5615;1;313;4671287;47;1356;290,284;0,2148;0,1945;1492,3082;1,1042;109;6971
6766;2020-06-05;Campinas;168;5783;1;324;4671287;99;1455;311,4773;0,215;0,201;1549,4659;1,0698;267;7238
7234;2020-06-06;Campinas;60;5843;1;344;4671287;48;1503;321,7529;0,2078;0,2046;1572,5859;1,0155;108;7346
7441;2020-06-07;Campinas;9;5852;1;353;4671287;6;1509;323,0373;0,2028;0,205;1575,797;0,9892;15;7361
7493;2020-06-08;Campinas;55;5907;1;362;4671287;27;1536;328,8173;0,205;0,2064;1593,351;0,9933;82;7443
7944;2020-06-09;Campinas;29;5936;1;379;4671287;16;1552;332,2425;0,1954;0,2073;1602,9844;0,9426;45;7488
8443;2020-06-10;Campinas;178;6114;1;393;4671287;143;1695;362,855;0,2008;0,2171;1671,702;0,9249;321;7809
8988;2020-06-11;Campinas;117;6231;1;411;4671287;54;1749;374,415;0,1946;0,2192;1708,3087;0,8879;171;7980
9370;2020-06-12;Campinas;221;6452;1;426;4671287;186;1935;414,2327;0,2065;0,2307;1795,4367;0,8951;407;8387
9718;2020-06-13;Campinas;34;6486;1;448;4671287;46;1981;424,0801;0,2038;0,234;1812,5626;0,8713;80;8467
10032;2020-06-14;Campinas;124;6610;1;455;4671287;129;2110;451,6956;0,2103;0,242;1866,7232;0,8692;253;8720
0;2020-03-02;Franca;2;2;1;0;718176;0;0;0;;0;2,7848;;2;2
0;2020-03-03;Franca;2;4;1;0;718176;0;0;0;;0;5,5697;;2;4
0;2020-03-04;Franca;2;6;1;0;718176;0;0;0;;0;8,3545;;2;6
0;2020-03-05;Franca;2;8;1;0;718176;0;0;0;;0;11,1393;;2;8
0;2020-03-06;Franca;2;10;1;0;718176;0;0;0;;0;13,9242;;2;10
0;2020-03-07;Franca;2;12;1;0;718176;0;0;0;;0;16,709;;2;12
0;2020-03-08;Franca;2;14;1;0;718176;0;0;0;;0;19,4938;;2;14
0;2020-03-09;Franca;2;16;1;0;718176;0;0;0;;0;22,2787;;2;16
0;2020-03-10;Franca;2;18;1;0;718176;0;0;0;;0;25,0635;;2;18
0;2020-03-11;Franca;2;20;1;0;718176;0;0;0;;0;27,8483;;2;20
0;2020-03-12;Franca;3;23;1;0;718176;0;0;0;;0;32,0256;;3;23
0;2020-03-13;Franca;3;26;1;0;718176;0;0;0;;0;36,2028;;3;26
0;2020-03-14;Franca;3;29;1;0;718176;0;0;0;;0;40,3801;;3;29
0;2020-03-15;Franca;3;32;1;0;718176;0;0;0;;0;44,5573;;3;32
0;2020-03-16;Franca;3;35;1;0;718176;0;0;0;;0;48,7346;;3;35
0;2020-03-17;Franca;3;38;1;0;718176;0;0;0;;0;52,9118;;3;38
0;2020-03-18;Franca;3;41;1;0;718176;0;0;0;;0;57,0891;;3;41
0;2020-03-19;Franca;3;44;1;0;718176;0;0;0;;0;61,2663;;3;44
0;2020-03-20;Franca;3;47;1;0;718176;0;0;0;;0;65,4436;;3;47
0;2020-03-21;Franca;1;48;1;0;718176;0;0;0;;0;66,836;;1;48
0;2020-03-22;Franca;1;49;1;0;718176;0;0;0;;0;68,2284;;1;49
0;2020-03-23;Franca;1;50;1;0;718176;0;0;0;;0;69,6208;;1;50
0;2020-03-24;Franca;1;51;1;0;718176;0;0;0;;0;71,0132;;1;51
0;2020-03-25;Franca;1;52;1;0;718176;0;0;0;;0;72,4056;;1;52
0;2020-03-26;Franca;1;53;1;0;718176;0;0;0;;0;73,7981;;1;53
0;2020-03-27;Franca;1;54;1;0;718176;0;0;0;;0;75,1905;;1;54
0;2020-03-28;Franca;2;56;1;0;718176;0;0;0;;0;77,9753;;2;56
0;2020-03-29;Franca;2;58;1;0;718176;0;0;0;;0;80,7601;;2;58
0;2020-03-30;Franca;2;60;1;0;718176;0;0;0;;0;83,545;;2;60
0;2020-03-31;Franca;2;62;1;0;718176;0;0;0;;0;86,3298;;2;62
0;2020-04-01;Franca;1;63;1;0;718176;0;0;0;;0;87,7222;;1;63
1;2020-04-02;Franca;1;64;1;0;718176;0;0;0;0;0;89,1146;64;1;64
2;2020-04-03;Franca;6;70;1;0;718176;1;1;1,3924;0,5;0,0141;98,8616;35,5;7;71
3;2020-04-04;Franca;1;71;1;0;718176;0;1;1,3924;0,3333;0,0139;100,254;24;1;72
3;2020-04-05;Franca;1;72;1;0;718176;0;1;1,3924;0,3333;0,0137;101,6464;24,3333;1;73
4;2020-04-06;Franca;7;79;1;0;718176;0;1;1,3924;0,25;0,0125;111,3933;20;7;80
3;2020-04-07;Franca;5;84;1;0;718176;0;1;1,3924;0,3333;0,0118;118,3554;28,3333;5;85
4;2020-04-08;Franca;4;88;1;0;718176;0;1;1,3924;0,25;0,0112;123,9251;22,25;4;89
4;2020-04-09;Franca;5;93;1;0;718176;0;1;1,3924;0,25;0,0106;130,8871;23,5;5;94
4;2020-04-10;Franca;5;98;1;0;718176;0;1;1,3924;0,25;0,0101;137,8492;24,75;5;99
4;2020-04-11;Franca;5;103;1;0;718176;0;1;1,3924;0,25;0,0096;144,8113;26;5;104
4;2020-04-12;Franca;8;111;1;0;718176;0;1;1,3924;0,25;0,0089;155,9506;28;8;112
4;2020-04-13;Franca;7;118;1;0;718176;0;1;1,3924;0,25;0,0084;165,6975;29,75;7;119
5;2020-04-14;Franca;2;120;1;1;718176;3;4;5,5697;0,8;0,0323;172,6596;24,8;5;124
11;2020-04-15;Franca;6;126;1;1;718176;0;4;5,5697;0,3636;0,0308;181,0141;11,8182;6;130
14;2020-04-16;Franca;4;130;1;1;718176;0;4;5,5697;0,2857;0,0299;186,5838;9,5714;4;134
15;2020-04-17;Franca;1;131;1;0;718176;1;5;6,9621;0,3333;0,0368;189,3686;9,0667;2;136
15;2020-04-18;Franca;1;132;1;0;718176;0;5;6,9621;0,3333;0,0365;190,761;9,1333;1;137
15;2020-04-19;Franca;4;136;1;0;718176;0;5;6,9621;0,3333;0,0355;196,3307;9,4;4;141
16;2020-04-20;Franca;2;138;1;0;718176;0;5;6,9621;0,3125;0,035;199,1155;8,9375;2;143
17;2020-04-21;Franca;2;140;1;0;718176;0;5;6,9621;0,2941;0,0345;201,9004;8,5294;2;145
17;2020-04-22;Franca;8;148;1;0;718176;1;6;8,3545;0,3529;0,039;214,4321;9,0588;9;154
17;2020-04-23;Franca;10;158;1;0;718176;1;7;9,7469;0,4118;0,0424;229,7487;9,7059;11;165
15;2020-04-24;Franca;10;168;1;0;718176;1;8;11,1393;0,5333;0,0455;245,0653;11,7333;11;176
16;2020-04-25;Franca;6;174;1;0;718176;0;8;11,1393;0,5;0,044;253,4198;11,375;6;182
16;2020-04-26;Franca;6;180;1;0;718176;0;8;11,1393;0,5;0,0426;261,7743;11,75;6;188
17;2020-04-27;Franca;9;189;1;0;718176;2;10;13,9242;0,5882;0,0503;277,0909;11,7059;11;199
21;2020-04-28;Franca;4;193;1;2;718176;0;10;13,9242;0,4762;0,0493;282,6605;9,6667;4;203
22;2020-04-29;Franca;7;200;1;2;718176;4;14;19,4938;0,6364;0,0654;297,9771;9,7273;11;214
31;2020-04-30;Franca;2;202;1;2;718176;0;14;19,4938;0,4516;0,0648;300,7619;6,9677;2;216
36;2020-05-01;Franca;2;204;1;2;718176;0;14;19,4938;0,3889;0,0642;303,5468;6,0556;2;218
36;2020-05-02;Franca;7;211;1;2;718176;0;14;19,4938;0,3889;0,0622;313,2937;6,25;7;225
36;2020-05-03;Franca;7;218;1;2;718176;0;14;19,4938;0,3889;0,0603;323,0406;6,4444;7;232
36;2020-05-04;Franca;10;228;1;2;718176;2;16;22,2787;0,4444;0,0656;339,7496;6,7778;12;244
40;2020-05-05;Franca;10;238;1;2;718176;2;18;25,0635;0,45;0,0703;356,4586;6,4;12;256
39;2020-05-06;Franca;9;247;1;2;718176;3;21;29,2407;0,5385;0,0784;373,1676;6,8718;12;268
45;2020-05-07;Franca;15;262;1;2;718176;2;23;32,0256;0,5111;0,0807;396,8387;6,3333;17;285
48;2020-05-08;Franca;12;274;1;2;718176;0;23;32,0256;0,4792;0,0774;413,5477;6,1875;12;297
53;2020-05-09;Franca;12;286;1;3;718176;0;23;32,0256;0,434;0,0744;430,2567;5,8302;12;309
53;2020-05-10;Franca;12;298;1;3;718176;0;23;32,0256;0,434;0,0717;446,9656;6,0566;12;321
53;2020-05-11;Franca;12;310;1;3;718176;3;26;36,2028;0,4906;0,0774;467,8519;6,3396;15;336
60;2020-05-12;Franca;17;327;1;4;718176;5;31;43,1649;0,5167;0,0866;498,4851;5,9667;22;358
66;2020-05-13;Franca;2;329;1;4;718176;3;34;47,3422;0,5152;0,0937;505,4471;5,5;5;363
71;2020-05-14;Franca;8;337;1;4;718176;0;34;47,3422;0,4789;0,0916;516,5865;5,2254;8;371
82;2020-05-15;Franca;5;342;1;4;718176;1;35;48,7346;0,4268;0,0928;524,941;4,5976;6;377
86;2020-05-16;Franca;15;357;1;4;718176;3;38;52,9118;0,4419;0,0962;550,0045;4,593;18;395
95;2020-05-17;Franca;15;372;1;4;718176;3;41;57,0891;0,4316;0,0993;575,0679;4,3474;18;413
96;2020-05-18;Franca;15;387;1;4;718176;3;44;61,2663;0,4583;0,1021;600,1314;4,4896;18;431
121;2020-05-19;Franca;13;400;1;4;718176;2;46;64,0512;0,3802;0,1031;621,0177;3,686;15;446
137;2020-05-20;Franca;4;404;1;4;718176;1;47;65,4436;0,3431;0,1042;627,9798;3,292;5;451
146;2020-05-21;Franca;4;408;1;4;718176;1;48;66,836;0,3288;0,1053;634,9419;3,1233;5;456
151;2020-05-22;Franca;6;414;1;4;718176;1;49;68,2284;0,3245;0,1058;644,6888;3,0662;7;463
151;2020-05-23;Franca;8;422;1;4;718176;0;49;68,2284;0,3245;0,104;655,8281;3,1192;8;471
153;2020-05-24;Franca;8;430;1;4;718176;0;49;68,2284;0,3203;0,1023;666,9674;3,1307;8;479
153;2020-05-25;Franca;5;435;1;4;718176;1;50;69,6208;0,3268;0,1031;675,3219;3,1699;6;485
153;2020-05-26;Franca;3;438;1;4;718176;0;50;69,6208;0,3268;0,1025;679,4992;3,1895;3;488
159;2020-05-27;Franca;1;439;1;4;718176;3;53;73,7981;0,3333;0,1077;685,0688;3,0943;4;492
165;2020-05-28;Franca;2;441;1;4;718176;8;61;84,9374;0,3697;0,1215;698,993;3,0424;10;502
187;2020-05-29;Franca;7;448;1;5;718176;3;64;89,1146;0,3422;0,125;712,9172;2,738;10;512
199;2020-05-30;Franca;0;448;1;6;718176;2;66;91,8995;0,3317;0,1284;715,702;2,5829;2;514
206;2020-05-31;Franca;0;448;1;6;718176;2;68;94,6843;0,3301;0,1318;718,4868;2,5049;2;516
207;2020-06-01;Franca;8;456;1;6;718176;3;71;98,8616;0,343;0,1347;733,8034;2,5459;11;527
222;2020-06-02;Franca;9;465;1;7;718176;4;75;104,4312;0,3378;0,1389;751,9048;2,4324;13;540
230;2020-06-03;Franca;3;468;1;7;718176;3;78;108,6085;0,3391;0,1429;760,2593;2,3739;6;546
245;2020-06-04;Franca;9;477;1;8;718176;1;79;110,0009;0,3224;0,1421;774,1835;2,2694;10;556
267;2020-06-05;Franca;8;485;1;10;718176;2;81;112,7857;0,3034;0,1431;788,1077;2,1199;10;566
274;2020-06-06;Franca;8;493;1;11;718176;2;83;115,5706;0,3029;0,1441;802,0318;2,1022;10;576
275;2020-06-07;Franca;8;501;1;11;718176;2;85;118,3554;0,3091;0,1451;815,956;2,1309;10;586
276;2020-06-08;Franca;8;509;1;11;718176;4;89;123,9251;0,3225;0,1488;832,665;2,1667;12;598
281;2020-06-09;Franca;15;524;1;11;718176;1;90;125,3175;0,3203;0,1466;854,9436;2,1851;16;614
297;2020-06-10;Franca;11;535;1;12;718176;5;95;132,2796;0,3199;0,1508;877,2223;2,1212;16;630
322;2020-06-11;Franca;8;543;1;14;718176;4;99;137,8492;0,3075;0,1542;893,9313;1,9938;12;642
330;2020-06-12;Franca;11;554;1;14;718176;0;99;137,8492;0,3;0,1516;909,2479;1,9788;11;653
342;2020-06-13;Franca;8;562;1;14;718176;0;99;137,8492;0,2895;0,1498;920,3872;1,9327;8;661
343;2020-06-14;Franca;0;562;1;14;718176;0;99;137,8492;0,2886;0,1498;920,3872;1,9271;0;661
0;2020-02-28;Piracicaba;0;0;1;0;1586546;1;1;0,6303;;1;0,6303;;1;1
0;2020-02-29;Piracicaba;0;0;1;0;1586546;1;2;1,2606;;1;1,2606;;1;2
0;2020-03-01;Piracicaba;0;0;1;0;1586546;1;3;1,8909;;1;1,8909;;1;3
0;2020-03-02;Piracicaba;0;0;1;0;1586546;3;6;3,7818;;1;3,7818;;3;6
0;2020-03-03;Piracicaba;0;0;1;0;1586546;3;9;5,6727;;1;5,6727;;3;9
0;2020-03-04;Piracicaba;0;0;1;0;1586546;1;10;6,303;;1;6,303;;1;10
0;2020-03-05;Piracicaba;0;0;1;0;1586546;1;11;6,9333;;1;6,9333;;1;11
0;2020-03-06;Piracicaba;0;0;1;0;1586546;1;12;7,5636;;1;7,5636;;1;12
0;2020-03-07;Piracicaba;0;0;1;0;1586546;1;13;8,1939;;1;8,1939;;1;13
0;2020-03-08;Piracicaba;0;0;1;0;1586546;1;14;8,8242;;1;8,8242;;1;14
0;2020-03-09;Piracicaba;2;2;1;0;1586546;4;18;11,3454;;0,9;12,606;;6;20
0;2020-03-10;Piracicaba;3;5;1;0;1586546;0;18;11,3454;;0,7826;14,4969;;3;23
0;2020-03-11;Piracicaba;3;8;1;0;1586546;0;18;11,3454;;0,6923;16,3878;;3;26
0;2020-03-12;Piracicaba;1;9;1;0;1586546;0;18;11,3454;;0,6667;17,0181;;1;27
0;2020-03-13;Piracicaba;7;16;1;0;1586546;2;20;12,606;;0,5556;22,6908;;9;36
0;2020-03-14;Piracicaba;7;23;1;0;1586546;2;22;13,8666;;0,4889;28,3635;;9;45
0;2020-03-15;Piracicaba;7;30;1;0;1586546;2;24;15,1272;;0,4444;34,0362;;9;54
0;2020-03-16;Piracicaba;7;37;1;0;1586546;2;26;16,3878;;0,4127;39,7089;;9;63
0;2020-03-17;Piracicaba;7;44;1;0;1586546;2;28;17,6484;;0,3889;45,3816;;9;72
0;2020-03-18;Piracicaba;7;51;1;0;1586546;0;28;17,6484;;0,3544;49,7937;;7;79
0;2020-03-19;Piracicaba;1;52;1;0;1586546;0;28;17,6484;;0,35;50,424;;1;80
0;2020-03-20;Piracicaba;1;53;1;0;1586546;0;28;17,6484;;0,3457;51,0543;;1;81
0;2020-03-21;Piracicaba;4;57;1;0;1586546;0;28;17,6484;;0,3294;53,5755;;4;85
0;2020-03-22;Piracicaba;2;59;1;0;1586546;0;28;17,6484;;0,3218;54,8361;;2;87
0;2020-03-23;Piracicaba;1;60;1;0;1586546;0;28;17,6484;;0,3182;55,4664;;1;88
0;2020-03-24;Piracicaba;3;63;1;0;1586546;0;28;17,6484;;0,3077;57,3573;;3;91
2;2020-03-25;Piracicaba;3;66;1;0;1586546;0;28;17,6484;14;0,2979;59,2482;47;3;94
2;2020-03-26;Piracicaba;2;68;1;0;1586546;0;28;17,6484;14;0,2917;60,5088;48;2;96
2;2020-03-27;Piracicaba;1;69;1;0;1586546;0;28;17,6484;14;0,2887;61,1391;48,5;1;97
2;2020-03-28;Piracicaba;1;70;1;0;1586546;0;28;17,6484;14;0,2857;61,7694;49;1;98
2;2020-03-29;Piracicaba;4;74;1;0;1586546;0;28;17,6484;14;0,2745;64,2906;51;4;102
6;2020-03-30;Piracicaba;4;78;1;0;1586546;0;28;17,6484;4,6667;0,2642;66,8118;17,6667;4;106
8;2020-03-31;Piracicaba;3;81;1;0;1586546;0;28;17,6484;3,5;0,2569;68,7027;13,625;3;109
10;2020-04-01;Piracicaba;3;84;1;0;1586546;0;28;17,6484;2,8;0,25;70,5936;11,2;3;112
9;2020-04-02;Piracicaba;11;95;1;0;1586546;0;28;17,6484;3,1111;0,2276;77,5269;13,6667;11;123
9;2020-04-03;Piracicaba;6;101;1;0;1586546;0;28;17,6484;3,1111;0,2171;81,3087;14,3333;6;129
11;2020-04-04;Piracicaba;6;107;1;0;1586546;1;29;18,2787;2,6364;0,2132;85,7208;12,3636;7;136
11;2020-04-05;Piracicaba;7;114;1;0;1586546;0;29;18,2787;2,6364;0,2028;90,1329;13;7;143
14;2020-04-06;Piracicaba;16;130;1;0;1586546;2;31;19,5393;2,2143;0,1925;101,4783;11,5;18;161
19;2020-04-07;Piracicaba;20;150;1;0;1586546;1;32;20,1696;1,6842;0,1758;114,7146;9,5789;21;182
21;2020-04-08;Piracicaba;9;159;1;0;1586546;1;33;20,7999;1,5714;0,1719;121,0176;9,1429;10;192
21;2020-04-09;Piracicaba;18;177;1;1;1586546;2;35;22,0605;1,6667;0,1651;133,6236;10,0952;20;212
25;2020-04-10;Piracicaba;20;197;1;1;1586546;0;35;22,0605;1,4;0,1509;146,2296;9,28;20;232
26;2020-04-11;Piracicaba;3;200;1;1;1586546;1;36;22,6908;1,3846;0,1525;148,7508;9,0769;4;236
28;2020-04-12;Piracicaba;8;208;1;2;1586546;1;37;23,3211;1,3214;0,151;154,4235;8,75;9;245
29;2020-04-13;Piracicaba;8;216;1;2;1586546;0;37;23,3211;1,2759;0,1462;159,4659;8,7241;8;253
35;2020-04-14;Piracicaba;3;219;1;4;1586546;9;46;28,9938;1,3143;0,1736;167,0295;7,5714;12;265
44;2020-04-15;Piracicaba;16;235;1;6;1586546;0;46;28,9938;1,0455;0,1637;177,1143;6,3864;16;281
50;2020-04-16;Piracicaba;44;279;1;7;1586546;3;49;30,8847;0,98;0,1494;206,7384;6,56;47;328
52;2020-04-17;Piracicaba;15;294;1;8;1586546;0;49;30,8847;0,9423;0,1429;216,1929;6,5962;15;343
56;2020-04-18;Piracicaba;12;306;1;8;1586546;1;50;31,515;0,8929;0,1404;224,3868;6,3571;13;356
56;2020-04-19;Piracicaba;51;357;1;8;1586546;7;57;35,9271;1,0179;0,1377;260,9442;7,3929;58;414
59;2020-04-20;Piracicaba;46;403;1;8;1586546;1;58;36,5574;0,9831;0,1258;290,5683;7,8136;47;461
64;2020-04-21;Piracicaba;15;418;1;9;1586546;0;58;36,5574;0,9062;0,1218;300,0228;7,4375;15;476
64;2020-04-22;Piracicaba;44;462;1;9;1586546;5;63;39,7089;0,9844;0,12;330,9075;8,2031;49;525
76;2020-04-23;Piracicaba;43;505;1;9;1586546;8;71;44,7513;0,9342;0,1233;363,0528;7,5789;51;576
87;2020-04-24;Piracicaba;19;524;1;11;1586546;2;73;46,0119;0,8391;0,1223;376,2891;6,8621;21;597
105;2020-04-25;Piracicaba;14;538;1;15;1586546;1;74;46,6422;0,7048;0,1209;385,7436;5,8286;15;612
107;2020-04-26;Piracicaba;4;542;1;16;1586546;1;75;47,2725;0,7009;0,1216;388,8951;5,7664;5;617
114;2020-04-27;Piracicaba;11;553;1;16;1586546;2;77;48,5331;0,6754;0,1222;397,089;5,5263;13;630
145;2020-04-28;Piracicaba;11;564;1;20;1586546;2;79;49,7937;0,5448;0,1229;405,2829;4,4345;13;643
159;2020-04-29;Piracicaba;12;576;1;20;1586546;3;82;51,6846;0,5157;0,1246;414,7374;4,1384;15;658
207;2020-04-30;Piracicaba;23;599;1;23;1586546;7;89;56,0967;0,43;0,1294;433,6464;3,3237;30;688
228;2020-05-01;Piracicaba;40;639;1;24;1586546;2;91;57,3573;0,3991;0,1247;460,119;3,2018;42;730
242;2020-05-02;Piracicaba;8;647;1;25;1586546;1;92;57,9876;0,3802;0,1245;465,7917;3,0537;9;739
244;2020-05-03;Piracicaba;8;655;1;25;1586546;1;93;58,6179;0,3811;0,1243;471,4644;3,0656;9;748
246;2020-05-04;Piracicaba;19;674;1;26;1586546;3;96;60,5088;0,3902;0,1247;485,331;3,1301;22;770
289;2020-05-05;Piracicaba;5;679;1;27;1586546;0;96;60,5088;0,3322;0,1239;488,4825;2,6817;5;775
333;2020-05-06;Piracicaba;20;699;1;28;1586546;3;99;62,3997;0,2973;0,1241;502,9794;2,3964;23;798
373;2020-05-07;Piracicaba;20;719;1;28;1586546;1;100;63,03;0,2681;0,1221;516,2157;2,1957;21;819
387;2020-05-08;Piracicaba;19;738;1;28;1586546;9;109;68,7027;0,2817;0,1287;533,8641;2,1886;28;847
419;2020-05-09;Piracicaba;1;739;1;29;1586546;0;109;68,7027;0,2601;0,1285;534,4944;2,0239;1;848
421;2020-05-10;Piracicaba;2;741;1;29;1586546;1;110;69,333;0,2613;0,1293;536,3853;2,0214;3;851
423;2020-05-11;Piracicaba;1;742;1;29;1586546;0;110;69,333;0,26;0,1291;537,0156;2,0142;1;852
431;2020-05-12;Piracicaba;18;760;1;30;1586546;2;112;70,5936;0,2599;0,1284;549,6216;2,0232;20;872
498;2020-05-13;Piracicaba;21;781;1;32;1586546;1;113;71,2239;0,2269;0,1264;563,4882;1,7952;22;894
571;2020-05-14;Piracicaba;21;802;1;33;1586546;6;119;75,0057;0,2084;0,1292;580,5063;1,613;27;921
595;2020-05-15;Piracicaba;32;834;1;35;1586546;6;125;78,7875;0,2101;0,1303;604,4577;1,6118;38;959
618;2020-05-16;Piracicaba;32;866;1;35;1586546;6;131;82,5693;0,212;0,1314;628,4091;1,6133;38;997
631;2020-05-17;Piracicaba;6;872;1;35;1586546;3;134;84,4602;0,2124;0,1332;634,0818;1,5943;9;1006
635;2020-05-18;Piracicaba;6;878;1;35;1586546;3;137;86,3511;0,2157;0,135;639,7545;1,5984;9;1015
681;2020-05-19;Piracicaba;24;902;1;37;1586546;3;140;88,242;0,2056;0,1344;656,7726;1,5301;27;1042
703;2020-05-20;Piracicaba;15;917;1;41;1586546;3;143;90,1329;0,2034;0,1349;668,118;1,5078;18;1060
734;2020-05-21;Piracicaba;37;954;1;41;1586546;16;159;100,2177;0,2166;0,1429;701,5239;1,5163;53;1113
763;2020-05-22;Piracicaba;47;1001;1;43;1586546;11;170;107,151;0,2228;0,1452;738,0813;1,5347;58;1171
871;2020-05-23;Piracicaba;7;1008;1;44;1586546;3;173;109,0419;0,1986;0,1465;744,3843;1,3559;10;1181
942;2020-05-24;Piracicaba;7;1015;1;44;1586546;3;176;110,9328;0,1868;0,1478;750,6873;1,2643;10;1191
971;2020-05-25;Piracicaba;32;1047;1;47;1586546;31;207;130,4721;0,2132;0,1651;790,3962;1,2915;63;1254
997;2020-05-26;Piracicaba;42;1089;1;48;1586546;11;218;137,4054;0,2187;0,1668;823,8021;1,3109;53;1307
1039;2020-05-27;Piracicaba;21;1110;1;50;1586546;6;224;141,1872;0,2156;0,1679;840,8202;1,2839;27;1334
1095;2020-05-28;Piracicaba;28;1138;1;49;1586546;8;232;146,2296;0,2119;0,1693;863,511;1,2511;36;1370
1206;2020-05-29;Piracicaba;53;1191;1;51;1586546;27;259;163,2477;0,2148;0,1786;913,9351;1,2023;80;1450
1260;2020-05-30;Piracicaba;33;1224;1;54;1586546;8;267;168,2901;0,2119;0,1791;939,7774;1,1833;41;1491
1295;2020-05-31;Piracicaba;33;1257;1;57;1586546;8;275;173,3325;0,2124;0,1795;965,6197;1,183;41;1532
1328;2020-06-01;Piracicaba;39;1296;1;61;1586546;17;292;184,0476;0,2199;0,1839;1000,9165;1,1958;56;1588
1368;2020-06-02;Piracicaba;70;1366;1;66;1586546;22;314;197,9142;0,2295;0,1869;1058,9041;1,2281;92;1680
1460;2020-06-03;Piracicaba;68;1434;1;71;1586546;31;345;217,4535;0,2363;0,1939;1121,3038;1,2185;99;1779
1583;2020-06-04;Piracicaba;57;1491;1;76;1586546;36;381;240,1443;0,2407;0,2035;1179,9217;1,1826;93;1872
1695;2020-06-05;Piracicaba;31;1522;1;80;1586546;15;396;249,5988;0,2336;0,2065;1208,9155;1,1316;46;1918
1820;2020-06-06;Piracicaba;48;1570;1;81;1586546;19;415;261,5745;0,228;0,2091;1251,1456;1,0907;67;1985
1908;2020-06-07;Piracicaba;48;1618;1;85;1586546;19;434;273,5502;0,2275;0,2115;1293,3757;1,0755;67;2052
1931;2020-06-08;Piracicaba;45;1663;1;85;1586546;30;464;292,4592;0,2403;0,2181;1340,6482;1,1015;75;2127
2079;2020-06-09;Piracicaba;73;1736;1;87;1586546;54;518;326,4954;0,2492;0,2298;1420,6963;1,0842;127;2254
2190;2020-06-10;Piracicaba;82;1818;1;91;1586546;56;574;361,7922;0,2621;0,24;1507,6777;1,0922;138;2392
2303;2020-06-11;Piracicaba;1;1819;1;92;1586546;0;574;361,7922;0,2492;0,2399;1508,308;1,0391;1;2393
2454;2020-06-12;Piracicaba;53;1872;1;92;1586546;27;601;378,8103;0,2449;0,243;1558,732;1,0077;80;2473
2608;2020-06-13;Piracicaba;62;1934;1;97;1586546;51;652;410,9556;0,25;0,2521;1629,9559;0,9916;113;2586
2650;2020-06-14;Piracicaba;0;1934;1;106;1586546;0;652;410,9556;0,246;0,2521;1629,9559;0,9758;0;2586
0;2020-03-04;Presidente Prudente;1;1;1;0;775627;0;0;0;;0;1,2893;;1;1
0;2020-03-05;Presidente Prudente;1;2;1;0;775627;0;0;0;;0;2,5786;;1;2
0;2020-03-06;Presidente Prudente;1;3;1;0;775627;0;0;0;;0;3,8678;;1;3
0;2020-03-07;Presidente Prudente;1;4;1;0;775627;0;0;0;;0;5,1571;;1;4
0;2020-03-08;Presidente Prudente;1;5;1;0;775627;0;0;0;;0;6,4464;;1;5
0;2020-03-09;Presidente Prudente;2;7;1;0;775627;0;0;0;;0;9,025;;2;7
0;2020-03-10;Presidente Prudente;2;9;1;0;775627;0;0;0;;0;11,6035;;2;9
0;2020-03-11;Presidente Prudente;2;11;1;0;775627;0;0;0;;0;14,1821;;2;11
0;2020-03-12;Presidente Prudente;2;13;1;0;775627;0;0;0;;0;16,7606;;2;13
0;2020-03-13;Presidente Prudente;2;15;1;0;775627;0;0;0;;0;19,3392;;2;15
0;2020-03-14;Presidente Prudente;2;17;1;0;775627;0;0;0;;0;21,9178;;2;17
0;2020-03-15;Presidente Prudente;2;19;1;0;775627;0;0;0;;0;24,4963;;2;19
0;2020-03-16;Presidente Prudente;2;21;1;0;775627;0;0;0;;0;27,0749;;2;21
0;2020-03-17;Presidente Prudente;2;23;1;0;775627;0;0;0;;0;29,6534;;2;23
0;2020-03-18;Presidente Prudente;2;25;1;0;775627;0;0;0;;0;32,232;;2;25
0;2020-03-19;Presidente Prudente;2;27;1;0;775627;1;1;1,2893;;0,0357;36,0998;;3;28
0;2020-03-20;Presidente Prudente;2;29;1;0;775627;1;2;2,5786;;0,0645;39,9677;;3;31
0;2020-03-21;Presidente Prudente;0;29;1;0;775627;2;4;5,1571;;0,1212;42,5462;;2;33
0;2020-03-22;Presidente Prudente;1;30;1;0;775627;0;4;5,1571;;0,1176;43,8355;;1;34
0;2020-03-23;Presidente Prudente;3;33;1;0;775627;0;4;5,1571;;0,1081;47,7033;;3;37
0;2020-03-24;Presidente Prudente;3;36;1;0;775627;0;4;5,1571;;0,1;51,5712;;3;40
0;2020-03-25;Presidente Prudente;1;37;1;0;775627;0;4;5,1571;;0,0976;52,8605;;1;41
0;2020-03-26;Presidente Prudente;2;39;1;0;775627;0;4;5,1571;;0,093;55,439;;2;43
0;2020-03-27;Presidente Prudente;2;41;1;0;775627;0;4;5,1571;;0,0889;58,0176;;2;45
0;2020-03-28;Presidente Prudente;1;42;1;0;775627;0;4;5,1571;;0,087;59,3069;;1;46
0;2020-03-29;Presidente Prudente;1;43;1;0;775627;0;4;5,1571;;0,0851;60,5961;;1;47
0;2020-03-30;Presidente Prudente;3;46;1;0;775627;0;4;5,1571;;0,08;64,464;;3;50
0;2020-03-31;Presidente Prudente;1;47;1;0;775627;0;4;5,1571;;0,0784;65,7533;;1;51
0;2020-04-01;Presidente Prudente;1;48;1;0;775627;0;4;5,1571;;0,0769;67,0425;;1;52
1;2020-04-02;Presidente Prudente;12;60;1;0;775627;0;4;5,1571;4;0,0625;82,5139;64;12;64
1;2020-04-03;Presidente Prudente;11;71;1;0;775627;1;5;6,4464;5;0,0658;97,9852;76;12;76
1;2020-04-04;Presidente Prudente;1;72;1;1;775627;0;5;6,4464;5;0,0649;99,2745;77;1;77
1;2020-04-05;Presidente Prudente;1;73;1;1;775627;2;7;9,025;7;0,0875;103,1424;80;3;80
3;2020-04-06;Presidente Prudente;14;87;1;2;775627;0;7;9,025;2,3333;0,0745;121,1923;31,3333;14;94
3;2020-04-07;Presidente Prudente;1;88;1;2;775627;0;7;9,025;2,3333;0,0737;122,4816;31,6667;1;95
4;2020-04-08;Presidente Prudente;21;109;1;2;775627;3;10;12,8928;2,5;0,084;153,4243;29,75;24;119
7;2020-04-09;Presidente Prudente;4;113;1;5;775627;1;11;14,1821;1,5714;0,0887;159,8707;17,7143;5;124
8;2020-04-10;Presidente Prudente;38;151;1;5;775627;0;11;14,1821;1,375;0,0679;208,8633;20,25;38;162
10;2020-04-11;Presidente Prudente;3;154;1;6;775627;0;11;14,1821;1,1;0,0667;212,7311;16,5;3;165
10;2020-04-12;Presidente Prudente;1;155;1;6;775627;0;11;14,1821;1,1;0,0663;214,0204;16,6;1;166
10;2020-04-13;Presidente Prudente;4;159;1;6;775627;0;11;14,1821;1,1;0,0647;219,1775;17;4;170
10;2020-04-14;Presidente Prudente;2;161;1;6;775627;0;11;14,1821;1,1;0,064;221,7561;17,2;2;172
11;2020-04-15;Presidente Prudente;26;187;1;6;775627;6;17;21,9178;1,5455;0,0833;263,013;18,5455;32;204
14;2020-04-16;Presidente Prudente;25;212;1;7;775627;2;19;24,4963;1,3571;0,0823;297,8236;16,5;27;231
17;2020-04-17;Presidente Prudente;70;282;1;7;775627;1;20;25,7856;1,1765;0,0662;389,3624;17,7647;71;302
22;2020-04-18;Presidente Prudente;15;297;1;8;775627;1;21;27,0749;0,9545;0,066;409,9909;14,4545;16;318
23;2020-04-19;Presidente Prudente;15;312;1;9;775627;1;22;28,3641;0,9565;0,0659;430,6194;14,5217;16;334
23;2020-04-20;Presidente Prudente;5;317;1;9;775627;0;22;28,3641;0,9565;0,0649;437,0658;14,7391;5;339
27;2020-04-21;Presidente Prudente;103;420;1;9;775627;3;25;32,232;0,9259;0,0562;573,7294;16,4815;106;445
27;2020-04-22;Presidente Prudente;49;469;1;9;775627;5;30;38,6784;1,1111;0,0601;643,3505;18,4815;54;499
28;2020-04-23;Presidente Prudente;6;475;1;10;775627;1;31;39,9677;1,1071;0,0613;652,3754;18,0714;7;506
38;2020-04-24;Presidente Prudente;4;479;1;12;775627;1;32;41,2569;0,8421;0,0626;658,8218;13,4474;5;511
39;2020-04-25;Presidente Prudente;1;480;1;12;775627;0;32;41,2569;0,8205;0,0625;660,1111;13,1282;1;512
39;2020-04-26;Presidente Prudente;1;481;1;12;775627;2;34;43,8355;0,8718;0,066;663,9789;13,2051;3;515
41;2020-04-27;Presidente Prudente;8;489;1;12;775627;3;37;47,7033;0,9024;0,0703;678,161;12,8293;11;526
53;2020-04-28;Presidente Prudente;14;503;1;13;775627;7;44;56,7283;0,8302;0,0804;705,2359;10,3208;21;547
57;2020-04-29;Presidente Prudente;4;507;1;13;775627;0;44;56,7283;0,7719;0,0799;710,393;9,6667;4;551
61;2020-04-30;Presidente Prudente;22;529;1;13;775627;3;47;60,5961;0,7705;0,0816;742,625;9,4426;25;576
68;2020-05-01;Presidente Prudente;9;538;1;13;775627;2;49;63,1747;0,7206;0,0835;756,8071;8,6324;11;587
68;2020-05-02;Presidente Prudente;1;539;1;13;775627;2;51;65,7533;0,75;0,0864;760,6749;8,6765;3;590
68;2020-05-03;Presidente Prudente;12;551;1;14;775627;2;53;68,3318;0,7794;0,0877;778,7248;8,8824;14;604
69;2020-05-04;Presidente Prudente;23;574;1;14;775627;3;56;72,1997;0,8116;0,0889;812,2461;9,1304;26;630
80;2020-05-05;Presidente Prudente;16;590;1;15;775627;5;61;78,6461;0,7625;0,0937;839,321;8,1375;21;651
111;2020-05-06;Presidente Prudente;5;595;1;15;775627;0;61;78,6461;0,5495;0,093;845,7674;5,9099;5;656
129;2020-05-07;Presidente Prudente;19;614;1;18;775627;10;71;91,5388;0,5504;0,1036;883,1565;5,3101;29;685
140;2020-05-08;Presidente Prudente;27;641;1;19;775627;11;82;105,7209;0,5857;0,1134;932,1491;5,1643;38;723
160;2020-05-09;Presidente Prudente;1;642;1;20;775627;0;82;105,7209;0,5125;0,1133;933,4384;4,525;1;724
176;2020-05-10;Presidente Prudente;19;661;1;20;775627;7;89;114,7459;0,5057;0,1187;966,9596;4,2614;26;750
177;2020-05-11;Presidente Prudente;23;684;1;20;775627;0;89;114,7459;0,5028;0,1151;996,6131;4,3672;23;773
187;2020-05-12;Presidente Prudente;2;686;1;20;775627;1;90;116,0352;0,4813;0,116;1000,4809;4,1497;3;776
212;2020-05-13;Presidente Prudente;16;702;1;20;775627;1;91;117,3244;0,4292;0,1148;1022,3987;3,7406;17;793
223;2020-05-14;Presidente Prudente;7;709;1;20;775627;1;92;118,6137;0,4126;0,1149;1032,7129;3,5919;8;801
258;2020-05-15;Presidente Prudente;12;721;1;23;775627;5;97;125,0601;0,376;0,1186;1054,6306;3,1705;17;818
276;2020-05-16;Presidente Prudente;1;722;1;24;775627;1;98;126,3494;0,3551;0,1195;1057,2092;2,971;2;820
279;2020-05-17;Presidente Prudente;7;729;1;24;775627;1;99;127,6387;0,3548;0,1196;1067,5234;2,9677;8;828
279;2020-05-18;Presidente Prudente;7;736;1;24;775627;1;100;128,928;0,3584;0,1196;1077,8377;2,9964;8;836
302;2020-05-19;Presidente Prudente;9;745;1;26;775627;1;101;130,2172;0,3344;0,1194;1090,7305;2,8013;10;846
316;2020-05-20;Presidente Prudente;9;754;1;26;775627;3;104;134,0851;0,3291;0,1212;1106,2018;2,7152;12;858
322;2020-05-21;Presidente Prudente;16;770;1;26;775627;7;111;143,11;0,3447;0,126;1135,8553;2,736;23;881
340;2020-05-22;Presidente Prudente;16;786;1;28;775627;7;118;152,135;0,3471;0,1305;1165,5087;2,6588;23;904
356;2020-05-23;Presidente Prudente;2;788;1;29;775627;1;119;153,4243;0,3343;0,1312;1169,3765;2,5478;3;907
359;2020-05-24;Presidente Prudente;5;793;1;29;775627;1;120;154,7135;0,3343;0,1314;1177,1122;2,5432;6;913
359;2020-05-25;Presidente Prudente;24;817;1;29;775627;8;128;165,0278;0,3565;0,1354;1218,3691;2,6323;32;945
361;2020-05-26;Presidente Prudente;15;832;1;29;775627;4;132;170,1849;0,3657;0,1369;1242,8654;2,6704;19;964
371;2020-05-27;Presidente Prudente;1;833;1;29;775627;0;132;170,1849;0,3558;0,1368;1244,1547;2,6011;1;965
401;2020-05-28;Presidente Prudente;2;835;1;29;775627;0;132;170,1849;0,3292;0,1365;1246,7333;2,4115;2;967
401;2020-05-29;Presidente Prudente;20;855;1;29;775627;6;138;177,9206;0,3441;0,139;1280,2546;2,4763;26;993
415;2020-05-30;Presidente Prudente;10;865;1;30;775627;3;141;181,7884;0,3398;0,1402;1297,0152;2,4241;13;1006
416;2020-05-31;Presidente Prudente;10;875;1;30;775627;3;144;185,6562;0,3462;0,1413;1313,7758;2,4495;13;1019
416;2020-06-01;Presidente Prudente;11;886;1;30;775627;1;145;186,9455;0,3486;0,1406;1329,2472;2,4784;12;1031
439;2020-06-02;Presidente Prudente;9;895;1;34;775627;3;148;190,8134;0,3371;0,1419;1344,7185;2,3759;12;1043
464;2020-06-03;Presidente Prudente;1;896;1;35;775627;1;149;192,1026;0,3211;0,1426;1347,2971;2,2522;2;1045
489;2020-06-04;Presidente Prudente;21;917;1;36;775627;13;162;208,8633;0,3313;0,1501;1391,1326;2,2065;34;1079
516;2020-06-05;Presidente Prudente;4;921;1;37;775627;1;163;210,1526;0,3159;0,1504;1397,579;2,1008;5;1084
538;2020-06-06;Presidente Prudente;5;926;1;38;775627;1;164;211,4418;0,3048;0,1505;1405,3147;2,026;6;1090
544;2020-06-07;Presidente Prudente;1;927;1;38;775627;0;164;211,4418;0,3015;0,1503;1406,6039;2,0055;1;1091
544;2020-06-08;Presidente Prudente;12;939;1;38;775627;6;170;219,1775;0,3125;0,1533;1429,811;2,0386;18;1109
578;2020-06-09;Presidente Prudente;4;943;1;39;775627;0;170;219,1775;0,2941;0,1527;1434,9681;1,9256;4;1113
602;2020-06-10;Presidente Prudente;16;959;1;39;775627;4;174;224,3346;0,289;0,1536;1460,7537;1,8821;20;1133
631;2020-06-11;Presidente Prudente;17;976;1;40;775627;5;179;230,781;0,2837;0,155;1489,1178;1,8304;22;1155
638;2020-06-12;Presidente Prudente;14;990;1;40;775627;5;184;237,2274;0,2884;0,1567;1513,6141;1,8401;19;1174
655;2020-06-13;Presidente Prudente;15;1005;1;40;775627;5;189;243,6738;0,2885;0,1583;1539,3997;1,8229;20;1194
664;2020-06-14;Presidente Prudente;13;1018;1;41;775627;0;189;243,6738;0,2846;0,1566;1556,1604;1,8178;13;1207
0;2020-03-26;Registro;3;3;1;0;284509;0;0;0;;0;10,5445;;3;3
0;2020-03-27;Registro;1;4;1;0;284509;0;0;0;;0;14,0593;;1;4
0;2020-03-28;Registro;1;5;1;0;284509;0;0;0;;0;17,5741;;1;5
0;2020-03-29;Registro;1;6;1;0;284509;0;0;0;;0;21,089;;1;6
0;2020-03-30;Registro;1;7;1;0;284509;0;0;0;;0;24,6038;;1;7
0;2020-03-31;Registro;1;8;1;0;284509;0;0;0;;0;28,1186;;1;8
0;2020-04-01;Registro;1;9;1;0;284509;0;0;0;;0;31,6334;;1;9
0;2020-04-02;Registro;4;13;1;0;284509;0;0;0;;0;45,6928;;4;13
0;2020-04-03;Registro;4;17;1;0;284509;0;0;0;;0;59,7521;;4;17
1;2020-04-04;Registro;3;20;1;0;284509;0;0;0;0;0;70,2965;20;3;20
1;2020-04-05;Registro;2;22;1;0;284509;0;0;0;0;0;77,3262;22;2;22
2;2020-04-06;Registro;7;29;1;0;284509;0;0;0;0;0;101,93;14,5;7;29
6;2020-04-07;Registro;9;38;1;0;284509;1;1;3,5148;0,1667;0,0256;137,0783;6,5;10;39
8;2020-04-08;Registro;4;42;1;0;284509;0;1;3,5148;0,125;0,0233;151,1376;5,375;4;43
12;2020-04-09;Registro;6;48;1;0;284509;0;1;3,5148;0,0833;0,0204;172,2265;4,0833;6;49
13;2020-04-10;Registro;3;51;1;0;284509;0;1;3,5148;0,0769;0,0192;182,771;4;3;52
13;2020-04-11;Registro;3;54;1;0;284509;0;1;3,5148;0,0769;0,0182;193,3155;4,2308;3;55
13;2020-04-12;Registro;4;58;1;1;284509;0;1;3,5148;0,0769;0,0169;207,3748;4,5385;4;59
13;2020-04-13;Registro;5;63;1;1;284509;0;1;3,5148;0,0769;0,0156;224,9489;4,9231;5;64
13;2020-04-14;Registro;5;68;1;1;284509;0;1;3,5148;0,0769;0,0145;242,5231;5,3077;5;69
13;2020-04-15;Registro;1;69;1;1;284509;0;1;3,5148;0,0769;0,0143;246,0379;5,3846;1;70
14;2020-04-16;Registro;12;81;1;1;284509;2;3;10,5445;0,2143;0,0357;295,2455;6;14;84
18;2020-04-17;Registro;2;83;1;2;284509;0;3;10,5445;0,1667;0,0349;302,2751;4,7778;2;86
28;2020-04-18;Registro;8;91;1;2;284509;0;3;10,5445;0,1071;0,0319;330,3938;3,3571;8;94
28;2020-04-19;Registro;2;93;1;2;284509;4;7;24,6038;0,25;0,07;351,4827;3,5714;6;100
28;2020-04-20;Registro;4;97;1;2;284509;4;11;38,6631;0,3929;0,1019;379,6013;3,8571;8;108
29;2020-04-21;Registro;8;105;1;2;284509;0;11;38,6631;0,3793;0,0948;407,72;4;8;116
30;2020-04-22;Registro;19;124;1;3;284509;6;17;59,7521;0,5667;0,1206;495,5906;4,7;25;141
36;2020-04-23;Registro;15;139;1;5;284509;0;17;59,7521;0,4722;0,109;548,3131;4,3333;15;156
37;2020-04-24;Registro;8;147;1;5;284509;3;20;70,2965;0,5405;0,1198;586,9762;4,5135;11;167
52;2020-04-25;Registro;2;149;1;7;284509;2;22;77,3262;0,4231;0,1287;601,0355;3,2885;4;171
53;2020-04-26;Registro;2;151;1;7;284509;1;23;80,841;0,434;0,1322;611,58;3,283;3;174
61;2020-04-27;Registro;9;160;1;8;284509;2;25;87,8707;0,4098;0,1351;650,2431;3,0328;11;185
65;2020-04-28;Registro;4;164;1;8;284509;1;26;91,3855;0,4;0,1368;667,8172;2,9231;5;190
73;2020-04-29;Registro;1;165;1;8;284509;0;26;91,3855;0,3562;0,1361;671,332;2,6164;1;191
84;2020-04-30;Registro;9;174;1;9;284509;3;29;101,93;0,3452;0,1429;713,5099;2,4167;12;203
88;2020-05-01;Registro;1;175;1;9;284509;1;30;105,4448;0,3409;0,1463;720,5396;2,3295;2;205
89;2020-05-02;Registro;0;175;1;9;284509;1;31;108,9596;0,3483;0,1505;724,0544;2,3146;1;206
89;2020-05-03;Registro;0;175;1;9;284509;1;32;112,4745;0,3596;0,1546;727,5693;2,3258;1;207
109;2020-05-04;Registro;10;185;1;10;284509;4;36;126,5338;0,3303;0,1629;776,7768;2,0275;14;221
122;2020-05-05;Registro;7;192;1;10;284509;3;39;137,0783;0,3197;0,1688;811,9251;1,8934;10;231
141;2020-05-06;Registro;7;199;1;11;284509;3;42;147,6227;0,2979;0,1743;847,0734;1,7092;10;241
160;2020-05-07;Registro;2;201;1;11;284509;0;42;147,6227;0,2625;0,1728;854,103;1,5188;2;243
173;2020-05-08;Registro;2;203;1;11;284509;0;42;147,6227;0,2428;0,1714;861,1327;1,4162;2;245
176;2020-05-09;Registro;2;205;1;11;284509;0;42;147,6227;0,2386;0,17;868,1623;1,4034;2;247
187;2020-05-10;Registro;5;210;1;11;284509;0;42;147,6227;0,2246;0,1667;885,7365;1,3476;5;252
192;2020-05-11;Registro;5;215;1;11;284509;0;42;147,6227;0,2188;0,1634;903,3106;1,3385;5;257
195;2020-05-12;Registro;4;219;1;11;284509;2;44;154,6524;0,2256;0,1673;924,3996;1,3487;6;263
206;2020-05-13;Registro;7;226;1;11;284509;1;45;158,1672;0,2184;0,1661;952,5182;1,3155;8;271
225;2020-05-14;Registro;7;233;1;11;284509;1;46;161,6821;0,2044;0,1649;980,6368;1,24;8;279
236;2020-05-15;Registro;3;236;1;11;284509;1;47;165,1969;0,1992;0,1661;994,6961;1,1992;4;283
239;2020-05-16;Registro;3;239;1;11;284509;1;48;168,7117;0,2008;0,1672;1008,7554;1,2008;4;287
239;2020-05-17;Registro;3;242;1;11;284509;1;49;172,2265;0,205;0,1684;1022,8147;1,2176;4;291
239;2020-05-18;Registro;3;245;1;12;284509;1;50;175,7414;0,2092;0,1695;1036,8741;1,2343;4;295
249;2020-05-19;Registro;5;250;1;12;284509;0;50;175,7414;0,2008;0,1667;1054,4482;1,2048;5;300
286;2020-05-20;Registro;5;255;1;12;284509;0;50;175,7414;0,1748;0,1639;1072,0223;1,0664;5;305
317;2020-05-21;Registro;2;257;1;12;284509;0;50;175,7414;0,1577;0,1629;1079,052;0,9685;2;307
358;2020-05-22;Registro;1;258;1;14;284509;0;50;175,7414;0,1397;0,1623;1082,5668;0,8603;1;308
379;2020-05-23;Registro;1;259;1;14;284509;0;50;175,7414;0,1319;0,1618;1086,0816;0,8153;1;309
403;2020-05-24;Registro;4;263;1;14;284509;2;52;182,771;0,129;0,1651;1107,1706;0,7816;6;315
406;2020-05-25;Registro;0;263;1;14;284509;1;53;186,2858;0,1305;0,1677;1110,6854;0,7783;1;316
410;2020-05-26;Registro;0;263;1;15;284509;1;54;189,8007;0,1317;0,1703;1114,2003;0,7732;1;317
419;2020-05-27;Registro;1;264;1;16;284509;0;54;189,8007;0,1289;0,1698;1117,7151;0,7589;1;318
443;2020-05-28;Registro;0;264;1;16;284509;1;55;193,3155;0,1242;0,1724;1121,2299;0,7201;1;319
457;2020-05-29;Registro;1;265;1;17;284509;0;55;193,3155;0,1204;0,1719;1124,7447;0,7002;1;320
478;2020-05-30;Registro;0;265;1;18;284509;2;57;200,3452;0,1192;0,177;1131,7744;0,6736;2;322
484;2020-05-31;Registro;0;265;1;18;284509;2;59;207,3748;0,1219;0,1821;1138,804;0,6694;2;324
491;2020-06-01;Registro;0;265;1;18;284509;2;61;214,4045;0,1242;0,1871;1145,8337;0,664;2;326
507;2020-06-02;Registro;4;269;1;18;284509;1;62;217,9193;0,1223;0,1873;1163,4078;0,6529;5;331
531;2020-06-03;Registro;4;273;1;18;284509;1;63;221,4341;0,1186;0,1875;1180,982;0,6328;5;336
559;2020-06-04;Registro;2;275;1;18;284509;1;64;224,9489;0,1145;0,1888;1191,5265;0,6064;3;339
566;2020-06-05;Registro;1;276;1;20;284509;6;70;246,0379;0,1237;0,2023;1216,1302;0,6113;7;346
600;2020-06-06;Registro;4;280;1;20;284509;2;72;253,0676;0,12;0,2045;1237,2192;0,5867;6;352
603;2020-06-07;Registro;0;280;1;20;284509;2;74;260,0972;0,1227;0,209;1244,2489;0,5871;2;354
608;2020-06-08;Registro;1;281;1;20;284509;0;74;260,0972;0,1217;0,2085;1247,7637;0,5839;1;355
639;2020-06-09;Registro;2;283;1;24;284509;0;74;260,0972;0,1158;0,2073;1254,7933;0,5587;2;357
655;2020-06-10;Registro;1;284;1;24;284509;4;78;274,1565;0,1191;0,2155;1272,3675;0,5527;5;362
682;2020-06-11;Registro;6;290;1;27;284509;3;81;284,701;0,1188;0,2183;1304,0009;0,544;9;371
687;2020-06-12;Registro;2;292;1;27;284509;1;82;288,2158;0,1194;0,2193;1314,5454;0,5444;3;374
698;2020-06-13;Registro;8;300;1;28;284509;6;88;309,3048;0,1261;0,2268;1363,753;0,5559;14;388
712;2020-06-14;Registro;0;300;1;28;284509;0;88;309,3048;0,1236;0,2268;1363,753;0,5449;0;388
0;2020-03-02;Ribeirão Preto;1;1;1;0;1523682;0;0;0;;0;0,6563;;1;1
0;2020-03-03;Ribeirão Preto;3;4;1;0;1523682;0;0;0;;0;2,6252;;3;4
0;2020-03-04;Ribeirão Preto;3;7;1;0;1523682;0;0;0;;0;4,5941;;3;7
0;2020-03-05;Ribeirão Preto;3;10;1;0;1523682;0;0;0;;0;6,563;;3;10
0;2020-03-06;Ribeirão Preto;0;10;1;0;1523682;1;1;0,6563;;0,0909;7,2194;;1;11
0;2020-03-07;Ribeirão Preto;0;10;1;0;1523682;1;2;1,3126;;0,1667;7,8757;;1;12
0;2020-03-08;Ribeirão Preto;0;10;1;0;1523682;1;3;1,9689;;0,2308;8,532;;1;13
0;2020-03-09;Ribeirão Preto;5;15;1;0;1523682;1;4;2,6252;;0,2105;12,4698;;6;19
0;2020-03-10;Ribeirão Preto;5;20;1;0;1523682;1;5;3,2815;;0,2;16,4076;;6;25
0;2020-03-11;Ribeirão Preto;5;25;1;0;1523682;1;6;3,9378;;0,1935;20,3455;;6;31
0;2020-03-12;Ribeirão Preto;4;29;1;0;1523682;1;7;4,5941;;0,1944;23,627;;5;36
0;2020-03-13;Ribeirão Preto;4;33;1;0;1523682;1;8;5,2504;;0,1951;26,9085;;5;41
0;2020-03-14;Ribeirão Preto;4;37;1;0;1523682;1;9;5,9067;;0,1957;30,19;;5;46
0;2020-03-15;Ribeirão Preto;4;41;1;0;1523682;1;10;6,563;;0,1961;33,4716;;5;51
0;2020-03-16;Ribeirão Preto;4;45;1;0;1523682;1;11;7,2194;;0,1964;36,7531;;5;56
0;2020-03-17;Ribeirão Preto;4;49;1;0;1523682;1;12;7,8757;;0,1967;40,0346;;5;61
0;2020-03-18;Ribeirão Preto;4;53;1;0;1523682;1;13;8,532;;0,197;43,3161;;5;66
0;2020-03-19;Ribeirão Preto;4;57;1;0;1523682;0;13;8,532;;0,1857;45,9413;;4;70
0;2020-03-20;Ribeirão Preto;4;61;1;0;1523682;0;13;8,532;;0,1757;48,5666;;4;74
0;2020-03-21;Ribeirão Preto;0;61;1;0;1523682;2;15;9,8446;;0,1974;49,8792;;2;76
0;2020-03-22;Ribeirão Preto;1;62;1;0;1523682;0;15;9,8446;;0,1948;50,5355;;1;77
0;2020-03-23;Ribeirão Preto;1;63;1;0;1523682;0;15;9,8446;;0,1923;51,1918;;1;78
0;2020-03-24;Ribeirão Preto;1;64;1;0;1523682;0;15;9,8446;;0,1899;51,8481;;1;79
0;2020-03-25;Ribeirão Preto;1;65;1;0;1523682;0;15;9,8446;;0,1875;52,5044;;1;80
1;2020-03-26;Ribeirão Preto;1;66;1;1;1523682;0;15;9,8446;15;0,1852;53,1607;81;1;81
3;2020-03-27;Ribeirão Preto;0;66;1;1;1523682;1;16;10,5009;5,3333;0,1951;53,817;27,3333;1;82
3;2020-03-28;Ribeirão Preto;8;74;1;1;1523682;0;16;10,5009;5,3333;0,1778;59,0674;30;8;90
3;2020-03-29;Ribeirão Preto;8;82;1;1;1523682;0;16;10,5009;5,3333;0,1633;64,3179;32,6667;8;98
6;2020-03-30;Ribeirão Preto;1;83;1;1;1523682;0;16;10,5009;2,6667;0,1616;64,9742;16,5;1;99
7;2020-03-31;Ribeirão Preto;1;84;1;1;1523682;0;16;10,5009;2,2857;0,16;65,6305;14,2857;1;100
9;2020-04-01;Ribeirão Preto;1;85;1;1;1523682;0;16;10,5009;1,7778;0,1584;66,2868;11,2222;1;101
12;2020-04-02;Ribeirão Preto;11;96;1;1;1523682;0;16;10,5009;1,3333;0,1429;73,5062;9,3333;11;112
20;2020-04-03;Ribeirão Preto;10;106;1;3;1523682;3;19;12,4698;0,95;0,152;82,0381;6,25;13;125
30;2020-04-04;Ribeirão Preto;11;117;1;3;1523682;0;19;12,4698;0,6333;0,1397;89,2575;4,5333;11;136
31;2020-04-05;Ribeirão Preto;11;128;1;3;1523682;0;19;12,4698;0,6129;0,1293;96,4768;4,7419;11;147
34;2020-04-06;Ribeirão Preto;7;135;1;3;1523682;1;20;13,1261;0,5882;0,129;101,7273;4,5588;8;155
37;2020-04-07;Ribeirão Preto;42;177;1;4;1523682;3;23;15,095;0,6216;0,115;131,261;5,4054;45;200
47;2020-04-08;Ribeirão Preto;57;234;1;5;1523682;6;29;19,0328;0,617;0,1103;172,6082;5,5957;63;263
49;2020-04-09;Ribeirão Preto;73;307;1;7;1523682;27;56;36,7531;1,1429;0,1543;238,2387;7,4082;100;363
51;2020-04-10;Ribeirão Preto;21;328;1;7;1523682;0;56;36,7531;1,098;0,1458;252,0211;7,5294;21;384
51;2020-04-11;Ribeirão Preto;4;332;1;7;1523682;0;56;36,7531;1,098;0,1443;254,6463;7,6078;4;388
60;2020-04-12;Ribeirão Preto;20;352;1;7;1523682;2;58;38,0657;0,9667;0,1415;269,085;6,8333;22;410
61;2020-04-13;Ribeirão Preto;17;369;1;8;1523682;12;70;45,9413;1,1475;0,1595;288,1179;7,1967;29;439
79;2020-04-14;Ribeirão Preto;41;410;1;8;1523682;8;78;51,1918;0,9873;0,1598;320,2768;6,1772;49;488
102;2020-04-15;Ribeirão Preto;37;447;1;9;1523682;5;83;54,4733;0,8137;0,1566;347,8416;5,1961;42;530
108;2020-04-16;Ribeirão Preto;45;492;1;9;1523682;7;90;59,0674;0,8333;0,1546;381,9695;5,3889;52;582
114;2020-04-17;Ribeirão Preto;57;549;1;11;1523682;2;92;60,3801;0,807;0,1435;420,6915;5,6228;59;641
124;2020-04-18;Ribeirão Preto;9;558;1;11;1523682;6;98;64,3179;0,7903;0,1494;430,536;5,2903;15;656
129;2020-04-19;Ribeirão Preto;10;568;1;11;1523682;3;101;66,2868;0,7829;0,151;439,068;5,186;13;669
130;2020-04-20;Ribeirão Preto;2;570;1;12;1523682;0;101;66,2868;0,7769;0,1505;440,3806;5,1615;2;671
136;2020-04-21;Ribeirão Preto;57;627;1;11;1523682;3;104;68,2557;0,7647;0,1423;479,7589;5,375;60;731
138;2020-04-22;Ribeirão Preto;32;659;1;11;1523682;7;111;72,8498;0,8043;0,1442;505,3548;5,5797;39;770
147;2020-04-23;Ribeirão Preto;28;687;1;15;1523682;3;114;74,8188;0,7755;0,1423;525,7002;5,449;31;801
153;2020-04-24;Ribeirão Preto;2;689;1;18;1523682;0;114;74,8188;0,7451;0,142;527,0129;5,2484;2;803
161;2020-04-25;Ribeirão Preto;33;722;1;18;1523682;5;119;78,1003;0,7391;0,1415;551,9524;5,2236;38;841
162;2020-04-26;Ribeirão Preto;33;755;1;19;1523682;5;124;81,3818;0,7654;0,1411;576,892;5,4259;38;879
168;2020-04-27;Ribeirão Preto;23;778;1;20;1523682;8;132;86,6323;0,7857;0,1451;597,2375;5,4167;31;910
183;2020-04-28;Ribeirão Preto;4;782;1;22;1523682;0;132;86,6323;0,7213;0,1444;599,8627;4,9945;4;914
189;2020-04-29;Ribeirão Preto;31;813;1;24;1523682;8;140;91,8827;0,7407;0,1469;625,4586;5,0423;39;953
192;2020-04-30;Ribeirão Preto;1;814;1;24;1523682;0;140;91,8827;0,7292;0,1468;626,1149;4,9688;1;954
206;2020-05-01;Ribeirão Preto;1;815;1;24;1523682;0;140;91,8827;0,6796;0,1466;626,7712;4,6359;1;955
224;2020-05-02;Ribeirão Preto;34;849;1;24;1523682;10;150;98,4457;0,6696;0,1502;655,6486;4,4598;44;999
226;2020-05-03;Ribeirão Preto;1;850;1;24;1523682;0;150;98,4457;0,6637;0,15;656,3049;4,4248;1;1000
239;2020-05-04;Ribeirão Preto;33;883;1;25;1523682;2;152;99,7583;0,636;0,1469;679,2756;4,3305;35;1035
242;2020-05-05;Ribeirão Preto;33;916;1;25;1523682;2;154;101,071;0,6364;0,1439;702,2463;4,4215;35;1070
276;2020-05-06;Ribeirão Preto;45;961;1;25;1523682;4;158;103,6962;0,5725;0,1412;734,4052;4,0543;49;1119
391;2020-05-07;Ribeirão Preto;41;1002;1;25;1523682;3;161;105,6651;0,4118;0,1384;763,2826;2,9744;44;1163
420;2020-05-08;Ribeirão Preto;47;1049;1;25;1523682;7;168;110,2592;0,4;0,138;798,7231;2,8976;54;1217
434;2020-05-09;Ribeirão Preto;47;1096;1;25;1523682;7;175;114,8534;0,4032;0,1377;834,1636;2,9286;54;1271
437;2020-05-10;Ribeirão Preto;47;1143;1;27;1523682;7;182;119,4475;0,4165;0,1374;869,604;3,032;54;1325
442;2020-05-11;Ribeirão Preto;29;1172;1;27;1523682;4;186;122,0727;0,4208;0,137;891,2621;3,0724;33;1358
452;2020-05-12;Ribeirão Preto;35;1207;1;30;1523682;13;199;130,6047;0,4403;0,1415;922,7647;3,1106;48;1406
486;2020-05-13;Ribeirão Preto;11;1218;1;33;1523682;3;202;132,5736;0,4156;0,1423;931,953;2,9218;14;1420
549;2020-05-14;Ribeirão Preto;12;1230;1;35;1523682;3;205;134,5425;0,3734;0,1429;941,7976;2,6138;15;1435
585;2020-05-15;Ribeirão Preto;18;1248;1;36;1523682;3;208;136,5114;0,3556;0,1429;955,58;2,4889;21;1456
618;2020-05-16;Ribeirão Preto;18;1266;1;36;1523682;8;216;141,7619;0,3495;0,1457;972,6439;2,3981;26;1482
637;2020-05-17;Ribeirão Preto;18;1284;1;36;1523682;8;224;147,0123;0,3516;0,1485;989,7078;2,3673;26;1508
638;2020-05-18;Ribeirão Preto;18;1302;1;36;1523682;8;232;152,2627;0,3636;0,1512;1006,7718;2,4044;26;1534
671;2020-05-19;Ribeirão Preto;17;1319;1;40;1523682;1;233;152,919;0,3472;0,1501;1018,5852;2,313;18;1552
723;2020-05-20;Ribeirão Preto;10;1329;1;40;1523682;1;234;153,5754;0,3237;0,1497;1025,8046;2,1618;11;1563
799;2020-05-21;Ribeirão Preto;10;1339;1;42;1523682;1;235;154,2317;0,2941;0,1493;1033,024;1,97;11;1574
843;2020-05-22;Ribeirão Preto;20;1359;1;43;1523682;8;243;159,4821;0,2883;0,1517;1051,4005;1,9004;28;1602
864;2020-05-23;Ribeirão Preto;10;1369;1;43;1523682;1;244;160,1384;0,2824;0,1513;1058,6198;1,8669;11;1613
870;2020-05-24;Ribeirão Preto;10;1379;1;43;1523682;1;245;160,7947;0,2816;0,1509;1065,8392;1,8667;11;1624
871;2020-05-25;Ribeirão Preto;5;1384;1;43;1523682;9;254;166,7015;0,2916;0,1551;1075,0275;1,8806;14;1638
895;2020-05-26;Ribeirão Preto;70;1454;1;46;1523682;20;274;179,8275;0,3061;0,1586;1134,0949;1,9307;90;1728
982;2020-05-27;Ribeirão Preto;48;1502;1;48;1523682;15;289;189,6721;0,2943;0,1614;1175,4421;1,8238;63;1791
1052;2020-05-28;Ribeirão Preto;21;1523;1;52;1523682;9;298;195,5789;0,2833;0,1636;1195,1313;1,731;30;1821
1159;2020-05-29;Ribeirão Preto;50;1573;1;51;1523682;21;319;209,3613;0,2752;0,1686;1241,7289;1,6324;71;1892
1203;2020-05-30;Ribeirão Preto;15;1588;1;53;1523682;3;322;211,3302;0,2677;0,1686;1253,5424;1,5877;18;1910
1253;2020-05-31;Ribeirão Preto;38;1626;1;53;1523682;16;338;221,8311;0,2698;0,1721;1288,9829;1,5674;54;1964
1260;2020-06-01;Ribeirão Preto;12;1638;1;54;1523682;4;342;224,4563;0,2714;0,1727;1299,4838;1,5714;16;1980
1318;2020-06-02;Ribeirão Preto;38;1676;1;58;1523682;10;352;231,0193;0,2671;0,1736;1330,9864;1,5387;48;2028
1487;2020-06-03;Ribeirão Preto;32;1708;1;58;1523682;8;360;236,2698;0,2421;0,1741;1357,2386;1,3907;40;2068
1546;2020-06-04;Ribeirão Preto;14;1722;1;59;1523682;15;375;246,1143;0,2426;0,1788;1376,2714;1,3564;29;2097
1701;2020-06-05;Ribeirão Preto;26;1748;1;63;1523682;16;391;256,6152;0,2299;0,1828;1403,8362;1,2575;42;2139
1791;2020-06-06;Ribeirão Preto;2;1750;1;70;1523682;0;391;256,6152;0,2183;0,1826;1405,1488;1,1954;2;2141
1919;2020-06-07;Ribeirão Preto;2;1752;1;71;1523682;0;391;256,6152;0,2038;0,1825;1406,4615;1,1167;2;2143
1927;2020-06-08;Ribeirão Preto;23;1775;1;71;1523682;19;410;269,085;0,2128;0,1876;1434,0263;1,1339;42;2185
2052;2020-06-09;Ribeirão Preto;11;1786;1;82;1523682;3;413;271,0539;0,2013;0,1878;1443,2145;1,0716;14;2199
2233;2020-06-10;Ribeirão Preto;106;1892;1;91;1523682;34;447;293,3683;0,2002;0,1911;1535,0972;1,0475;140;2339
2374;2020-06-11;Ribeirão Preto;17;1909;1;95;1523682;3;450;295,3372;0,1896;0,1908;1548,2233;0,9937;20;2359
2451;2020-06-12;Ribeirão Preto;17;1926;1;100;1523682;16;466;305,8381;0,1901;0,1948;1569,8814;0,9759;33;2392
2551;2020-06-13;Ribeirão Preto;26;1952;1;103;1523682;12;478;313,7138;0,1874;0,1967;1594,821;0,9526;38;2430
2660;2020-06-14;Ribeirão Preto;0;1952;1;107;1523682;0;478;313,7138;0,1797;0,1967;1594,821;0,9135;0;2430
0;2020-03-02;São João da Boa Vista;1;1;1;0;834872;0;0;0;;0;1,1978;;1;1
0;2020-03-03;São João da Boa Vista;1;2;1;0;834872;0;0;0;;0;2,3956;;1;2
0;2020-03-04;São João da Boa Vista;1;3;1;0;834872;0;0;0;;0;3,5934;;1;3
0;2020-03-05;São João da Boa Vista;1;4;1;0;834872;0;0;0;;0;4,7912;;1;4
0;2020-03-06;São João da Boa Vista;2;6;1;0;834872;0;0;0;;0;7,1867;;2;6
0;2020-03-07;São João da Boa Vista;3;9;1;0;834872;0;0;0;;0;10,7801;;3;9
0;2020-03-08;São João da Boa Vista;3;12;1;0;834872;0;0;0;;0;14,3735;;3;12
0;2020-03-09;São João da Boa Vista;3;15;1;0;834872;0;0;0;;0;17,9668;;3;15
0;2020-03-10;São João da Boa Vista;3;18;1;0;834872;0;0;0;;0;21,5602;;3;18
0;2020-03-11;São João da Boa Vista;0;18;1;0;834872;1;1;1,1978;;0,0526;22,758;;1;19
0;2020-03-12;São João da Boa Vista;0;18;1;0;834872;1;2;2,3956;;0,1;23,9558;;1;20
0;2020-03-13;São João da Boa Vista;0;18;1;0;834872;1;3;3,5934;;0,1429;25,1536;;1;21
0;2020-03-14;São João da Boa Vista;0;18;1;0;834872;1;4;4,7912;;0,1818;26,3513;;1;22
0;2020-03-15;São João da Boa Vista;0;18;1;0;834872;1;5;5,9889;;0,2174;27,5491;;1;23
0;2020-03-16;São João da Boa Vista;0;18;1;0;834872;1;6;7,1867;;0,25;28,7469;;1;24
0;2020-03-17;São João da Boa Vista;3;21;1;0;834872;1;7;8,3845;;0,25;33,5381;;4;28
0;2020-03-18;São João da Boa Vista;3;24;1;0;834872;1;8;9,5823;;0,25;38,3292;;4;32
0;2020-03-19;São João da Boa Vista;3;27;1;0;834872;1;9;10,7801;;0,25;43,1204;;4;36
0;2020-03-20;São João da Boa Vista;3;30;1;0;834872;4;13;15,5712;;0,3023;51,5049;;7;43
0;2020-03-21;São João da Boa Vista;3;33;1;0;834872;4;17;20,3624;;0,34;59,8894;;7;50
0;2020-03-22;São João da Boa Vista;3;36;1;0;834872;4;21;25,1536;;0,3684;68,2739;;7;57
0;2020-03-23;São João da Boa Vista;3;39;1;0;834872;4;25;29,9447;;0,3906;76,6585;;7;64
0;2020-03-24;São João da Boa Vista;3;42;1;0;834872;4;29;34,7359;;0,4085;85,043;;7;71
0;2020-03-25;São João da Boa Vista;1;43;1;0;834872;0;29;34,7359;;0,4028;86,2408;;1;72
0;2020-03-26;São João da Boa Vista;1;44;1;0;834872;0;29;34,7359;;0,3973;87,4386;;1;73
0;2020-03-27;São João da Boa Vista;0;44;1;0;834872;1;30;35,9337;;0,4054;88,6363;;1;74
0;2020-03-28;São João da Boa Vista;3;47;1;0;834872;0;30;35,9337;;0,3896;92,2297;;3;77
0;2020-03-29;São João da Boa Vista;3;50;1;0;834872;0;30;35,9337;;0,375;95,8231;;3;80
0;2020-03-30;São João da Boa Vista;2;52;1;0;834872;0;30;35,9337;;0,3659;98,2186;;2;82
2;2020-03-31;São João da Boa Vista;4;56;1;0;834872;1;31;37,1314;15,5;0,3563;104,2076;43,5;5;87
2;2020-04-01;São João da Boa Vista;4;60;1;0;834872;0;31;37,1314;15,5;0,3407;108,9987;45,5;4;91
2;2020-04-02;São João da Boa Vista;3;63;1;0;834872;0;31;37,1314;15,5;0,3298;112,5921;47;3;94
2;2020-04-03;São João da Boa Vista;0;63;1;0;834872;2;33;39,527;16,5;0,3438;114,9877;48;2;96
3;2020-04-04;São João da Boa Vista;0;63;1;0;834872;2;35;41,9226;11,6667;0,3571;117,3833;32,6667;2;98
3;2020-04-05;São João da Boa Vista;0;63;1;0;834872;2;37;44,3182;12,3333;0,37;119,7788;33,3333;2;100
3;2020-04-06;São João da Boa Vista;4;67;1;0;834872;5;42;50,3071;14;0,3853;130,5589;36,3333;9;109
3;2020-04-07;São João da Boa Vista;13;80;1;0;834872;2;44;52,7027;14,6667;0,3548;148,5258;41,3333;15;124
5;2020-04-08;São João da Boa Vista;4;84;1;1;834872;0;44;52,7027;8,8;0,3438;153,3169;25,6;4;128
9;2020-04-09;São João da Boa Vista;10;94;1;2;834872;0;44;52,7027;4,8889;0,3188;165,2948;15,3333;10;138
9;2020-04-10;São João da Boa Vista;1;95;1;2;834872;0;44;52,7027;4,8889;0,3165;166,4926;15,4444;1;139
12;2020-04-11;São João da Boa Vista;1;96;1;2;834872;0;44;52,7027;3,6667;0,3143;167,6904;11,6667;1;140
12;2020-04-12;São João da Boa Vista;1;97;1;2;834872;0;44;52,7027;3,6667;0,3121;168,8882;11,75;1;141
12;2020-04-13;São João da Boa Vista;1;98;1;2;834872;0;44;52,7027;3,6667;0,3099;170,086;11,8333;1;142
14;2020-04-14;São João da Boa Vista;14;112;1;2;834872;0;44;52,7027;3,1429;0,2821;186,855;11,1429;14;156
22;2020-04-15;São João da Boa Vista;5;117;1;2;834872;0;44;52,7027;2;0,2733;192,8439;7,3182;5;161
25;2020-04-16;São João da Boa Vista;28;145;1;4;834872;2;46;55,0983;1,84;0,2408;228,7776;7,64;30;191
31;2020-04-17;São João da Boa Vista;28;173;1;5;834872;1;47;56,2961;1,5161;0,2136;263,5134;7,0968;29;220
33;2020-04-18;São João da Boa Vista;24;197;1;5;834872;3;50;59,8894;1,5152;0,2024;295,8537;7,4848;27;247
33;2020-04-19;São João da Boa Vista;30;227;1;5;834872;3;53;63,4828;1,6061;0,1893;335,3808;8,4848;33;280
33;2020-04-20;São João da Boa Vista;23;250;1;5;834872;3;56;67,0762;1,697;0,183;366,5233;9,2727;26;306
34;2020-04-21;São João da Boa Vista;35;285;1;5;834872;1;57;68,2739;1,6765;0,1667;409,6436;10,0588;36;342
34;2020-04-22;São João da Boa Vista;21;306;1;5;834872;2;59;70,6695;1,7353;0,1616;437,1928;10,7353;23;365
38;2020-04-23;São João da Boa Vista;12;318;1;5;834872;4;63;75,4607;1,6579;0,1654;456,3574;10,0263;16;381
44;2020-04-24;São João da Boa Vista;12;330;1;5;834872;1;64;76,6585;1,4545;0,1624;471,9286;8,9545;13;394
50;2020-04-25;São João da Boa Vista;3;333;1;5;834872;0;64;76,6585;1,28;0,1612;475,522;7,94;3;397
57;2020-04-26;São João da Boa Vista;10;343;1;5;834872;2;66;79,054;1,1579;0,1614;489,8955;7,1754;12;409
61;2020-04-27;São João da Boa Vista;12;355;1;5;834872;1;67;80,2518;1,0984;0,1588;505,4667;6,918;13;422
82;2020-04-28;São João da Boa Vista;5;360;1;5;834872;1;68;81,4496;0,8293;0,1589;512,6534;5,2195;6;428
88;2020-04-29;São João da Boa Vista;5;365;1;5;834872;1;69;82,6474;0,7841;0,159;519,8402;4,9318;6;434
93;2020-04-30;São João da Boa Vista;15;380;1;7;834872;2;71;85,043;0,7634;0,1574;540,2026;4,8495;17;451
94;2020-05-01;São João da Boa Vista;4;384;1;7;834872;2;73;87,4386;0,7766;0,1597;547,3893;4,8617;6;457
94;2020-05-02;São João da Boa Vista;4;388;1;7;834872;2;75;89,8341;0,7979;0,162;554,576;4,9255;6;463
94;2020-05-03;São João da Boa Vista;12;400;1;7;834872;0;75;89,8341;0,7979;0,1579;568,9495;5,0532;12;475
94;2020-05-04;São João da Boa Vista;4;404;1;7;834872;2;77;92,2297;0,8191;0,1601;576,1362;5,117;6;481
99;2020-05-05;São João da Boa Vista;3;407;1;8;834872;0;77;92,2297;0,7778;0,1591;579,7296;4,8889;3;484
111;2020-05-06;São João da Boa Vista;6;413;1;10;834872;0;77;92,2297;0,6937;0,1571;586,9163;4,4144;6;490
113;2020-05-07;São João da Boa Vista;12;425;1;11;834872;2;79;94,6253;0,6991;0,1567;603,6854;4,4602;14;504
120;2020-05-08;São João da Boa Vista;5;430;1;11;834872;1;80;95,8231;0,6667;0,1569;610,8721;4,25;6;510
129;2020-05-09;São João da Boa Vista;3;433;1;11;834872;0;80;95,8231;0,6202;0,1559;614,4655;3,9767;3;513
128;2020-05-10;São João da Boa Vista;5;438;1;11;834872;4;84;100,6142;0,6562;0,1609;625,2455;4,0781;9;522
131;2020-05-11;São João da Boa Vista;3;441;1;11;834872;0;84;100,6142;0,6412;0,16;628,8389;4,0076;3;525
136;2020-05-12;São João da Boa Vista;3;444;1;11;834872;0;84;100,6142;0,6176;0,1591;632,4323;3,8824;3;528
149;2020-05-13;São João da Boa Vista;3;447;1;11;834872;1;85;101,812;0,5705;0,1598;637,2234;3,5705;4;532
154;2020-05-14;São João da Boa Vista;6;453;1;13;834872;0;85;101,812;0,5519;0,158;644,4102;3,4935;6;538
161;2020-05-15;São João da Boa Vista;26;479;1;13;834872;3;88;105,4054;0,5466;0,1552;679,146;3,5217;29;567
169;2020-05-16;São João da Boa Vista;1;480;1;14;834872;6;94;112,5921;0,5562;0,1638;687,5305;3,3964;7;574
172;2020-05-17;São João da Boa Vista;1;481;1;14;834872;0;94;112,5921;0,5465;0,1635;688,7283;3,343;1;575
174;2020-05-18;São João da Boa Vista;1;482;1;14;834872;0;94;112,5921;0,5402;0,1632;689,9261;3,3103;1;576
198;2020-05-19;São João da Boa Vista;14;496;1;17;834872;2;96;114,9877;0,4848;0,1622;709,0907;2,9899;16;592
204;2020-05-20;São João da Boa Vista;26;522;1;17;834872;3;99;118,5811;0,4853;0,1594;743,8266;3,0441;29;621
212;2020-05-21;São João da Boa Vista;13;535;1;18;834872;1;100;119,7788;0,4717;0,1575;760,5956;2,9953;14;635
227;2020-05-22;São João da Boa Vista;28;563;1;19;834872;0;100;119,7788;0,4405;0,1508;794,1337;2,9207;28;663
247;2020-05-23;São João da Boa Vista;14;577;1;20;834872;0;100;119,7788;0,4049;0,1477;810,9027;2,7409;14;677
255;2020-05-24;São João da Boa Vista;3;580;1;20;834872;1;101;120,9766;0,3961;0,1483;815,6939;2,6706;4;681
266;2020-05-25;São João da Boa Vista;1;581;1;20;834872;1;102;122,1744;0,3835;0,1493;818,0895;2,5677;2;683
271;2020-05-26;São João da Boa Vista;2;583;1;21;834872;3;105;125,7678;0,3875;0,1526;824,0784;2,5387;5;688
298;2020-05-27;São João da Boa Vista;17;600;1;22;834872;3;108;129,3611;0,3624;0,1525;848,0342;2,3758;20;708
334;2020-05-28;São João da Boa Vista;4;604;1;22;834872;0;108;129,3611;0,3234;0,1517;852,8253;2,1317;4;712
382;2020-05-29;São João da Boa Vista;6;610;1;22;834872;1;109;130,5589;0,2853;0,1516;861,2099;1,8822;7;719
403;2020-05-30;São João da Boa Vista;2;612;1;23;834872;0;109;130,5589;0,2705;0,1512;863,6054;1,7891;2;721
412;2020-05-31;São João da Boa Vista;2;614;1;23;834872;0;109;130,5589;0,2646;0,1508;866,001;1,7549;2;723
413;2020-06-01;São João da Boa Vista;7;621;1;23;834872;4;113;135,3501;0,2736;0,154;879,1767;1,7772;11;734
462;2020-06-02;São João da Boa Vista;17;638;1;23;834872;1;114;136,5479;0,2468;0,1516;900,7369;1,6277;18;752
470;2020-06-03;São João da Boa Vista;26;664;1;23;834872;12;126;150,9213;0,2681;0,1595;946,2528;1,6809;38;790
496;2020-06-04;São João da Boa Vista;23;687;1;25;834872;6;132;158,1081;0,2661;0,1612;980,9887;1,6512;29;819
515;2020-06-05;São João da Boa Vista;15;702;1;25;834872;7;139;166,4926;0,2699;0,1653;1007,34;1,633;22;841
543;2020-06-06;São João da Boa Vista;7;709;1;25;834872;0;139;166,4926;0,256;0,1639;1015,7246;1,5617;7;848
550;2020-06-07;São João da Boa Vista;2;711;1;26;834872;4;143;171,2837;0,26;0,1674;1022,9113;1,5527;6;854
550;2020-06-08;São João da Boa Vista;19;730;1;26;834872;6;149;178,4705;0,2709;0,1695;1052,856;1,5982;25;879
580;2020-06-09;São João da Boa Vista;18;748;1;28;834872;4;153;183,2616;0,2638;0,1698;1079,2074;1,5534;22;901
620;2020-06-10;São João da Boa Vista;24;772;1;31;834872;9;162;194,0417;0,2613;0,1734;1118,7344;1,5065;33;934
664;2020-06-11;São João da Boa Vista;9;781;1;32;834872;1;163;195,2395;0,2455;0,1727;1130,7123;1,4217;10;944
671;2020-06-12;São João da Boa Vista;36;817;1;32;834872;14;177;212,0085;0,2638;0,1781;1190,6017;1,4814;50;994
688;2020-06-13;São João da Boa Vista;4;821;1;34;834872;3;180;215,6019;0,2616;0,1798;1198,9862;1,4549;7;1001
698;2020-06-14;São João da Boa Vista;10;831;1;34;834872;3;183;219,1953;0,2622;0,1805;1214,5574;1,4527;13;1014
0;2020-02-28;São José do Rio Preto;0;0;1;0;1629470;1;1;0,6137;;1;0,6137;;1;1
0;2020-02-29;São José do Rio Preto;0;0;1;0;1629470;1;2;1,2274;;1;1,2274;;1;2
0;2020-03-01;São José do Rio Preto;0;0;1;0;1629470;1;3;1,8411;;1;1,8411;;1;3
0;2020-03-02;São José do Rio Preto;1;1;1;0;1629470;0;3;1,8411;;0,75;2,4548;;1;4
0;2020-03-03;São José do Rio Preto;1;2;1;0;1629470;0;3;1,8411;;0,6;3,0685;;1;5
0;2020-03-04;São José do Rio Preto;1;3;1;0;1629470;1;4;2,4548;;0,5714;4,2959;;2;7
0;2020-03-05;São José do Rio Preto;1;4;1;0;1629470;1;5;3,0685;;0,5556;5,5233;;2;9
0;2020-03-06;São José do Rio Preto;1;5;1;0;1629470;1;6;3,6822;;0,5455;6,7507;;2;11
0;2020-03-07;São José do Rio Preto;1;6;1;0;1629470;1;7;4,2959;;0,5385;7,9781;;2;13
0;2020-03-08;São José do Rio Preto;1;7;1;0;1629470;1;8;4,9096;;0,5333;9,2054;;2;15
0;2020-03-09;São José do Rio Preto;1;8;1;0;1629470;0;8;4,9096;;0,5;9,8191;;1;16
0;2020-03-10;São José do Rio Preto;1;9;1;0;1629470;0;8;4,9096;;0,4706;10,4328;;1;17
0;2020-03-11;São José do Rio Preto;1;10;1;0;1629470;0;8;4,9096;;0,4444;11,0465;;1;18
0;2020-03-12;São José do Rio Preto;1;11;1;0;1629470;0;8;4,9096;;0,4211;11,6602;;1;19
0;2020-03-13;São José do Rio Preto;1;12;1;0;1629470;1;9;5,5233;;0,4286;12,8876;;2;21
0;2020-03-14;São José do Rio Preto;1;13;1;0;1629470;1;10;6,137;;0,4348;14,115;;2;23
0;2020-03-15;São José do Rio Preto;1;14;1;0;1629470;1;11;6,7507;;0,44;15,3424;;2;25
0;2020-03-16;São José do Rio Preto;2;16;1;0;1629470;0;11;6,7507;;0,4074;16,5698;;2;27
0;2020-03-17;São José do Rio Preto;3;19;1;0;1629470;1;12;7,3644;;0,3871;19,0246;;4;31
1;2020-03-18;São José do Rio Preto;3;22;1;0;1629470;1;13;7,9781;13;0,3714;21,4794;35;4;35
1;2020-03-19;São José do Rio Preto;3;25;1;0;1629470;1;14;8,5918;14;0,359;23,9342;39;4;39
1;2020-03-20;São José do Rio Preto;3;28;1;0;1629470;1;15;9,2054;15;0,3488;26,3889;43;4;43
1;2020-03-21;São José do Rio Preto;3;31;1;0;1629470;1;16;9,8191;16;0,3404;28,8437;47;4;47
1;2020-03-22;São José do Rio Preto;1;32;1;0;1629470;0;16;9,8191;16;0,3333;29,4574;48;1;48
1;2020-03-23;São José do Rio Preto;4;36;1;0;1629470;0;16;9,8191;16;0,3077;31,9122;52;4;52
1;2020-03-24;São José do Rio Preto;13;49;1;0;1629470;0;16;9,8191;16;0,2462;39,8903;65;13;65
1;2020-03-25;São José do Rio Preto;13;62;1;0;1629470;0;16;9,8191;16;0,2051;47,8683;78;13;78
1;2020-03-26;São José do Rio Preto;11;73;1;0;1629470;0;16;9,8191;16;0,1798;54,619;89;11;89
1;2020-03-27;São José do Rio Preto;2;75;1;0;1629470;1;17;10,4328;17;0,1848;56,4601;92;3;92
1;2020-03-28;São José do Rio Preto;2;77;1;0;1629470;1;18;11,0465;18;0,1895;58,3012;95;3;95
1;2020-03-29;São José do Rio Preto;2;79;1;0;1629470;1;19;11,6602;19;0,1939;60,1423;98;3;98
3;2020-03-30;São José do Rio Preto;29;108;1;0;1629470;2;21;12,8876;7;0,1628;79,1668;43;31;129
7;2020-03-31;São José do Rio Preto;4;112;1;0;1629470;0;21;12,8876;3;0,1579;81,6216;19;4;133
8;2020-04-01;São José do Rio Preto;23;135;1;0;1629470;1;22;13,5013;2,75;0,1401;96,3503;19,625;24;157
8;2020-04-02;São José do Rio Preto;4;139;1;0;1629470;1;23;14,115;2,875;0,142;99,4188;20,25;5;162
8;2020-04-03;São José do Rio Preto;2;141;1;0;1629470;0;23;14,115;2,875;0,1402;100,6462;20,5;2;164
12;2020-04-04;São José do Rio Preto;8;149;1;0;1629470;0;23;14,115;1,9167;0,1337;105,5558;14,3333;8;172
13;2020-04-05;São José do Rio Preto;3;152;1;0;1629470;0;23;14,115;1,7692;0,1314;107,3969;13,4615;3;175
19;2020-04-06;São José do Rio Preto;80;232;1;0;1629470;9;32;19,6383;1,6842;0,1212;162,0159;13,8947;89;264
37;2020-04-07;São José do Rio Preto;95;327;1;1;1629470;8;40;24,5479;1,0811;0,109;225,2266;9,9189;103;367
50;2020-04-08;São José do Rio Preto;66;393;1;2;1629470;8;48;29,4574;0,96;0,1088;270,6401;8,82;74;441
57;2020-04-09;São José do Rio Preto;65;458;1;2;1629470;6;54;33,1396;0,9474;0,1055;314,2126;8,9825;71;512
59;2020-04-10;São José do Rio Preto;87;545;1;3;1629470;6;60;36,8218;1,0169;0,0992;371,2864;10,2542;93;605
62;2020-04-11;São José do Rio Preto;14;559;1;3;1629470;0;60;36,8218;0,9677;0,0969;379,8781;9,9839;14;619
69;2020-04-12;São José do Rio Preto;29;588;1;3;1629470;2;62;38,0492;0,8986;0,0954;398,9027;9,4203;31;650
72;2020-04-13;São José do Rio Preto;39;627;1;3;1629470;3;65;39,8903;0,9028;0,0939;424,678;9,6111;42;692
85;2020-04-14;São José do Rio Preto;36;663;1;5;1629470;1;66;40,504;0,7765;0,0905;447,3847;8,5765;37;729
98;2020-04-15;São José do Rio Preto;35;698;1;5;1629470;0;66;40,504;0,6735;0,0864;468,8641;7,7959;35;764
101;2020-04-16;São José do Rio Preto;87;785;1;5;1629470;10;76;46,6409;0,7525;0,0883;528,3927;8,5248;97;861
104;2020-04-17;São José do Rio Preto;48;833;1;7;1629470;2;78;47,8683;0,75;0,0856;559,0775;8,7596;50;911
117;2020-04-18;São José do Rio Preto;42;875;1;6;1629470;2;80;49,0957;0,6838;0,0838;586,0801;8,1624;44;955
119;2020-04-19;São José do Rio Preto;5;880;1;8;1629470;2;82;50,3231;0,6891;0,0852;590,376;8,084;7;962
120;2020-04-20;São José do Rio Preto;8;888;1;9;1629470;0;82;50,3231;0,6833;0,0845;595,2856;8,0833;8;970
121;2020-04-21;São José do Rio Preto;80;968;1;11;1629470;4;86;52,7779;0,7107;0,0816;646,8361;8,7107;84;1054
122;2020-04-22;São José do Rio Preto;5;973;1;11;1629470;1;87;53,3916;0,7131;0,0821;650,5183;8,6885;6;1060
124;2020-04-23;São José do Rio Preto;36;1009;1;11;1629470;6;93;57,0738;0,75;0,0844;676,2935;8,8871;42;1102
121;2020-04-24;São José do Rio Preto;38;1047;1;11;1629470;0;93;57,0738;0,7686;0,0816;699,614;9,4215;38;1140
135;2020-04-25;São José do Rio Preto;60;1107;1;11;1629470;10;103;63,2107;0,763;0,0851;742,5727;8,963;70;1210
140;2020-04-26;São José do Rio Preto;2;1109;1;11;1629470;1;104;63,8244;0,7429;0,0857;744,4138;8,6643;3;1213
156;2020-04-27;São José do Rio Preto;15;1124;1;11;1629470;3;107;65,6655;0,6859;0,0869;755,4604;7,891;18;1231
167;2020-04-28;São José do Rio Preto;71;1195;1;11;1629470;9;116;71,1888;0,6946;0,0885;804,5561;7,8503;80;1311
172;2020-04-29;São José do Rio Preto;47;1242;1;11;1629470;8;124;76,0984;0,7209;0,0908;838,3094;7,9419;55;1366
187;2020-04-30;São José do Rio Preto;45;1287;1;12;1629470;4;128;78,5531;0,6845;0,0905;868,3805;7,5668;49;1415
197;2020-05-01;São José do Rio Preto;52;1339;1;12;1629470;12;140;85,9175;0,7107;0,0947;907,6571;7,5076;64;1479
219;2020-05-02;São José do Rio Preto;2;1341;1;12;1629470;0;140;85,9175;0,6393;0,0945;908,8845;6,7626;2;1481
223;2020-05-03;São José do Rio Preto;1;1342;1;13;1629470;0;140;85,9175;0,6278;0,0945;909,4982;6,6457;1;1482
231;2020-05-04;São José do Rio Preto;41;1383;1;13;1629470;2;142;87,1449;0,6147;0,0931;935,8871;6,6017;43;1525
240;2020-05-05;São José do Rio Preto;66;1449;1;14;1629470;8;150;92,0545;0,625;0,0938;981,3007;6,6625;74;1599
280;2020-05-06;São José do Rio Preto;48;1497;1;14;1629470;7;157;96,3503;0,5607;0,0949;1015,054;5,9071;55;1654
299;2020-05-07;São José do Rio Preto;52;1549;1;16;1629470;11;168;103,101;0,5619;0,0978;1053,7169;5,7425;63;1717
326;2020-05-08;São José do Rio Preto;81;1630;1;16;1629470;10;178;109,238;0,546;0,0985;1109,5632;5,546;91;1808
376;2020-05-09;São José do Rio Preto;47;1677;1;16;1629470;7;185;113,5338;0,492;0,0994;1142,7028;4,9521;54;1862
461;2020-05-10;São José do Rio Preto;47;1724;1;16;1629470;7;192;117,8297;0,4165;0,1002;1175,8425;4,1562;54;1916
467;2020-05-11;São José do Rio Preto;14;1738;1;18;1629470;3;195;119,6708;0,4176;0,1009;1186,2753;4,1392;17;1933
496;2020-05-12;São José do Rio Preto;61;1799;1;21;1629470;12;207;127,0352;0,4173;0,1032;1231,0751;4,0444;73;2006
542;2020-05-13;São José do Rio Preto;43;1842;1;24;1629470;13;220;135,0132;0,4059;0,1067;1265,4421;3,8044;56;2062
645;2020-05-14;São José do Rio Preto;63;1905;1;27;1629470;9;229;140,5365;0,355;0,1073;1309,6283;3,3085;72;2134
702;2020-05-15;São José do Rio Preto;47;1952;1;30;1629470;5;234;143,605;0,3333;0,107;1341,5405;3,114;52;2186
726;2020-05-16;São José do Rio Preto;60;2012;1;31;1629470;14;248;152,1967;0,3416;0,1097;1386,954;3,1129;74;2260
730;2020-05-17;São José do Rio Preto;60;2072;1;32;1629470;14;262;160,7885;0,3589;0,1123;1432,3676;3,1973;74;2334
803;2020-05-18;São José do Rio Preto;60;2132;1;33;1629470;14;276;169,3802;0,3437;0,1146;1477,7811;2,9988;74;2408
829;2020-05-19;São José do Rio Preto;65;2197;1;38;1629470;26;302;185,3363;0,3643;0,1208;1533,6275;3,0145;91;2499
869;2020-05-20;São José do Rio Preto;48;2245;1;40;1629470;17;319;195,7692;0,3671;0,1244;1573,5178;2,9505;65;2564
912;2020-05-21;São José do Rio Preto;64;2309;1;42;1629470;15;334;204,9746;0,3662;0,1264;1621,9998;2,898;79;2643
955;2020-05-22;São José do Rio Preto;76;2385;1;42;1629470;13;347;212,9527;0,3634;0,127;1676,6188;2,8607;89;2732
1055;2020-05-23;São José do Rio Preto;68;2453;1;44;1629470;15;362;222,1581;0,3431;0,1286;1727,5556;2,6682;83;2815
1096;2020-05-24;São José do Rio Preto;68;2521;1;45;1629470;15;377;231,3636;0,344;0,1301;1778,4924;2,6442;83;2898
1110;2020-05-25;São José do Rio Preto;24;2545;1;47;1629470;10;387;237,5005;0,3486;0,132;1799,3581;2,6414;34;2932
1125;2020-05-26;São José do Rio Preto;64;2609;1;51;1629470;17;404;247,9334;0,3591;0,1341;1849,0675;2,6782;81;3013
1172;2020-05-27;São José do Rio Preto;86;2695;1;53;1629470;27;431;264,5032;0,3677;0,1379;1918,4152;2,6672;113;3126
1227;2020-05-28;São José do Rio Preto;65;2760;1;53;1629470;14;445;273,0949;0,3627;0,1388;1966,8972;2,6121;79;3205
1309;2020-05-29;São José do Rio Preto;78;2838;1;57;1629470;21;466;285,9826;0,356;0,141;2027,6532;2,5241;99;3304
1399;2020-05-30;São José do Rio Preto;128;2966;1;57;1629470;36;502;308,0756;0,3588;0,1448;2128,2994;2,4789;164;3468
1433;2020-05-31;São José do Rio Preto;128;3094;1;60;1629470;36;538;330,1687;0,3754;0,1481;2228,9456;2,5345;164;3632
1439;2020-06-01;São José do Rio Preto;61;3155;1;62;1629470;15;553;339,3742;0,3843;0,1491;2275,5865;2,5768;76;3708
1525;2020-06-02;São José do Rio Preto;79;3234;1;65;1629470;34;587;360,2398;0,3849;0,1536;2344,9342;2,5056;113;3821
1579;2020-06-03;São José do Rio Preto;191;3425;1;66;1629470;78;665;408,1082;0,4212;0,1626;2510,0186;2,5902;269;4090
1711;2020-06-04;São José do Rio Preto;125;3550;1;69;1629470;43;708;434,4971;0,4138;0,1663;2613,1196;2,4886;168;4258
1801;2020-06-05;São José do Rio Preto;141;3691;1;71;1629470;60;768;471,3189;0,4264;0,1722;2736,4726;2,4758;201;4459
1898;2020-06-06;São José do Rio Preto;150;3841;1;73;1629470;84;852;522,8694;0,4489;0,1815;2880,0776;2,4726;234;4693
1982;2020-06-07;São José do Rio Preto;150;3991;1;78;1629470;84;936;574,4199;0,4723;0,19;3023,6825;2,4859;234;4927
2083;2020-06-08;São José do Rio Preto;101;4092;1;81;1629470;67;1003;615,5376;0,4815;0,1969;3126,7836;2,446;168;5095
2219;2020-06-09;São José do Rio Preto;169;4261;1;89;1629470;101;1104;677,5209;0,4975;0,2058;3292,4816;2,4178;270;5365
2327;2020-06-10;São José do Rio Preto;176;4437;1;91;1629470;154;1258;772,0302;0,5406;0,2209;3495,0014;2,4474;330;5695
2524;2020-06-11;São José do Rio Preto;202;4639;1;94;1629470;127;1385;849,9696;0,5487;0,2299;3696,9076;2,3867;329;6024
2727;2020-06-12;São José do Rio Preto;52;4691;1;97;1629470;27;1412;866,5394;0,5178;0,2314;3745,3896;2,238;79;6103
2893;2020-06-13;São José do Rio Preto;93;4784;1;105;1629470;55;1467;900,2927;0,5071;0,2347;3836,2167;2,1607;148;6251
2973;2020-06-14;São José do Rio Preto;0;4784;1;108;1629470;0;1467;900,2927;0,4934;0,2347;3836,2167;2,1026;0;6251
0;2020-02-13;Sorocaba;0;0;1;0;2534157;1;1;0,3946;;1;0,3946;;1;1
0;2020-02-14;Sorocaba;0;0;1;0;2534157;1;2;0,7892;;1;0,7892;;1;2
0;2020-02-15;Sorocaba;0;0;1;0;2534157;1;3;1,1838;;1;1,1838;;1;3
0;2020-02-16;Sorocaba;0;0;1;0;2534157;1;4;1,5784;;1;1,5784;;1;4
0;2020-02-17;Sorocaba;0;0;1;0;2534157;1;5;1,973;;1;1,973;;1;5
0;2020-02-18;Sorocaba;0;0;1;0;2534157;1;6;2,3677;;1;2,3677;;1;6
0;2020-02-19;Sorocaba;0;0;1;0;2534157;1;7;2,7623;;1;2,7623;;1;7
0;2020-02-20;Sorocaba;0;0;1;0;2534157;1;8;3,1569;;1;3,1569;;1;8
0;2020-02-21;Sorocaba;0;0;1;0;2534157;1;9;3,5515;;1;3,5515;;1;9
0;2020-02-22;Sorocaba;0;0;1;0;2534157;1;10;3,9461;;1;3,9461;;1;10
0;2020-02-23;Sorocaba;0;0;1;0;2534157;1;11;4,3407;;1;4,3407;;1;11
0;2020-02-24;Sorocaba;0;0;1;0;2534157;1;12;4,7353;;1;4,7353;;1;12
0;2020-02-25;Sorocaba;0;0;1;0;2534157;1;13;5,1299;;1;5,1299;;1;13
0;2020-02-26;Sorocaba;0;0;1;0;2534157;1;14;5,5245;;1;5,5245;;1;14
0;2020-02-27;Sorocaba;0;0;1;0;2534157;1;15;5,9191;;1;5,9191;;1;15
0;2020-02-28;Sorocaba;0;0;1;0;2534157;1;16;6,3137;;1;6,3137;;1;16
0;2020-02-29;Sorocaba;0;0;1;0;2534157;1;17;6,7083;;1;6,7083;;1;17
0;2020-03-01;Sorocaba;0;0;1;0;2534157;1;18;7,103;;1;7,103;;1;18
0;2020-03-02;Sorocaba;3;3;1;0;2534157;4;22;8,6814;;0,88;9,8652;;7;25
0;2020-03-03;Sorocaba;3;6;1;0;2534157;4;26;10,2598;;0,8125;12,6275;;7;32
0;2020-03-04;Sorocaba;2;8;1;0;2534157;0;26;10,2598;;0,7647;13,4167;;2;34
0;2020-03-05;Sorocaba;0;8;1;0;2534157;1;27;10,6544;;0,7714;13,8113;;1;35
0;2020-03-06;Sorocaba;1;9;1;0;2534157;0;27;10,6544;;0,75;14,2059;;1;36
0;2020-03-07;Sorocaba;1;10;1;0;2534157;0;27;10,6544;;0,7297;14,6005;;1;37
0;2020-03-08;Sorocaba;1;11;1;0;2534157;0;27;10,6544;;0,7105;14,9951;;1;38
0;2020-03-09;Sorocaba;2;13;1;0;2534157;0;27;10,6544;;0,675;15,7843;;2;40
0;2020-03-10;Sorocaba;2;15;1;0;2534157;0;27;10,6544;;0,6429;16,5736;;2;42
0;2020-03-11;Sorocaba;3;18;1;0;2534157;1;28;11,049;;0,6087;18,152;;4;46
0;2020-03-12;Sorocaba;3;21;1;0;2534157;1;29;11,4436;;0,58;19,7304;;4;50
0;2020-03-13;Sorocaba;2;23;1;0;2534157;0;29;11,4436;;0,5577;20,5196;;2;52
0;2020-03-14;Sorocaba;2;25;1;0;2534157;0;29;11,4436;;0,537;21,3089;;2;54
0;2020-03-15;Sorocaba;2;27;1;0;2534157;0;29;11,4436;;0,5179;22,0981;;2;56
0;2020-03-16;Sorocaba;1;28;1;0;2534157;1;30;11,8383;;0,5172;22,8873;;2;58
0;2020-03-17;Sorocaba;1;29;1;0;2534157;0;30;11,8383;;0,5085;23,2819;;1;59
0;2020-03-18;Sorocaba;4;33;1;0;2534157;0;30;11,8383;;0,4762;24,8603;;4;63
0;2020-03-19;Sorocaba;1;34;1;0;2534157;0;30;11,8383;;0,4688;25,2549;;1;64
0;2020-03-20;Sorocaba;2;36;1;0;2534157;2;32;12,6275;;0,4706;26,8334;;4;68
0;2020-03-21;Sorocaba;2;38;1;0;2534157;2;34;13,4167;;0,4722;28,4118;;4;72
0;2020-03-22;Sorocaba;2;40;1;0;2534157;2;36;14,2059;;0,4737;29,9902;;4;76
0;2020-03-23;Sorocaba;4;44;1;0;2534157;0;36;14,2059;;0,45;31,5687;;4;80
0;2020-03-24;Sorocaba;2;46;1;0;2534157;0;36;14,2059;;0,439;32,3579;;2;82
0;2020-03-25;Sorocaba;1;47;1;0;2534157;0;36;14,2059;;0,4337;32,7525;;1;83
1;2020-03-26;Sorocaba;15;62;1;0;2534157;0;36;14,2059;36;0,3673;38,6716;98;15;98
2;2020-03-27;Sorocaba;10;72;1;0;2534157;2;38;14,9951;19;0,3455;43,4069;55;12;110
2;2020-03-28;Sorocaba;3;75;1;0;2534157;0;38;14,9951;19;0,3363;44,5908;56,5;3;113
2;2020-03-29;Sorocaba;0;75;1;0;2534157;1;39;15,3897;19,5;0,3421;44,9854;57;1;114
5;2020-03-30;Sorocaba;21;96;1;1;2534157;0;39;15,3897;7,8;0,2889;53,2722;27;21;135
6;2020-03-31;Sorocaba;2;98;1;1;2534157;0;39;15,3897;6,5;0,2847;54,0614;22,8333;2;137
7;2020-04-01;Sorocaba;10;108;1;1;2534157;0;39;15,3897;5,5714;0,2653;58,0075;21;10;147
10;2020-04-02;Sorocaba;11;119;1;1;2534157;0;39;15,3897;3,9;0,2468;62,3481;15,8;11;158
15;2020-04-03;Sorocaba;6;125;1;2;2534157;1;40;15,7843;2,6667;0,2424;65,1104;11;7;165
14;2020-04-04;Sorocaba;4;129;1;2;2534157;0;40;15,7843;2,8571;0,2367;66,6888;12,0714;4;169
16;2020-04-05;Sorocaba;9;138;1;2;2534157;1;41;16,179;2,5625;0,2291;70,6349;11,1875;10;179
18;2020-04-06;Sorocaba;40;178;1;2;2534157;5;46;18,152;2,5556;0,2054;88,3923;12,4444;45;224
25;2020-04-07;Sorocaba;52;230;1;2;2534157;2;48;18,9412;1,92;0,1727;109,7012;11,12;54;278
29;2020-04-08;Sorocaba;30;260;1;2;2534157;3;51;20,125;1,7586;0,164;122,7233;10,7241;33;311
38;2020-04-09;Sorocaba;24;284;1;2;2534157;5;56;22,0981;1,4737;0,1647;134,1669;8,9474;29;340
46;2020-04-10;Sorocaba;80;364;1;3;2534157;1;57;22,4927;1,2391;0,1354;166,1302;9,1522;81;421
49;2020-04-11;Sorocaba;22;386;1;3;2534157;0;57;22,4927;1,1633;0,1287;174,8116;9,0408;22;443
50;2020-04-12;Sorocaba;20;406;1;3;2534157;3;60;23,6765;1,2;0,1288;183,8876;9,32;23;466
55;2020-04-13;Sorocaba;56;462;1;3;2534157;1;61;24,0711;1,1091;0,1166;206,3803;9,5091;57;523
62;2020-04-14;Sorocaba;84;546;1;3;2534157;14;75;29,5956;1,2097;0,1208;245,0519;10,0161;98;621
74;2020-04-15;Sorocaba;65;611;1;4;2534157;13;88;34,7256;1,1892;0,1259;275,8314;9,4459;78;699
88;2020-04-16;Sorocaba;84;695;1;7;2534157;16;104;41,0393;1,1818;0,1302;315,2922;9,0795;100;799
97;2020-04-17;Sorocaba;189;884;1;8;2534157;10;114;44,9854;1,1753;0,1142;393,8193;10,2887;199;998
106;2020-04-18;Sorocaba;126;1010;1;11;2534157;15;129;50,9045;1,217;0,1133;449,4591;10,7453;141;1139
115;2020-04-19;Sorocaba;76;1086;1;12;2534157;6;135;53,2722;1,1739;0,1106;481,817;10,6174;82;1221
120;2020-04-20;Sorocaba;49;1135;1;12;2534157;15;150;59,1913;1,25;0,1167;507,072;10,7083;64;1285
130;2020-04-21;Sorocaba;85;1220;1;15;2534157;9;159;62,7428;1,2231;0,1153;544,1652;10,6077;94;1379
131;2020-04-22;Sorocaba;78;1298;1;16;2534157;19;178;70,2403;1,3588;0,1206;582,4422;11,2672;97;1476
141;2020-04-23;Sorocaba;95;1393;1;16;2534157;21;199;78,5271;1,4113;0,125;628,2168;11,2908;116;1592
159;2020-04-24;Sorocaba;57;1450;1;18;2534157;6;205;80,8948;1,2893;0,1239;653,0771;10,4088;63;1655
190;2020-04-25;Sorocaba;84;1534;1;22;2534157;11;216;85,2354;1,1368;0,1234;690,5649;9,2105;95;1750
202;2020-04-26;Sorocaba;5;1539;1;22;2534157;1;217;85,6301;1,0743;0,1236;692,9326;8,6931;6;1756
207;2020-04-27;Sorocaba;49;1588;1;23;2534157;8;225;88,7869;1,087;0,1241;715,4253;8,7585;57;1813
242;2020-04-28;Sorocaba;75;1663;1;29;2534157;9;234;92,3384;0,9669;0,1234;748,5724;7,8388;84;1897
282;2020-04-29;Sorocaba;67;1730;1;31;2534157;18;252;99,4414;0,8936;0,1271;782,1141;7,0284;85;1982
312;2020-04-30;Sorocaba;71;1801;1;33;2534157;21;273;107,7281;0,875;0,1316;818,4181;6,6474;92;2074
329;2020-05-01;Sorocaba;4;1805;1;33;2534157;2;275;108,5173;0,8359;0,1322;820,7858;6,3222;6;2080
344;2020-05-02;Sorocaba;61;1866;1;33;2534157;13;288;113,6473;0,8372;0,1337;849,9868;6,2616;74;2154
347;2020-05-03;Sorocaba;4;1870;1;33;2534157;1;289;114,0419;0,8329;0,1339;851,9598;6,2219;5;2159
354;2020-05-04;Sorocaba;111;1981;1;33;2534157;26;315;124,3017;0,8898;0,1372;906,0212;6,4859;137;2296
381;2020-05-05;Sorocaba;28;2009;1;34;2534157;20;335;132,1939;0,8793;0,1429;924,9624;6,1522;48;2344
432;2020-05-06;Sorocaba;73;2082;1;35;2534157;65;400;157,8434;0,9259;0,1612;979,4184;5,7454;138;2482
484;2020-05-07;Sorocaba;31;2113;1;37;2534157;54;454;179,1523;0,938;0,1769;1012,9601;5,3037;85;2567
524;2020-05-08;Sorocaba;10;2123;1;41;2534157;7;461;181,9145;0,8798;0,1784;1019,6685;4,9313;17;2584
594;2020-05-09;Sorocaba;31;2154;1;45;2534157;43;504;198,8827;0,8485;0,1896;1048,8695;4,4747;74;2658
604;2020-05-10;Sorocaba;31;2185;1;47;2534157;43;547;215,8509;0,9056;0,2002;1078,0705;4,5232;74;2732
606;2020-05-11;Sorocaba;63;2248;1;47;2534157;54;601;237,1597;0,9917;0,211;1124,2397;4,7013;117;2849
629;2020-05-12;Sorocaba;114;2362;1;50;2534157;33;634;250,1818;1,0079;0,2116;1182,2472;4,7631;147;2996
780;2020-05-13;Sorocaba;28;2390;1;55;2534157;16;650;256,4956;0,8333;0,2138;1199,61;3,8974;44;3040
889;2020-05-14;Sorocaba;98;2488;1;58;2534157;27;677;267,15;0,7615;0,2139;1248,936;3,5602;125;3165
981;2020-05-15;Sorocaba;81;2569;1;60;2534157;38;715;282,1451;0,7288;0,2177;1295,8945;3,3476;119;3284
1057;2020-05-16;Sorocaba;119;2688;1;61;2534157;59;774;305,427;0,7323;0,2236;1366,1348;3,2753;178;3462
1086;2020-05-17;Sorocaba;119;2807;1;64;2534157;59;833;328,7089;0,767;0,2288;1436,3751;3,3517;178;3640
1117;2020-05-18;Sorocaba;119;2926;1;64;2534157;59;892;351,9908;0,7986;0,2336;1506,6154;3,4181;178;3818
1212;2020-05-19;Sorocaba;118;3044;1;67;2534157;53;945;372,9051;0,7797;0,2369;1574,0935;3,2913;171;3989
1345;2020-05-20;Sorocaba;56;3100;1;71;2534157;22;967;381,5865;0,719;0,2378;1604,8729;3,0238;78;4067
1429;2020-05-21;Sorocaba;77;3177;1;75;2534157;33;1000;394,6085;0,6998;0,2394;1648,2799;2,923;110;4177
1527;2020-05-22;Sorocaba;92;3269;1;83;2534157;21;1021;402,8953;0,6686;0,238;1692,8706;2,8094;113;4290
1592;2020-05-23;Sorocaba;116;3385;1;90;2534157;43;1064;419,8635;0,6683;0,2392;1755,6134;2,7946;159;4449
1662;2020-05-24;Sorocaba;116;3501;1;90;2534157;43;1107;436,8317;0,6661;0,2402;1818,3562;2,7726;159;4608
1697;2020-05-25;Sorocaba;49;3550;1;91;2534157;30;1137;448,6699;0,67;0,2426;1849,5302;2,7619;79;4687
1727;2020-05-26;Sorocaba;125;3675;1;92;2534157;56;1193;470,768;0,6908;0,2451;1920,9544;2,8188;181;4868
1821;2020-05-27;Sorocaba;83;3758;1;103;2534157;54;1247;492,0769;0,6848;0,2492;1975,0158;2,7485;137;5005
1979;2020-05-28;Sorocaba;70;3828;1;105;2534157;52;1299;512,5965;0,6564;0,2534;2023,158;2,5907;122;5127
2086;2020-05-29;Sorocaba;88;3916;1;111;2534157;31;1330;524,8294;0,6376;0,2535;2070,1164;2,5149;119;5246
2247;2020-05-30;Sorocaba;27;3943;1;117;2534157;5;1335;526,8024;0,5941;0,2529;2082,7439;2,3489;32;5278
2283;2020-05-31;Sorocaba;27;3970;1;118;2534157;5;1340;528,7754;0,5869;0,2524;2095,3714;2,3259;32;5310
2282;2020-06-01;Sorocaba;128;4098;1;117;2534157;68;1408;555,6088;0,617;0,2557;2172,7146;2,4128;196;5506
2458;2020-06-02;Sorocaba;56;4154;1;129;2534157;28;1436;566,6579;0,5842;0,2569;2205,8618;2,2742;84;5590
2632;2020-06-03;Sorocaba;102;4256;1;136;2534157;54;1490;587,9667;0,5661;0,2593;2267,4207;2,1831;156;5746
2765;2020-06-04;Sorocaba;94;4350;1;144;2534157;53;1543;608,881;0,558;0,2618;2325,4281;2,1313;147;5893
2915;2020-06-05;Sorocaba;71;4421;1;148;2534157;45;1588;626,6384;0,5448;0,2643;2371,2027;2,0614;116;6009
3071;2020-06-06;Sorocaba;57;4478;1;150;2534157;41;1629;642,8173;0,5304;0,2667;2409,8744;1,9886;98;6107
3092;2020-06-07;Sorocaba;57;4535;1;151;2534157;41;1670;658,9963;0,5401;0,2691;2448,546;2,0068;98;6205
3116;2020-06-08;Sorocaba;54;4589;1;152;2534157;42;1712;675,5698;0,5494;0,2717;2486,4284;2,0221;96;6301
3235;2020-06-09;Sorocaba;121;4710;1;159;2534157;68;1780;702,4032;0,5502;0,2743;2561,0094;2,0062;189;6490
3368;2020-06-10;Sorocaba;38;4748;1;172;2534157;38;1818;717,3983;0,5398;0,2769;2590,9997;1,9495;76;6566
3518;2020-06-11;Sorocaba;78;4826;1;178;2534157;69;1887;744,6263;0,5364;0,2811;2649,0071;1,9082;147;6713
3600;2020-06-12;Sorocaba;69;4895;1;180;2534157;42;1929;761,1999;0,5358;0,2827;2692,8087;1,8956;111;6824
3673;2020-06-13;Sorocaba;67;4962;1;181;2534157;30;1959;773,0381;0,5334;0,2831;2731,0857;1,8843;97;6921
3807;2020-06-14;Sorocaba;0;4962;1;182;2534157;0;1959;773,0381;0,5146;0,2831;2731,0857;1,818;0;6921
0;2020-02-05;Taubaté;2;2;1;0;2552610;0;0;0;;0;0,7835;;2;2
0;2020-02-06;Taubaté;2;4;1;0;2552610;0;0;0;;0;1,567;;2;4
0;2020-02-07;Taubaté;2;6;1;0;2552610;0;0;0;;0;2,3505;;2;6
0;2020-02-08;Taubaté;2;8;1;0;2552610;0;0;0;;0;3,134;;2;8
0;2020-02-09;Taubaté;2;10;1;0;2552610;0;0;0;;0;3,9176;;2;10
0;2020-02-10;Taubaté;2;12;1;0;2552610;0;0;0;;0;4,7011;;2;12
0;2020-02-11;Taubaté;2;14;1;0;2552610;0;0;0;;0;5,4846;;2;14
0;2020-02-12;Taubaté;2;16;1;0;2552610;0;0;0;;0;6,2681;;2;16
0;2020-02-13;Taubaté;2;18;1;0;2552610;0;0;0;;0;7,0516;;2;18
0;2020-02-14;Taubaté;2;20;1;0;2552610;0;0;0;;0;7,8351;;2;20
0;2020-02-15;Taubaté;2;22;1;0;2552610;0;0;0;;0;8,6186;;2;22
0;2020-02-16;Taubaté;2;24;1;0;2552610;0;0;0;;0;9,4021;;2;24
0;2020-02-17;Taubaté;2;26;1;0;2552610;0;0;0;;0;10,1857;;2;26
0;2020-02-18;Taubaté;0;26;1;0;2552610;1;1;0,3918;;0,037;10,5774;;1;27
0;2020-02-19;Taubaté;0;26;1;0;2552610;1;2;0,7835;;0,0714;10,9692;;1;28
0;2020-02-20;Taubaté;0;26;1;0;2552610;1;3;1,1753;;0,1034;11,3609;;1;29
0;2020-02-21;Taubaté;0;26;1;0;2552610;1;4;1,567;;0,1333;11,7527;;1;30
0;2020-02-22;Taubaté;0;26;1;0;2552610;1;5;1,9588;;0,1613;12,1444;;1;31
0;2020-02-23;Taubaté;0;26;1;0;2552610;1;6;2,3505;;0,1875;12,5362;;1;32
0;2020-02-24;Taubaté;0;26;1;0;2552610;1;7;2,7423;;0,2121;12,9279;;1;33
0;2020-02-25;Taubaté;0;26;1;0;2552610;1;8;3,134;;0,2353;13,3197;;1;34
0;2020-02-26;Taubaté;0;26;1;0;2552610;1;9;3,5258;;0,2571;13,7115;;1;35
0;2020-02-27;Taubaté;0;26;1;0;2552610;1;10;3,9176;;0,2778;14,1032;;1;36
0;2020-02-28;Taubaté;1;27;1;0;2552610;0;10;3,9176;;0,2703;14,495;;1;37
0;2020-02-29;Taubaté;1;28;1;0;2552610;0;10;3,9176;;0,2632;14,8867;;1;38
0;2020-03-01;Taubaté;1;29;1;0;2552610;0;10;3,9176;;0,2564;15,2785;;1;39
0;2020-03-02;Taubaté;1;30;1;0;2552610;0;10;3,9176;;0,25;15,6702;;1;40
0;2020-03-03;Taubaté;2;32;1;0;2552610;0;10;3,9176;;0,2381;16,4537;;2;42
0;2020-03-04;Taubaté;1;33;1;0;2552610;0;10;3,9176;;0,2326;16,8455;;1;43
0;2020-03-05;Taubaté;0;33;1;0;2552610;2;12;4,7011;;0,2667;17,629;;2;45
0;2020-03-06;Taubaté;3;36;1;0;2552610;1;13;5,0928;;0,2653;19,196;;4;49
0;2020-03-07;Taubaté;3;39;1;0;2552610;1;14;5,4846;;0,2642;20,7631;;4;53
0;2020-03-08;Taubaté;3;42;1;0;2552610;1;15;5,8763;;0,2632;22,3301;;4;57
0;2020-03-09;Taubaté;3;45;1;0;2552610;0;15;5,8763;;0,25;23,5054;;3;60
0;2020-03-10;Taubaté;3;48;1;0;2552610;0;15;5,8763;;0,2381;24,6806;;3;63
0;2020-03-11;Taubaté;3;51;1;0;2552610;0;15;5,8763;;0,2273;25,8559;;3;66
0;2020-03-12;Taubaté;5;56;1;0;2552610;0;15;5,8763;;0,2113;27,8147;;5;71
0;2020-03-13;Taubaté;5;61;1;0;2552610;4;19;7,4434;;0,2375;31,3405;;9;80
0;2020-03-14;Taubaté;5;66;1;0;2552610;4;23;9,0104;;0,2584;34,8663;;9;89
0;2020-03-15;Taubaté;5;71;1;0;2552610;4;27;10,5774;;0,2755;38,3921;;9;98
0;2020-03-16;Taubaté;6;77;1;0;2552610;0;27;10,5774;;0,2596;40,7426;;6;104
0;2020-03-17;Taubaté;2;79;1;0;2552610;1;28;10,9692;;0,2617;41,9179;;3;107
1;2020-03-18;Taubaté;0;79;1;0;2552610;2;30;11,7527;30;0,2752;42,7014;109;2;109
2;2020-03-19;Taubaté;6;85;1;0;2552610;3;33;12,9279;16,5;0,2797;46,2272;59;9;118
2;2020-03-20;Taubaté;1;86;1;0;2552610;0;33;12,9279;16,5;0,2773;46,619;59,5;1;119
2;2020-03-21;Taubaté;0;86;1;0;2552610;1;34;13,3197;17;0,2833;47,0107;60;1;120
2;2020-03-22;Taubaté;2;88;1;0;2552610;0;34;13,3197;17;0,2787;47,7942;61;2;122
2;2020-03-23;Taubaté;4;92;1;0;2552610;1;35;13,7115;17,5;0,2756;49,753;63,5;5;127
2;2020-03-24;Taubaté;9;101;1;0;2552610;0;35;13,7115;17,5;0,2574;53,2788;68;9;136
5;2020-03-25;Taubaté;9;110;1;0;2552610;0;35;13,7115;7;0,2414;56,8046;29;9;145
5;2020-03-26;Taubaté;18;128;1;0;2552610;0;35;13,7115;7;0,2147;63,8562;32,6;18;163
7;2020-03-27;Taubaté;2;130;1;0;2552610;1;36;14,1032;5,1429;0,2169;65,0315;23,7143;3;166
7;2020-03-28;Taubaté;11;141;1;0;2552610;0;36;14,1032;5,1429;0,2034;69,3408;25,2857;11;177
7;2020-03-29;Taubaté;7;148;1;0;2552610;0;36;14,1032;5,1429;0,1957;72,0831;26,2857;7;184
8;2020-03-30;Taubaté;14;162;1;0;2552610;1;37;14,495;4,625;0,1859;77,9594;24,875;15;199
13;2020-03-31;Taubaté;22;184;1;0;2552610;0;37;14,495;2,8462;0,1674;86,5781;17;22;221
17;2020-04-01;Taubaté;16;200;1;1;2552610;0;37;14,495;2,1765;0,1561;92,8461;13,9412;16;237
19;2020-04-02;Taubaté;22;222;1;0;2552610;1;38;14,8867;2;0,1462;101,8565;13,6842;23;260
25;2020-04-03;Taubaté;13;235;1;1;2552610;0;38;14,8867;1,52;0,1392;106,9494;10,92;13;273
31;2020-04-04;Taubaté;31;266;1;1;2552610;0;38;14,8867;1,2258;0,125;119,0938;9,8065;31;304
37;2020-04-05;Taubaté;1;267;1;1;2552610;1;39;15,2785;1,0541;0,1275;119,8773;8,2703;2;306
57;2020-04-06;Taubaté;39;306;1;1;2552610;2;41;16,062;0,7193;0,1182;135,9393;6,0877;41;347
74;2020-04-07;Taubaté;81;387;1;3;2552610;4;45;17,629;0,6081;0,1042;169,2385;5,8378;85;432
94;2020-04-08;Taubaté;57;444;1;3;2552610;0;45;17,629;0,4787;0,092;191,5686;5,2021;57;489
102;2020-04-09;Taubaté;15;459;1;4;2552610;1;46;18,0208;0,451;0,0911;197,8367;4,951;16;505
107;2020-04-10;Taubaté;7;466;1;4;2552610;0;46;18,0208;0,4299;0,0898;200,579;4,785;7;512
108;2020-04-11;Taubaté;24;490;1;4;2552610;3;49;19,196;0,4537;0,0909;211,1564;4,9907;27;539
110;2020-04-12;Taubaté;66;556;1;4;2552610;2;51;19,9796;0,4636;0,084;237,7958;5,5182;68;607
114;2020-04-13;Taubaté;16;572;1;5;2552610;0;51;19,9796;0,4474;0,0819;244,0639;5,4649;16;623
120;2020-04-14;Taubaté;30;602;1;6;2552610;0;51;19,9796;0,425;0,0781;255,8166;5,4417;30;653
155;2020-04-15;Taubaté;51;653;1;8;2552610;3;54;21,1548;0,3484;0,0764;276,9714;4,5613;54;707
163;2020-04-16;Taubaté;97;750;1;10;2552610;4;58;22,7218;0,3558;0,0718;316,5388;4,9571;101;808
194;2020-04-17;Taubaté;67;817;1;10;2552610;7;65;25,4641;0,3351;0,0737;345,5287;4,5464;74;882
207;2020-04-18;Taubaté;52;869;1;10;2552610;1;66;25,8559;0,3188;0,0706;366,2918;4,5169;53;935
207;2020-04-19;Taubaté;96;965;1;10;2552610;14;80;31,3405;0,3865;0,0766;409,3849;5,0483;110;1045
209;2020-04-20;Taubaté;166;1131;1;10;2552610;31;111;43,4849;0,5311;0,0894;486,5608;5,9426;197;1242
216;2020-04-21;Taubaté;63;1194;1;10;2552610;15;126;49,3612;0,5833;0,0955;517,1178;6,1111;78;1320
230;2020-04-22;Taubaté;76;1270;1;10;2552610;14;140;54,8458;0,6087;0,0993;552,3758;6,1304;90;1410
236;2020-04-23;Taubaté;125;1395;1;13;2552610;8;148;57,9799;0,6271;0,0959;604,4793;6,5381;133;1543
260;2020-04-24;Taubaté;76;1471;1;14;2552610;8;156;61,1139;0,6;0,0959;637,3868;6,2577;84;1627
286;2020-04-25;Taubaté;28;1499;1;14;2552610;3;159;62,2892;0,5559;0,0959;649,5313;5,7972;31;1658
298;2020-04-26;Taubaté;42;1541;1;14;2552610;3;162;63,4645;0,5436;0,0951;667,1603;5,7148;45;1703
357;2020-04-27;Taubaté;37;1578;1;19;2552610;1;163;63,8562;0,4566;0,0936;682,047;4,8768;38;1741
377;2020-04-28;Taubaté;17;1595;1;25;2552610;7;170;66,5985;0,4509;0,0963;691,4491;4,6817;24;1765
399;2020-04-29;Taubaté;27;1622;1;25;2552610;8;178;69,7325;0,4461;0,0989;705,1606;4,5113;35;1800
422;2020-04-30;Taubaté;69;1691;1;25;2552610;1;179;70,1243;0,4242;0,0957;732,5835;4,4313;70;1870
450;2020-05-01;Taubaté;68;1759;1;27;2552610;7;186;72,8666;0,4133;0,0956;761,9652;4,3222;75;1945
507;2020-05-02;Taubaté;68;1827;1;28;2552610;5;191;74,8254;0,3767;0,0946;790,5634;3,9803;73;2018
519;2020-05-03;Taubaté;44;1871;1;28;2552610;5;196;76,7842;0,3776;0,0948;809,7594;3,9827;49;2067
523;2020-05-04;Taubaté;28;1899;1;28;2552610;7;203;79,5264;0,3881;0,0966;823,4709;4,0191;35;2102
556;2020-05-05;Taubaté;32;1931;1;33;2552610;13;216;84,6193;0,3885;0,1006;841,0999;3,8615;45;2147
626;2020-05-06;Taubaté;33;1964;1;34;2552610;7;223;87,3616;0,3562;0,102;856,7701;3,4936;40;2187
664;2020-05-07;Taubaté;105;2069;1;35;2552610;17;240;94,0214;0,3614;0,1039;904,5643;3,4774;122;2309
697;2020-05-08;Taubaté;70;2139;1;36;2552610;16;256;100,2895;0,3673;0,1069;938,2554;3,4362;86;2395
795;2020-05-09;Taubaté;18;2157;1;39;2552610;1;257;100,6813;0,3233;0,1065;945,6987;3,0365;19;2414
798;2020-05-10;Taubaté;62;2219;1;39;2552610;26;283;110,8669;0,3546;0,1131;980,1732;3,1353;88;2502
801;2020-05-11;Taubaté;5;2224;1;39;2552610;1;284;111,2587;0,3546;0,1132;982,5238;3,1311;6;2508
860;2020-05-12;Taubaté;12;2236;1;40;2552610;4;288;112,8257;0,3349;0,1141;988,7919;2,9349;16;2524
935;2020-05-13;Taubaté;31;2267;1;41;2552610;12;300;117,5268;0,3209;0,1169;1005,6374;2,7455;43;2567
1025;2020-05-14;Taubaté;78;2345;1;41;2552610;13;313;122,6196;0,3054;0,1178;1041,2872;2,5932;91;2658
1066;2020-05-15;Taubaté;87;2432;1;44;2552610;31;344;134,764;0,3227;0,1239;1087,5143;2,6041;118;2776
1110;2020-05-16;Taubaté;79;2511;1;45;2552610;48;392;153,5683;0,3532;0,135;1137,2673;2,6153;127;2903
1135;2020-05-17;Taubaté;35;2546;1;46;2552610;4;396;155,1353;0,3489;0,1346;1152,5458;2,5921;39;2942
1175;2020-05-18;Taubaté;35;2581;1;46;2552610;4;400;156,7024;0,3404;0,1342;1167,8243;2,537;39;2981
1228;2020-05-19;Taubaté;25;2606;1;55;2552610;5;405;158,6611;0,3298;0,1345;1179,577;2,452;30;3011
1372;2020-05-20;Taubaté;106;2712;1;59;2552610;39;444;173,9396;0,3236;0,1407;1236,3816;2,3003;145;3156
1453;2020-05-21;Taubaté;87;2799;1;61;2552610;38;482;188,8263;0,3317;0,1469;1285,3511;2,2581;125;3281
1502;2020-05-22;Taubaté;6;2805;1;63;2552610;3;485;190,0016;0,3229;0,1474;1288,8769;2,1904;9;3290
1589;2020-05-23;Taubaté;153;2958;1;63;2552610;52;537;210,3729;0,3379;0,1536;1369,1868;2,1995;205;3495
1613;2020-05-24;Taubaté;12;2970;1;63;2552610;4;541;211,9399;0,3354;0,1541;1375,4549;2,1767;16;3511
1662;2020-05-25;Taubaté;67;3037;1;63;2552610;26;567;222,1256;0,3412;0,1573;1411,8882;2,1685;93;3604
1715;2020-05-26;Taubaté;84;3121;1;63;2552610;55;622;243,6722;0,3627;0,1662;1466,3423;2,1825;139;3743
1787;2020-05-27;Taubaté;39;3160;1;65;2552610;6;628;246,0227;0,3514;0,1658;1483,9713;2,1198;45;3788
1929;2020-05-28;Taubaté;25;3185;1;69;2552610;21;649;254,2496;0,3364;0,1693;1501,9921;1,9876;46;3834
1997;2020-05-29;Taubaté;101;3286;1;74;2552610;36;685;268,3528;0,343;0,1725;1555,6626;1,9885;137;3971
2112;2020-05-30;Taubaté;69;3355;1;79;2552610;36;721;282,456;0,3414;0,1769;1596,797;1,9299;105;4076
2145;2020-05-31;Taubaté;63;3418;1;79;2552610;37;758;296,951;0,3534;0,1815;1635,9726;1,9469;100;4176
2163;2020-06-01;Taubaté;28;3446;1;80;2552610;18;776;304,0026;0,3588;0,1838;1653,9934;1,9519;46;4222
2310;2020-06-02;Taubaté;24;3470;1;86;2552610;3;779;305,1778;0,3372;0,1833;1664,5708;1,8394;27;4249
2392;2020-06-03;Taubaté;133;3603;1;90;2552610;63;842;329,8585;0,352;0,1894;1741,3549;1,8583;196;4445
2528;2020-06-04;Taubaté;75;3678;1;97;2552610;32;874;342,3946;0,3457;0,192;1783,2728;1,8006;107;4552
2602;2020-06-05;Taubaté;161;3839;1;102;2552610;89;963;377,2609;0,3701;0,2005;1881,2118;1,8455;250;4802
2739;2020-06-06;Taubaté;102;3941;1;106;2552610;47;1010;395,6734;0,3687;0,204;1939,5834;1,8076;149;4951
2826;2020-06-07;Taubaté;9;3950;1;106;2552610;25;1035;405,4673;0,3662;0,2076;1952,9031;1,764;34;4985
2872;2020-06-08;Taubaté;51;4001;1;106;2552610;6;1041;407,8179;0,3625;0,2065;1975,2332;1,7556;57;5042
3024;2020-06-09;Taubaté;166;4167;1;117;2552610;103;1144;448,1687;0,3783;0,2154;2080,6155;1,7563;269;5311
3145;2020-06-10;Taubaté;75;4242;1;123;2552610;47;1191;466,5813;0,3787;0,2192;2128,4097;1,7275;122;5433
3343;2020-06-11;Taubaté;97;4339;1;127;2552610;38;1229;481,468;0,3676;0,2207;2181,2968;1,6656;135;5568
3413;2020-06-12;Taubaté;65;4404;1;131;2552610;52;1281;501,8393;0,3753;0,2253;2227,1322;1,6657;117;5685
3493;2020-06-13;Taubaté;53;4457;1;131;2552610;47;1328;520,2518;0,3802;0,2296;2266,3078;1,6562;100;5785
3566;2020-06-14;Taubaté;3;4460;1;132;2552610;2;1330;521,0353;0,373;0,2297;2268,2666;1,6237;5;5790
0;2020-02-05;Estado de São Paulo;14;14;1;0;45919049;4;4;0,0871;;0,2222;0,392;;18;18
0;2020-02-06;Estado de São Paulo;9;23;1;0;45919049;2;6;0,1307;;0,2069;0,6315;;11;29
0;2020-02-07;Estado de São Paulo;12;35;1;0;45919049;4;10;0,2178;;0,2222;0,98;;16;45
0;2020-02-08;Estado de São Paulo;12;47;1;0;45919049;4;14;0,3049;;0,2295;1,3284;;16;61
0;2020-02-09;Estado de São Paulo;12;59;1;0;45919049;4;18;0,392;;0,2338;1,6769;;16;77
0;2020-02-10;Estado de São Paulo;7;66;1;0;45919049;4;22;0,4791;;0,25;1,9164;;11;88
0;2020-02-11;Estado de São Paulo;7;73;1;0;45919049;4;26;0,5662;;0,2626;2,156;;11;99
0;2020-02-12;Estado de São Paulo;9;82;1;0;45919049;5;31;0,6751;;0,2743;2,4609;;14;113
0;2020-02-13;Estado de São Paulo;8;90;1;0;45919049;4;35;0,7622;;0,28;2,7222;;12;125
0;2020-02-14;Estado de São Paulo;10;100;1;0;45919049;6;41;0,8929;;0,2908;3,0706;;16;141
0;2020-02-15;Estado de São Paulo;10;110;1;0;45919049;6;47;1,0235;;0,2994;3,4191;;16;157
0;2020-02-16;Estado de São Paulo;10;120;1;0;45919049;6;53;1,1542;;0,3064;3,7675;;16;173
0;2020-02-17;Estado de São Paulo;12;132;1;0;45919049;6;59;1,2849;;0,3089;4,1595;;18;191
0;2020-02-18;Estado de São Paulo;9;141;1;0;45919049;3;62;1,3502;;0,3054;4,4208;;12;203
0;2020-02-19;Estado de São Paulo;3;144;1;0;45919049;7;69;1,5026;;0,3239;4,6386;;10;213
0;2020-02-20;Estado de São Paulo;5;149;1;0;45919049;5;74;1,6115;;0,3318;4,8564;;10;223
0;2020-02-21;Estado de São Paulo;5;154;1;0;45919049;5;79;1,7204;;0,3391;5,0741;;10;233
0;2020-02-22;Estado de São Paulo;5;159;1;0;45919049;5;84;1,8293;;0,3457;5,2919;;10;243
0;2020-02-23;Estado de São Paulo;5;164;1;0;45919049;5;89;1,9382;;0,3518;5,5097;;10;253
0;2020-02-24;Estado de São Paulo;4;168;1;0;45919049;4;93;2,0253;;0,3563;5,6839;;8;261
1;2020-02-25;Estado de São Paulo;3;171;1;0;45919049;6;99;2,156;99;0,3667;5,8799;270;9;270
1;2020-02-26;Estado de São Paulo;3;174;1;0;45919049;6;105;2,2866;105;0,3763;6,0759;279;9;279
1;2020-02-27;Estado de São Paulo;6;180;1;0;45919049;6;111;2,4173;111;0,3814;6,3372;291;12;291
2;2020-02-28;Estado de São Paulo;20;200;1;0;45919049;27;138;3,0053;69;0,4083;7,3608;169;47;338
2;2020-02-29;Estado de São Paulo;20;220;1;0;45919049;27;165;3,5933;82,5;0,4286;8,3843;192,5;47;385
2;2020-03-01;Estado de São Paulo;20;240;1;0;45919049;27;192;4,1813;96;0,4444;9,4079;216;47;432
2;2020-03-02;Estado de São Paulo;71;311;1;0;45919049;26;218;4,7475;109;0,4121;11,5203;264,5;97;529
2;2020-03-03;Estado de São Paulo;50;361;1;0;45919049;16;234;5,0959;117;0,3933;12,9576;297,5;66;595
3;2020-03-04;Estado de São Paulo;41;402;1;0;45919049;21;255;5,5533;85;0,3881;14,3078;219;62;657
6;2020-03-05;Estado de São Paulo;50;452;1;0;45919049;20;275;5,9888;45,8333;0,3783;15,8322;121,1667;70;727
6;2020-03-06;Estado de São Paulo;81;533;1;0;45919049;33;308;6,7075;51,3333;0,3662;18,3148;140,1667;114;841
13;2020-03-07;Estado de São Paulo;82;615;1;0;45919049;33;341;7,4261;26,2308;0,3567;20,8192;73,5385;115;956
16;2020-03-08;Estado de São Paulo;27;642;1;0;45919049;9;350;7,6221;21,875;0,3528;21,6032;62;36;992
16;2020-03-09;Estado de São Paulo;95;737;1;0;45919049;31;381;8,2972;23,8125;0,3408;24,3472;69,875;126;1118
19;2020-03-10;Estado de São Paulo;81;818;1;0;45919049;28;409;8,907;21,5263;0,3333;26,7209;64,5789;109;1227
30;2020-03-11;Estado de São Paulo;84;902;1;0;45919049;25;434;9,4514;14,4667;0,3249;29,0947;44,5333;109;1336
46;2020-03-12;Estado de São Paulo;67;969;1;0;45919049;29;463;10,083;10,0652;0,3233;31,1853;31,1304;96;1432
46;2020-03-13;Estado de São Paulo;80;1049;1;0;45919049;24;487;10,6056;10,587;0,3171;33,4502;33,3913;104;1536
65;2020-03-14;Estado de São Paulo;61;1110;1;0;45919049;22;509;11,0847;7,8308;0,3144;35,2577;24,9077;83;1619
65;2020-03-15;Estado de São Paulo;98;1208;1;0;45919049;33;542;11,8034;8,3385;0,3097;38,1105;26,9231;131;1750
152;2020-03-16;Estado de São Paulo;90;1298;1;0;45919049;32;574;12,5003;3,7763;0,3066;40,7674;12,3158;122;1872
164;2020-03-17;Estado de São Paulo;122;1420;1;1;45919049;37;611;13,306;3,7256;0,3008;44,23;12,3841;159;2031
241;2020-03-18;Estado de São Paulo;100;1520;1;3;45919049;21;632;13,7634;2,6224;0,2937;46,8651;8,9295;121;2152
282;2020-03-19;Estado de São Paulo;128;1648;1;5;45919049;28;660;14,3731;2,3404;0,286;50,2624;8,1844;156;2308
337;2020-03-20;Estado de São Paulo;101;1749;1;9;45919049;31;691;15,0482;2,0504;0,2832;53,137;7,2404;132;2440
337;2020-03-21;Estado de São Paulo;77;1826;1;9;45919049;52;743;16,1806;2,2047;0,2892;55,9463;7,6231;129;2569
337;2020-03-22;Estado de São Paulo;163;1989;1;9;45919049;7;750;16,3331;2,2255;0,2738;59,6484;8,1276;170;2739
337;2020-03-23;Estado de São Paulo;125;2114;1;9;45919049;18;768;16,7251;2,2789;0,2665;62,7626;8,5519;143;2882
337;2020-03-24;Estado de São Paulo;248;2362;1;9;45919049;20;788;17,1606;2,3383;0,2502;68,599;9,3472;268;3150
819;2020-03-25;Estado de São Paulo;75;2437;1;48;45919049;15;803;17,4873;0,9805;0,2478;70,559;3,956;90;3240
1016;2020-03-26;Estado de São Paulo;452;2889;1;57;45919049;22;825;17,9664;0,812;0,2221;80,8815;3,6555;474;3714
1179;2020-03-27;Estado de São Paulo;341;3230;1;67;45919049;44;869;18,9246;0,7371;0,212;89,2658;3,4767;385;4099
1179;2020-03-28;Estado de São Paulo;292;3522;1;67;45919049;18;887;19,3166;0,7523;0,2012;96,0168;3,7396;310;4409
1179;2020-03-29;Estado de São Paulo;196;3718;1;67;45919049;50;937;20,4055;0,7947;0,2013;101,3741;3,9483;246;4655
1470;2020-03-30;Estado de São Paulo;477;4195;1;112;45919049;40;977;21,2766;0,6646;0,1889;112,633;3,5184;517;5172
2286;2020-03-31;Estado de São Paulo;357;4552;1;135;45919049;23;1000;21,7775;0,4374;0,1801;120,9084;2,4287;380;5552
2922;2020-04-01;Estado de São Paulo;335;4887;1;164;45919049;33;1033;22,4961;0,3535;0,1745;128,9225;2,026;368;5920
3431;2020-04-02;Estado de São Paulo;513;5400;1;188;45919049;71;1104;24,0423;0,3218;0,1697;141,6406;1,8957;584;6504
3979;2020-04-03;Estado de São Paulo;290;5690;1;219;45919049;99;1203;26,1983;0,3023;0,1745;150,112;1,7323;389;6893
4390;2020-04-04;Estado de São Paulo;451;6141;1;260;45919049;24;1227;26,7209;0,2795;0,1665;160,4563;1,6784;475;7368
4547;2020-04-05;Estado de São Paulo;285;6426;1;275;45919049;36;1263;27,5049;0,2778;0,1643;167,4468;1,691;321;7689
4791;2020-04-06;Estado de São Paulo;1015;7441;1;304;45919049;136;1399;30,4667;0,292;0,1583;192,5127;1,8451;1151;8840
5605;2020-04-07;Estado de São Paulo;1208;8649;1;371;45919049;156;1555;33,8639;0,2774;0,1524;222,2171;1,8205;1364;10204
6622;2020-04-08;Estado de São Paulo;955;9604;1;428;45919049;138;1693;36,8692;0,2557;0,1499;246,0199;1,706;1093;11297
7390;2020-04-09;Estado de São Paulo;1030;10634;1;495;45919049;184;1877;40,8763;0,254;0,15;272,4577;1,693;1214;12511
8123;2020-04-10;Estado de São Paulo;824;11458;1;540;45919049;25;1902;41,4207;0,2341;0,1424;290,9468;1,6447;849;13360
8340;2020-04-11;Estado de São Paulo;500;11958;1;560;45919049;45;1947;42,4007;0,2335;0,14;302,8155;1,6673;545;13905
8668;2020-04-12;Estado de São Paulo;529;12487;1;588;45919049;75;2022;44,034;0,2333;0,1394;315,9691;1,6739;604;14509
8805;2020-04-13;Estado de São Paulo;678;13165;1;608;45919049;131;2153;46,8869;0,2445;0,1406;333,587;1,7397;809;15318
9280;2020-04-14;Estado de São Paulo;1142;14307;1;695;45919049;286;2439;53,1152;0,2628;0,1456;364,6853;1,8045;1428;16746
10951;2020-04-15;Estado de São Paulo;1203;15510;1;778;45919049;330;2769;60,3018;0,2529;0,1515;398,0701;1,6692;1533;18279
11505;2020-04-16;Estado de São Paulo;1917;17427;1;853;45919049;489;3258;70,9509;0,2832;0,1575;450,4666;1,7979;2406;20685
12778;2020-04-17;Estado de São Paulo;1961;19388;1;928;45919049;317;3575;77,8544;0,2798;0,1557;500,0757;1,7971;2278;22963
13831;2020-04-18;Estado de São Paulo;1625;21013;1;991;45919049;325;3900;84,9321;0,282;0,1565;542,5417;1,8012;1950;24913
14204;2020-04-19;Estado de São Paulo;2303;23316;1;1015;45919049;838;4738;103,1816;0,3336;0,1689;610,9447;1,9751;3141;28054
14517;2020-04-20;Estado de São Paulo;2420;25736;1;1037;45919049;1219;5957;129,7283;0,4103;0,188;690,1929;2,1832;3639;31693
15322;2020-04-21;Estado de São Paulo;2247;27983;1;1093;45919049;825;6782;147,6947;0,4426;0,1951;757,0932;2,269;3072;34765
15851;2020-04-22;Estado de São Paulo;1974;29957;1;1134;45919049;829;7611;165,7482;0,4802;0,2026;818,1354;2,3701;2803;37568
16677;2020-04-23;Estado de São Paulo;1787;31744;1;1345;45919049;797;8408;183,1048;0,5042;0,2094;874,4084;2,4076;2584;40152
17763;2020-04-24;Estado de São Paulo;1275;33019;1;1512;45919049;610;9018;196,3891;0,5077;0,2145;915,4589;2,3665;1885;42037
19941;2020-04-25;Estado de São Paulo;792;33811;1;1667;45919049;264;9282;202,1383;0,4655;0,2154;938,4558;2,161;1056;43093
20652;2020-04-26;Estado de São Paulo;846;34657;1;1700;45919049;371;9653;210,2178;0,4674;0,2179;964,959;2,1456;1217;44310
21696;2020-04-27;Estado de São Paulo;1046;35703;1;1825;45919049;673;10326;224,874;0,4759;0,2243;1002,3945;2,1215;1719;46029
24041;2020-04-28;Estado de São Paulo;955;36658;1;2049;45919049;555;10881;236,9605;0,4526;0,2289;1035,2784;1,9774;1510;47539
26158;2020-04-29;Estado de São Paulo;967;37625;1;2247;45919049;450;11331;246,7603;0,4332;0,2315;1066,1371;1,8715;1417;48956
28698;2020-04-30;Estado de São Paulo;1440;39065;1;2375;45919049;593;11924;259,6744;0,4155;0,2339;1110,4106;1,7767;2033;50989
30374;2020-05-01;Estado de São Paulo;1264;40329;1;2511;45919049;688;12612;274,6573;0,4152;0,2382;1152,9202;1,743;1952;52941
31174;2020-05-02;Estado de São Paulo;772;41101;1;2586;45919049;342;12954;282,1051;0,4155;0,2396;1177,1803;1,734;1114;54055
31772;2020-05-03;Estado de São Paulo;622;41723;1;2627;45919049;273;13227;288,0504;0,4163;0,2407;1196,6711;1,7295;895;54950
32187;2020-05-04;Estado de São Paulo;949;42672;1;2654;45919049;457;13684;298,0027;0,4251;0,2428;1227,2902;1,7509;1406;56356
34053;2020-05-05;Estado de São Paulo;1017;43689;1;2851;45919049;631;14315;311,7443;0,4204;0,2468;1263,1795;1,7033;1648;58004
37853;2020-05-06;Estado de São Paulo;1090;44779;1;3045;45919049;712;15027;327,2498;0,397;0,2513;1302,4224;1,58;1802;59806
39928;2020-05-07;Estado de São Paulo;1372;46151;1;3206;45919049;930;15957;347,5028;0,3996;0,2569;1352,5541;1,5555;2302;62108
41830;2020-05-08;Estado de São Paulo;1131;47282;1;3416;45919049;654;16611;361,7453;0,3971;0,26;1391,4269;1,5274;1785;63893
44404;2020-05-09;Estado de São Paulo;622;47904;1;3608;45919049;354;16965;369,4545;0,3821;0,2615;1412,6817;1,4609;976;64869
45437;2020-05-10;Estado de São Paulo;640;48544;1;3709;45919049;429;17394;378,797;0,3828;0,2638;1435,9618;1,4512;1069;65938
46124;2020-05-11;Estado de São Paulo;1251;49795;1;3743;45919049;458;17852;388,7711;0,387;0,2639;1473,1795;1,4666;1709;67647
47681;2020-05-12;Estado de São Paulo;727;50522;1;3949;45919049;365;18217;396,7199;0,3821;0,265;1496,9604;1,4416;1092;68739
51057;2020-05-13;Estado de São Paulo;944;51466;1;4118;45919049;382;18599;405,0389;0,3643;0,2655;1525,8373;1,3723;1326;70065
54243;2020-05-14;Estado de São Paulo;1024;52490;1;4315;45919049;332;18931;412,269;0,349;0,2651;1555,3676;1,3167;1356;71421
58330;2020-05-15;Estado de São Paulo;1108;53598;1;4501;45919049;530;19461;423,811;0,3336;0,2664;1591,039;1,2525;1638;73059
61131;2020-05-16;Estado de São Paulo;983;54581;1;4688;45919049;635;20096;437,6397;0,3287;0,2691;1626,275;1,2216;1618;74677
62292;2020-05-17;Estado de São Paulo;793;55374;1;4782;45919049;268;20364;443,4761;0,3269;0,2689;1649,3808;1,2159;1061;75738
63012;2020-05-18;Estado de São Paulo;793;56167;1;4823;45919049;268;20632;449,3124;0,3274;0,2686;1672,4867;1,2188;1061;76799
65941;2020-05-19;Estado de São Paulo;1135;57302;1;5147;45919049;572;21204;461,7691;0,3216;0,2701;1709,6608;1,1905;1707;78506
69803;2020-05-20;Estado de São Paulo;1155;58457;1;5363;45919049;543;21747;473,5943;0,3115;0,2711;1746,639;1,149;1698;80204
73683;2020-05-21;Estado de São Paulo;1003;59460;1;5558;45919049;490;22237;484,2653;0,3018;0,2722;1779,1527;1,1088;1493;81697
76815;2020-05-22;Estado de São Paulo;828;60288;1;5773;45919049;324;22561;491,3212;0,2937;0,2723;1804,2403;1,0786;1152;82849
80501;2020-05-23;Estado de São Paulo;886;61174;1;6045;45919049;497;23058;502,1445;0,2864;0,2737;1834,3585;1,0463;1383;84232
82103;2020-05-24;Estado de São Paulo;751;61925;1;6163;45919049;342;23400;509,5924;0,285;0,2742;1858,1613;1,0392;1093;85325
83566;2020-05-25;Estado de São Paulo;818;62743;1;6220;45919049;458;23858;519,5665;0,2855;0,2755;1885,9493;1,0363;1276;86601
85958;2020-05-26;Estado de São Paulo;1187;63930;1;6423;45919049;503;24361;530,5206;0,2834;0,2759;1922,7532;1,0271;1690;88291
89422;2020-05-27;Estado de São Paulo;1501;65431;1;6712;45919049;652;25013;544,7195;0,2797;0,2766;1969,6401;1,0114;2153;90444
95801;2020-05-28;Estado de São Paulo;986;66417;1;6980;45919049;480;25493;555,1726;0,2661;0,2774;2001,5658;0,9594;1466;91910
101482;2020-05-29;Estado de São Paulo;1371;67788;1;7275;45919049;546;26039;567,0631;0,2566;0,2775;2043,3132;0,9246;1917;93827
107066;2020-05-30;Estado de São Paulo;1362;69150;1;7532;45919049;594;26633;579,9989;0,2488;0,2781;2085,9099;0,8946;1956;95783
109622;2020-05-31;Estado de São Paulo;809;69959;1;7615;45919049;237;26870;585,1602;0,2451;0,2775;2108,6891;0,8833;1046;96829
111220;2020-06-01;Estado de São Paulo;953;70912;1;7667;45919049;517;27387;596,4191;0,2462;0,2786;2140,702;0,8838;1470;98299
118216;2020-06-02;Estado de São Paulo;1364;72276;1;7994;45919049;608;27995;609,6598;0,2368;0,2792;2183,6471;0,8482;1972;100271
123404;2020-06-03;Estado de São Paulo;1412;73688;1;8276;45919049;973;28968;630,8493;0,2347;0,2822;2235,5864;0,8319;2385;102656
129120;2020-06-04;Estado de São Paulo;1105;74793;1;8561;45919049;735;29703;646,8557;0,23;0,2843;2275,6569;0,8093;1840;104496
134483;2020-06-05;Estado de São Paulo;1442;76235;1;8842;45919049;889;30592;666,2159;0,2275;0,2864;2326,4201;0,7944;2331;106827
140464;2020-06-06;Estado de São Paulo;1054;77289;1;9058;45919049;528;31120;677,7144;0,2216;0,2871;2360,8721;0,7718;1582;108409
142988;2020-06-07;Estado de São Paulo;633;77922;1;9145;45919049;489;31609;688,3636;0,2211;0,2886;2385,3064;0,766;1122;109531
144506;2020-06-08;Estado de São Paulo;953;78875;1;9188;45919049;476;32085;698,7296;0,222;0,2892;2416,4264;0,7679;1429;110960
150048;2020-06-09;Estado de São Paulo;1752;80627;1;9522;45919049;907;32992;718,4818;0,2199;0,2904;2474,3326;0,7572;2659;113619
156221;2020-06-10;Estado de São Paulo;1832;82459;1;9862;45919049;1171;34163;743,9832;0,2187;0,2929;2539,7303;0,7465;3003;116622
162419;2020-06-11;Estado de São Paulo;1416;83875;1;10145;45919049;747;34910;760,2509;0,2149;0,2939;2586,8349;0,7313;2163;118785
167798;2020-06-12;Estado de São Paulo;1525;85400;1;10368;45919049;958;35868;781,1137;0,2138;0,2958;2640,9084;0,7227;2483;121268
172772;2020-06-13;Estado de São Paulo;1032;86432;1;10581;45919049;599;36467;794,1584;0,2111;0,2967;2676,4274;0,7113;1631;122899
178099;2020-06-14;Estado de São Paulo;276;86708;1;10694;45919049;239;36706;799,3632;0,2061;0,2974;2687,6428;0,693;515;123414
